4096 8465 0
2
66
2 4
68
4 6
70
6 8
72
8 10
74
10 12
13 76
12 14
78
14 16
80
16 18
82
18 20
84
20 22
86
22 24
88
24 26
90
26 28
92
28 30
94
30 32
31 96
32 34
98
34 36
100
36 38
102
38 40
104
40 42
106
42 44
108
44 46
110
46 48
112
48 50
114
50 52
116
52 54
118
54 56
120
56 58
122
58 60
124
60 62
126
62 64
128
1 66 129
65 67
3 131
67 69
5 133
69 71
7 135
71 73
9 137
73 75
11 76 139
75 77
13 141
77 79
15 143
79 81
17 145
81 83
19 147
83 85
21 149
85 87
23 151
87 89
25 153
89 91
27 92 155
91 93
29 157
93 95
31 159
95 97
33 161
97 99
35 163
99 101
37 165
101 103
39 167
40 103 105
41 169
105 107
43 171
107 109
45 173
109 111
47 175
111 113
49 177
50 113 115
51 179
115 117
53 181
117 119
55 183
119 121
57 185
121 123
59 122 187
123 125 188
61 189
125 127
63 191
127 192
130
66 194
130 132
68 131 196
132 134
70 198
134 136
72 200
136 138
74 202
138 140
76 139 204
140 142
78 206
142 144
80 208
144 146
82 210
146 148
84 212
148 150
86 214
150 152 215
88 216
152 154
90 218
154 156
92 220
156 158
94 222
158 160
96 159 161 224
160 162
98 226
162 164
100 228
164 166
102 230
166 168
104 232
168 170
106 234
170 172
108 171 236
172 174
110 173 238
111 174 176
112 240
176 178
114 242
178 180
116 244
180 182
118 246
182 184 247
120 248
184 186
122 250
186 188
124 252
188 190
126 254
190 192
128 256
129 257
193 195
131 259
195 197
133 261
197 199
135 263
199 201
137 200 265
201 203
139 267
203 205
141 269
205 207
143 271
207 209
145 273
209 211
147 275
211 213
149 277
213 215
151 279
152 215 217
153 281
217 219
155 283
219 221
157 285
221 223
159 287
223 225
161 289
225 227
163 291
227 229
165 293
229 231
167 295
231 233
169 297
233 235
171 299
235 237
173 301
237 239
175 303
239 241
177 305
241 243
179 307
243 245 308
181 309
245 247
183 311
247 249
185 313
249 251
187 315
251 253
189 317
253 255
191 254 319
255
258
194 322
258 260
196 324
260 262
198 326
262 264
200 328
264 266
202 330
266 268
204 269 332
268 270
206 334
270 272 335
208 336
272 274
210 338
274 276
212 340
276 278
214 342
278 280
216 279 344
280 282
218 346
282 284 347
220 348
284 286
222 350
286 288
224 352
288 290
226 289 354
290 292
228 356
292 294
230 358
294 296
232 360
233 296 298
234 362
298 300
236 364
300 302
238 366
302 304
240 368
304 306 369
242 370
306 308
244 372
308 310
246 374
310 312
248 376
312 314
250 378
314 316
252 380
316 318
254 382
318 320
256 384
257 385
321 323
259 324 387
323 325
261 389
325 327
263 391
327 329
265 393
329 331
267 395
268 331 333
269 397
333 335
271 399
335 337
273 401
337 339
275 403
339 341
277 405
341 343
279 407
343 345
281 409
345 347
283 411
347 349
285 413
349 351
287 350 415
351 353
289 417
353 355
291 419
355 357
293 421
357 359
295 423
359 361
297 362 425
361 363
299 427
363 365
301 429
302 365 367
303 431
367 369
305 433
369 371
307 435
371 373
309 437
373 375
311 439
312 375 377
313 441
377 379
315 443
379 381
317 445
381 383
319 382 447
383 448
386
322 387 450
386 388
324 452
388 390
326 389 454
390 392
328 456
392 394
330 458
394 396
332 460
396 398
334 462
398 400
336 464
400 402
338 466
402 404
340 468
404 406
342 470
406 408
344 472
408 410
346 474
410 412
348 476
412 414
350 478
414 416
352 415 480
416 418
354 482
418 420
356 484
357 420 422
358 486
422 424
360 488
424 426
362 427 490
426 428
364 429 492
428 430
366 494
430 432
368 496
369 432 434
370 498
434 436
372 500
436 438
374 502
438 440
376 504
440 442
378 506
442 444
380 508
444 446 509
382 510
446 448
384 512
385 513
449 451
387 515
451 453
389 517
453 455
391 519
455 457
393 521
457 459
395 523
459 461
397 525
461 463
399 527
463 465
401 529
465 467
403 531
467 469
405 533
469 471
407 535
471 473
409 537
410 473 475
411 539
475 477 540
413 541
477 479
415 543
479 481
417 545
481 483
419 547
483 485
421 549
485 487
423 551
487 489
425 553
489 491
427 555
491 493
429 557
493 495 558
431 496 559
495 497
433 561
497 499
435 563
499 501
437 565
501 503
439 567
503 505
441 569
505 507
443 571
507 509
445 573
509 511
447 575
511 576
514
450 578
514 516
452 580
516 518
454 582
518 520
456 584
520 522
458 586
522 524 587
460 588
524 526
462 590
526 528
464 592
528 530
466 594
467 530 532
468 596
532 534
470 598
534 536
472 600
536 538
474 602
538 540
476 604
540 542
478 606
542 544
480 608
544 546
482 610
546 548
484 612
548 550
486 614
550 552
488 616
552 554
490 618
554 556
492 620
556 558
494 622
558 560
496 624
560 562
498 626
562 564
500 628
564 566
502 630
566 568
504 632
568 570
506 634
570 572
508 636
572 574
510 638
574 576
512 640
513 641
577 579
515 643
579 581
517 645
581 583
519 647
583 585
521 649
585 587
523 586 651
587 589
525 653
589 591
527 655
528 591 593
529 657
593 595
531 659
595 597
533 661
597 599
535 663
536 599 601
537 665
601 603
539 604 667
603 605
541 669
605 607
543 606 671
607 609
545 673
546 609 611
547 675
611 613
549 677
613 615
551 679
615 617
553 681
617 619
555 683
619 621
557 685
621 623
559 687
623 625
561 689
625 627
563 691
627 629
565 693
629 631
567 630 695
631 633
569 697
633 635
571 699
635 637
573 701
637 639
575 703
639
642
578 706
642 644
580 708
644 646
582 710
646 648
584 712
648 650
586 651 714
650 652
588 716
589 652 654
590 718
654 656
592 720
656 658
594 722
658 660
596 724
660 662
598 726
662 664
600 728
664 666
602 730
666 668
604 732
668 670
606 671 734
670 672
608 736
672 674
610 738
674 676
612 740
676 678
614 742
678 680
616 744
680 682
618 746
682 684
620 685 748
684 686
622 750
686 688
624 752
688 690
626 754
690 692
628 756
692 694
630 758
694 696
632 760
696 698
634 762
698 700
636 764
700 702
638 766
702 704
640 768
641 769
705 707
643 706 771
707 709
645 773
709 711
647 775
711 713
649 777
713 715
651 779
715 717
653 781
717 719
655 783
719 721
657 785
721 723
659 787
723 725
661 789
725 727
663 728 791
727 729
665 728 793
729 731
667 795
731 733
669 797
733 735
671 799
735 737
673 801
737 739
675 803
739 741
677 805
741 743
679 807
743 745
681 809
745 747
683 811
747 749
685 813
749 751
687 815
751 753
689 817
753 755
691 819
755 757
693 821
757 759
695 823
759 761
697 825
761 763
699 827
763 765
701 829
765 767
703 831
767
770
706 834
770 772
708 836
772 774
710 838
774 776
712 840
776 778
714 842
778 780
716 844
780 782
718 846
782 784
720 848
784 786 849
722 850
786 788
724 852
788 790
726 854
790 792
728 856
792 794
730 858
794 796
732 860
796 798
734 862
798 800
736 864
800 802
738 866
802 804
740 805 868
804 806
742 870
806 808
744 872
745 808 810
746 811 874
810 812
748 876
812 814
750 878
814 816
752 880
816 818
754 882
818 820
756 884
820 822
758 821 886
822 824
760 888
824 826
762 890
826 828
764 892
828 830
766 894
830 832
768 896
769 897
833 835
771 899
835 837
773 901
837 839
775 903
839 841
777 905
841 843
779 907
843 845
781 909
845 847
783 911
847 849
785 913
849 851
787 915
851 853
789 917
853 855
791 856 919
855 857
793 858 921
857 859
795 923
859 861
797 925
861 863
799 927
863 865
801 929
865 867
803 931
867 869
805 933
869 871
807 935
871 873
809 937
873 875
811 939
875 877
813 941
877 879
815 943
879 881
817 945
881 883
819 947
883 885
821 949
885 887
823 888 951
887 889 952
825 953
889 891
827 955
891 893
829 957
893 895
831 959
895
898
834 962
898 900
836 964
900 902 965
838 966
902 904
840 968
904 906
842 970
906 908
844 972
908 910
846 974
910 912
848 976
912 914
850 978
914 916
852 980
916 918
854 982
918 920 983
856 984
920 922
858 986
922 924
860 988
924 926
862 990
926 928
864 992
928 930
866 994
930 932
868 996
932 934
870 998
934 936
872 1000
936 938
874 1002
938 940
876 1004
940 942
878 1006
942 944
880 1008
944 946
882 1010
946 948
884 1012
948 950
886 1014
887 950 952
888 1016
952 954
890 1018
954 956
892 1020
893 956 958
894 1022
958 960
896 1024
897 1025
961 963
899 1027
963 965
901 1029
965 967
903 1031
967 969
905 1033
969 971
907 1035
971 973
909 1037
973 975
911 1039
975 977
913 1041
977 979
915 1043
979 981
917 982 1045
918 981 983 1046
919 984 1047
983 985
921 1049
985 987
923 1051
987 989
925 988 1053
989 991
927 1055
991 993
929 1057
993 995
931 1059
995 997
933 1061
997 999
935 1063
999 1001
937 1065
1001 1003
939 1067
1003 1005
941 1006 1069
1005 1007
943 1008 1071
1007 1009
945 1073
1009 1011
947 1075
1011 1013
949 1077
1013 1015
951 1079
1015 1017
953 1081
1017 1019
955 1083
1019 1021
957 1085
1021 1023
959 1087
1023
1026
962 1090
1026 1028
964 1092
1028 1030
966 1094
1030 1032
968 1096
1032 1034
970 1098
1034 1036
972 1100
1036 1038
974 1102
1038 1040
976 1104
1040 1042
978 1106
1042 1044
980 1108
1044 1046
982 1110
1046 1048
984 1112
1048 1050
986 1114
1050 1052
988 1116
1052 1054
990 1118
1054 1056
992 1120
1056 1058
994 1122
995 1058 1060
996 1124
1060 1062
998 1126
1062 1064
1000 1128
1064 1066
1002 1067 1130
1066 1068
1004 1132
1068 1070
1006 1134
1070 1072 1135
1008 1136
1072 1074
1010 1138
1074 1076
1012 1140
1076 1078 1141
1014 1142
1078 1080
1016 1144
1080 1082
1018 1146
1082 1084
1020 1148
1084 1086
1022 1150
1086 1088
1024 1152
1025 1153
1089 1091
1027 1090 1155
1091 1093
1029 1157
1093 1095
1031 1159
1095 1097
1033 1161
1097 1099
1035 1163
1099 1101
1037 1165
1101 1103
1039 1167
1103 1105
1041 1169
1105 1107
1043 1171
1107 1109
1045 1173
1109 1111
1047 1175
1111 1113
1049 1177
1113 1115
1051 1116 1179
1115 1117
1053 1181
1117 1119
1055 1183
1119 1121
1057 1185
1121 1123
1059 1122 1187
1123 1125
1061 1189
1125 1127
1063 1191
1127 1129
1065 1193
1129 1131
1067 1195
1068 1131 1133
1069 1197
1133 1135 1198
1071 1199
1135 1137
1073 1201
1137 1139
1075 1203
1076 1139 1141
1077 1205
1141 1143
1079 1207
1143 1145
1081 1209
1145 1147
1083 1211
1147 1149
1085 1213
1149 1151
1087 1215
1151
1154
1090 1218
1154 1156
1092 1220
1156 1158
1094 1222
1158 1160
1096 1224
1160 1162
1098 1226
1162 1164
1100 1228
1164 1166
1102 1230
1166 1168 1231
1104 1232
1168 1170
1106 1234
1170 1172
1108 1236
1172 1174
1110 1238
1174 1176
1112 1240
1176 1178
1114 1242
1178 1180
1116 1244
1180 1182 1245
1118 1183 1246
1182 1184
1120 1248
1184 1186
1122 1250
1186 1188
1124 1252
1188 1190
1126 1254
1190 1192
1128 1256
1192 1194
1130 1258
1194 1196
1132 1260
1196 1198
1134 1262
1198 1200
1136 1201 1264
1200 1202
1138 1266
1202 1204
1140 1268
1204 1206
1142 1270
1206 1208 1271
1144 1272
1208 1210
1146 1274
1210 1212
1148 1213 1276
1212 1214
1150 1278
1214 1216
1152 1280
1153 1281
1217 1219
1155 1283
1219 1221
1157 1285
1221 1223
1159 1287
1223 1225
1161 1289
1225 1227
1163 1291
1227 1229
1165 1293
1229 1231
1167 1295
1231 1233
1169 1297
1233 1235
1171 1299
1235 1237
1173 1301
1237 1239
1175 1303
1239 1241
1177 1305
1241 1243
1179 1244 1307
1243 1245
1181 1309
1245 1247
1183 1311
1247 1249
1185 1250 1313
1249 1251
1187 1315
1251 1253
1189 1317
1253 1255
1191 1256 1319
1255 1257
1193 1321
1257 1259
1195 1323
1259 1261 1324
1197 1260 1325
1261 1263 1326
1199 1327
1263 1265
1201 1264 1329
1265 1267
1203 1331
1267 1269
1205 1333
1269 1271
1207 1335
1271 1273
1209 1337
1273 1275
1211 1339
1275 1277
1213 1341
1277 1279
1215 1343
1279
1282
1218 1346
1282 1284
1220 1348
1284 1286
1222 1350
1286 1288
1224 1352
1288 1290
1226 1354
1290 1292 1355
1228 1293 1356
1292 1294
1230 1358
1294 1296
1232 1360
1296 1298
1234 1362
1298 1300
1236 1299 1364
1300 1302
1238 1366
1302 1304
1240 1368
1304 1306
1242 1305 1307 1370
1243 1306 1308
1244 1372
1308 1310
1246 1309 1311 1374
1310 1312 1375
1248 1376
1312 1314
1250 1378
1314 1316
1252 1380
1316 1318
1254 1382
1318 1320
1256 1384
1320 1322
1258 1386
1322 1324
1260 1388
1324 1326
1262 1390
1326 1328
1264 1392
1328 1330
1266 1394
1267 1330 1332
1268 1396
1332 1334
1270 1398
1271 1334 1336
1272 1400
1336 1338
1274 1402
1338 1340
1276 1404
1340 1342
1278 1406
1342 1344
1280 1408
1281 1409
1345 1347
1283 1411
1347 1349
1285 1348 1413
1349 1351
1287 1415
1351 1353
1289 1354 1417
1353 1355
1291 1419
1355 1357
1293 1421
1357 1359
1295 1423
1359 1361
1297 1425
1361 1363
1299 1427
1363 1365
1301 1429
1365 1367
1303 1431
1367 1369
1305 1433
1369 1371
1307 1435
1371 1373
1309 1437
1373 1375
1311 1439
1375 1377
1313 1441
1377 1379
1315 1443
1379 1381
1317 1445
1318 1381 1383
1319 1447
1383 1385
1321 1449
1385 1387
1323 1451
1387 1389
1325 1453
1389 1391
1327 1455
1391 1393
1329 1457
1393 1395
1331 1459
1395 1397
1333 1461
1397 1399
1335 1463
1399 1401
1337 1465
1401 1403
1339 1467
1403 1405
1341 1469
1405 1407
1343 1471
1407
1410
1346 1474
1410 1412
1348 1476
1412 1414
1350 1478
1414 1416
1352 1480
1416 1418
1354 1482
1418 1420
1356 1419 1484
1420 1422
1358 1486
1422 1424
1360 1488
1424 1426
1362 1490
1426 1428 1491
1364 1492
1428 1430
1366 1494
1430 1432
1368 1496
1432 1434
1370 1498
1434 1436
1372 1500
1436 1438
1374 1502
1438 1440
1376 1504
1440 1442
1378 1506
1442 1444
1380 1508
1444 1446
1382 1510
1446 1448
1384 1512
1448 1450
1386 1514
1450 1452
1388 1516
1452 1454
1390 1518
1454 1456
1392 1520
1456 1458
1394 1457 1522
1395 1458 1460
1396 1524
1460 1462
1398 1526
1462 1464
1400 1528
1401 1464 1466
1402 1530
1466 1468
1404 1532
1468 1470
1406 1534
1470 1472
1408 1536
1409 1537
1473 1475
1411 1539
1475 1477
1413 1541
1477 1479
1415 1543
1479 1481
1417 1545
1481 1483
1419 1547
1483 1485
1421 1549
1485 1487
1423 1486 1551
1487 1489
1425 1553
1489 1491
1427 1555
1491 1493
1429 1557
1493 1495
1431 1559
1432 1495 1497
1433 1561
1497 1499
1435 1498 1563
1499 1501
1437 1565
1501 1503
1439 1567
1503 1505
1441 1506 1569
1505 1507
1443 1571
1507 1509
1445 1573
1509 1511
1447 1575
1511 1513
1449 1577
1513 1515
1451 1579
1515 1517
1453 1581
1517 1519
1455 1583
1519 1521
1457 1585
1521 1523
1459 1587
1523 1525
1461 1589
1525 1527
1463 1591
1527 1529
1465 1593
1529 1531
1467 1595
1531 1533
1469 1597
1533 1535
1471 1599
1535
1538 1601
1474 1602
1538 1540
1476 1604
1540 1542
1478 1606
1542 1544
1480 1608
1544 1546
1482 1610
1546 1548
1484 1549 1612
1485 1548 1550
1486 1614
1550 1552
1488 1616
1552 1554
1490 1618
1554 1556
1492 1620
1556 1558
1494 1622
1558 1560
1496 1624
1560 1562
1498 1626
1562 1564
1500 1628
1564 1566
1502 1630
1566 1568
1504 1632
1568 1570
1506 1634
1507 1570 1572
1508 1636
1572 1574 1637
1510 1638
1574 1576
1512 1640
1576 1578
1514 1642
1578 1580
1516 1644
1580 1582
1518 1646
1582 1584
1520 1648
1584 1586
1522 1650
1586 1588
1524 1652
1588 1590
1526 1654
1590 1592
1528 1656
1592 1594
1530 1658
1594 1596
1532 1660
1533 1596 1598
1534 1662
1598 1600
1536 1664
1537 1665
1601 1603
1539 1667
1603 1605
1541 1669
1605 1607
1543 1671
1607 1609
1545 1673
1609 1611 1674
1547 1675
1611 1613
1549 1677
1613 1615
1551 1679
1615 1617
1553 1681
1617 1619
1555 1683
1619 1621
1557 1685
1621 1623
1559 1687
1623 1625
1561 1689
1625 1627
1563 1691
1627 1629
1565 1693
1566 1629 1631
1567 1695
1631 1633
1569 1697
1633 1635
1571 1699
1635 1637
1573 1701
1574 1637 1639
1575 1638 1703
1639 1641
1577 1642 1705
1641 1643 1706
1579 1707
1643 1645
1581 1646 1709
1645 1647
1583 1711
1647 1649
1585 1713
1649 1651 1714
1587 1652 1715
1588 1651 1653
1589 1717
1653 1655
1591 1719
1655 1657
1593 1721
1657 1659
1595 1723
1659 1661
1597 1725
1661 1663
1599 1727
1663
1666
1602 1730
1666 1668
1604 1732
1668 1670
1606 1734
1670 1672
1608 1673 1736
1672 1674
1610 1738
1674 1676
1612 1740
1676 1678
1614 1742
1678 1680
1616 1744
1680 1682
1618 1746
1682 1684
1620 1748
1684 1686
1622 1750
1686 1688
1624 1752
1688 1690
1626 1754
1690 1692
1628 1756
1692 1694
1630 1758
1694 1696
1632 1760
1696 1698
1634 1762
1698 1700
1636 1764
1700 1702
1638 1766
1702 1704
1640 1768
1704 1706
1642 1770
1706 1708
1644 1772
1708 1710
1646 1774
1710 1712
1648 1776
1712 1714
1650 1713 1778
1714 1716
1652 1780
1716 1718
1654 1782
1718 1720
1656 1784
1720 1722
1658 1786
1722 1724
1660 1788
1724 1726
1662 1790
1726 1728
1664 1792
1665 1793
1729 1731
1667 1795
1731 1733
1669 1797
1733 1735
1671 1799
1735 1737
1673 1801
1737 1739
1675 1803
1739 1741
1677 1805
1741 1743
1679 1807
1743 1745
1681 1809
1745 1747
1683 1811
1747 1749
1685 1813
1749 1751
1687 1815
1751 1753
1689 1817
1753 1755
1691 1756 1819
1755 1757
1693 1821
1757 1759
1695 1823
1759 1761
1697 1825
1761 1763
1699 1827
1763 1765
1701 1829
1765 1767
1703 1831
1767 1769
1705 1833
1769 1771
1707 1835
1771 1773
1709 1837
1773 1775
1711 1839
1775 1777 1840
1713 1841
1714 1777 1779
1715 1843
1779 1781
1717 1845
1781 1783
1719 1782 1847
1783 1785
1721 1849
1785 1787 1850
1723 1851
1787 1789
1725 1853
1789 1791
1727 1855
1791
1794
1730 1858
1794 1796
1732 1860
1796 1798
1734 1862
1798 1800
1736 1864
1800 1802
1738 1866
1802 1804
1740 1868
1804 1806
1742 1870
1806 1808
1744 1872
1808 1810 1873
1746 1874
1810 1812
1748 1876
1812 1814
1750 1878
1814 1816
1752 1880
1816 1818
1754 1882
1818 1820
1756 1884
1820 1822
1758 1886
1822 1824 1887
1760 1888
1824 1826
1762 1890
1826 1828
1764 1892
1828 1830
1766 1894
1830 1832
1768 1896
1832 1834
1770 1835 1898
1834 1836
1772 1900
1836 1838
1774 1902
1775 1838 1840
1776 1904
1840 1842
1778 1906
1842 1844 1907
1780 1908
1844 1846
1782 1910
1846 1848
1784 1912
1848 1850 1913
1786 1914
1850 1852
1788 1916
1852 1854
1790 1853 1918
1854 1856
1792 1920
1793 1921
1857 1859
1795 1923
1859 1861
1797 1925
1861 1863 1926
1799 1927
1863 1865
1801 1929
1865 1867
1803 1866 1931
1867 1869
1805 1870 1933
1869 1871
1807 1935
1871 1873
1809 1937
1873 1875
1811 1939
1875 1877
1813 1941
1877 1879
1815 1943
1879 1881
1817 1945
1881 1883 1946
1819 1947
1883 1885
1821 1949
1885 1887
1823 1951
1887 1889
1825 1953
1889 1891
1827 1955
1891 1893
1829 1957
1893 1895
1831 1959
1895 1897
1833 1961
1897 1899
1835 1963
1836 1899 1901
1837 1965
1901 1903
1839 1967
1903 1905
1841 1969
1905 1907
1843 1971
1907 1909
1845 1973
1909 1911
1847 1975
1911 1913
1849 1977
1913 1915
1851 1979
1915 1917
1853 1981
1917 1919
1855 1983
1919
1922
1858 1986
1922 1924
1860 1988
1924 1926
1862 1925 1990
1926 1928
1864 1992
1928 1930
1866 1994
1930 1932
1868 1931 1933 1996
1932 1934
1870 1998
1934 1936
1872 2000
1936 1938
1874 2002
1938 1940
1876 2004
1940 1942
1878 2006
1942 1944
1880 2008
1881 1944 1946
1882 2010
1946 1948
1884 2012
1948 1950
1886 2014
1950 1952
1888 2016
1889 1952 1954
1890 2018
1891 1954 1956
1892 1955 2020
1956 1958
1894 2022
1895 1958 1960
1896 2024
1960 1962
1898 2026
1962 1964
1900 2028
1964 1966 2029
1902 2030
1966 1968
1904 2032
1968 1970
1906 2034
1907 1970 1972
1908 2036
1972 1974
1910 2038
1974 1976
1912 2040
1976 1978
1914 2042
1978 1980
1916 1981 2044
1980 1982
1918 2046
1982 1984
1920 2048
1921 2049
1985 1987
1923 2051
1987 1989
1925 2053
1989 1991
1927 2055
1991 1993
1929 2057
1993 1995
1931 2059
1995 1997
1933 2061
1997 1999
1935 2000 2063
1999 2001
1937 2065
2001 2003
1939 2067
2003 2005
1941 2069
2005 2007
1943 2071
2007 2009 2072
1945 2073
2009 2011
1947 2012 2075
2011 2013
1949 2077
2013 2015
1951 2079
2015 2017
1953 2081
2017 2019
1955 2083
2019 2021
1957 2085
2021 2023
1959 2087
2023 2025
1961 2089
2025 2027
1963 2091
2027 2029
1965 2093
2029 2031
1967 2095
2031 2033
1969 2097
2033 2035
1971 2099
2035 2037
1973 2101
2037 2039
1975 2103
1976 2039 2041
1977 2105
2041 2043
1979 2107
2043 2045
1981 2109
2045 2047
1983 2111
2047
2050
1986 2114
2050 2052
1988 2116
2052 2054
1990 2053 2118
2054 2056
1992 2120
2056 2058
1994 2122
2058 2060
1996 2124
2060 2062
1998 2126
2062 2064
2000 2128
2064 2066
2002 2130
2066 2068
2004 2132
2068 2070
2006 2134
2070 2072
2008 2136
2072 2074
2010 2138
2074 2076
2012 2140
2076 2078
2014 2142
2078 2080
2016 2144
2080 2082
2018 2146
2082 2084
2020 2148
2084 2086
2022 2150
2086 2088
2024 2152
2088 2090
2026 2154
2090 2092
2028 2156
2092 2094
2030 2158
2094 2096
2032 2160
2096 2098
2034 2162
2098 2100
2036 2164
2100 2102
2038 2166
2102 2104
2040 2105 2168
2104 2106
2042 2170
2106 2108
2044 2107 2172
2108 2110
2046 2174
2110 2112
2048 2176
2049 2114 2177
2113 2115
2051 2179
2115 2117
2053 2181
2117 2119
2055 2183
2056 2119 2121
2057 2185
2121 2123
2059 2187
2123 2125
2061 2189
2125 2127
2063 2191
2127 2129
2065 2193
2129 2131
2067 2195
2131 2133
2069 2197
2133 2135
2071 2199
2135 2137
2073 2201
2137 2139
2075 2138 2203
2139 2141
2077 2205
2141 2143
2079 2207
2143 2145
2081 2209
2145 2147
2083 2211
2147 2149
2085 2213
2149 2151
2087 2215
2151 2153
2089 2217
2153 2155
2091 2219
2155 2157
2093 2158 2221
2157 2159
2095 2223
2159 2161
2097 2162 2225
2161 2163
2099 2227
2163 2165
2101 2229
2165 2167
2103 2231
2167 2169
2105 2233
2169 2171
2107 2235
2171 2173
2109 2237
2173 2175
2111 2239
2175
2178
2114 2242
2178 2180
2116 2181 2244
2180 2182
2118 2246
2182 2184
2120 2185 2248
2184 2186
2122 2250
2186 2188 2251
2124 2252
2188 2190
2126 2254
2190 2192
2128 2256
2192 2194
2130 2258
2194 2196
2132 2260
2196 2198
2134 2262
2198 2200 2263
2136 2264
2200 2202
2138 2266
2202 2204
2140 2268
2204 2206
2142 2270
2206 2208
2144 2272
2208 2210
2146 2274
2210 2212
2148 2211 2276
2212 2214
2150 2278
2214 2216
2152 2280
2216 2218 2281
2154 2282
2218 2220
2156 2219 2284
2220 2222
2158 2286
2222 2224
2160 2225 2288
2224 2226
2162 2290
2226 2228
2164 2292
2228 2230
2166 2294
2230 2232
2168 2296
2232 2234
2170 2298
2234 2236
2172 2300
2236 2238
2174 2237 2302
2238 2240
2176 2304
2177 2305
2241 2243
2179 2307
2243 2245
2181 2309
2245 2247
2183 2311
2184 2247 2249
2185 2313
2249 2251
2187 2315
2251 2253
2189 2317
2253 2255
2191 2319
2255 2257 2320
2193 2321
2257 2259
2195 2323
2259 2261
2197 2325
2261 2263
2199 2327
2263 2265
2201 2264 2329
2265 2267
2203 2268 2331
2267 2269
2205 2333
2206 2269 2271
2207 2335
2271 2273
2209 2337
2273 2275
2211 2339
2275 2277
2213 2341
2277 2279
2215 2343
2279 2281 2344
2217 2345
2281 2283
2219 2347
2283 2285
2221 2349
2285 2287
2223 2286 2351
2287 2289
2225 2353
2289 2291
2227 2355
2291 2293
2229 2357
2293 2295
2231 2296 2359
2295 2297
2233 2361
2297 2299
2235 2363
2299 2301
2237 2365
2301 2303
2239 2367
2303
2306
2242 2370
2306 2308
2244 2372
2308 2310
2246 2374
2310 2312
2248 2376
2312 2314 2377
2250 2378
2314 2316 2379
2252 2315 2380
2316 2318
2254 2382
2318 2320
2256 2384
2320 2322 2385
2258 2386
2322 2324
2260 2388
2324 2326
2262 2390
2326 2328
2264 2392
2328 2330 2393
2266 2394
2330 2332
2268 2396
2332 2334
2270 2398
2334 2336
2272 2400
2336 2338
2274 2402
2338 2340
2276 2404
2340 2342
2278 2406
2342 2344
2280 2408
2344 2346
2282 2345 2347 2410
2346 2348
2284 2412
2348 2350
2286 2414
2350 2352
2288 2416
2352 2354
2290 2418
2354 2356
2292 2420
2356 2358
2294 2422
2358 2360
2296 2424
2360 2362
2298 2426
2362 2364
2300 2428
2364 2366
2302 2430
2366 2368
2304 2432
2305 2433
2369 2371
2307 2435
2371 2373
2309 2437
2373 2375
2311 2439
2375 2377
2313 2441
2377 2379 2442
2315 2443
2379 2381
2317 2445
2318 2381 2383 2446
2319 2447
2383 2385
2321 2449
2385 2387
2323 2451
2387 2389
2325 2453
2389 2391
2327 2455
2391 2393
2329 2457
2393 2395
2331 2459
2395 2397 2460
2333 2461
2397 2399
2335 2463
2399 2401
2337 2465
2401 2403
2339 2467
2403 2405
2341 2469
2342 2405 2407
2343 2471
2407 2409
2345 2473
2409 2411
2347 2410 2475
2411 2413
2349 2477
2413 2415
2351 2479
2415 2417
2353 2416 2481
2417 2419
2355 2483
2419 2421
2357 2485
2421 2423
2359 2487
2423 2425 2488
2361 2489
2425 2427
2363 2491
2427 2429
2365 2493
2429 2431
2367 2495
2431
2434
2370 2498
2434 2436
2372 2500
2436 2438
2374 2502
2438 2440
2376 2504
2440 2442
2378 2443 2506
2442 2444
2380 2508
2444 2446 2509
2382 2510
2446 2448
2384 2512
2448 2450 2513
2386 2514
2450 2452
2388 2516
2452 2454
2390 2518
2454 2456 2519
2392 2520
2456 2458
2394 2522
2458 2460 2523
2396 2524
2460 2462
2398 2526
2462 2464
2400 2528
2464 2466
2402 2530
2466 2468
2404 2532
2468 2470
2406 2534
2470 2472
2408 2536
2472 2474
2410 2538
2474 2476
2412 2475 2540
2476 2478
2414 2542
2478 2480
2416 2544
2480 2482
2418 2546
2482 2484
2420 2548
2484 2486
2422 2550
2486 2488
2424 2552
2488 2490
2426 2554
2490 2492 2555
2428 2556
2492 2494
2430 2493 2558
2494 2496
2432 2495 2560
2433 2561
2497 2499
2435 2563
2499 2501
2437 2565
2501 2503
2439 2502 2567
2503 2505
2441 2569
2505 2507
2443 2571
2507 2509
2445 2573
2509 2511
2447 2575
2511 2513
2449 2577
2513 2515
2451 2579
2515 2517
2453 2581
2517 2519
2455 2583
2519 2521
2457 2585
2521 2523
2459 2587
2523 2525
2461 2589
2525 2527
2463 2591
2527 2529
2465 2593
2529 2531
2467 2595
2531 2533
2469 2534 2597
2533 2535
2471 2599
2535 2537
2473 2601
2537 2539
2475 2603
2539 2541
2477 2605
2541 2543
2479 2607
2543 2545
2481 2609
2545 2547
2483 2611
2547 2549
2485 2613
2549 2551
2487 2615
2551 2553
2489 2617
2553 2555
2491 2619
2555 2557
2493 2621
2557 2559 2622
2495 2623
2559
2497 2562
2498 2626
2562 2564
2500 2563 2628
2564 2566
2502 2630
2566 2568
2504 2632
2568 2570
2506 2569 2634
2570 2572
2508 2636
2572 2574
2510 2638
2574 2576
2512 2575 2640
2576 2578
2514 2577 2642
2578 2580
2516 2579 2644
2580 2582
2518 2646
2582 2584
2520 2648
2584 2586
2522 2650
2586 2588
2524 2652
2588 2590
2526 2654
2590 2592
2528 2656
2529 2592 2594
2530 2658
2594 2596
2532 2660
2596 2598
2534 2662
2598 2600
2536 2664
2537 2600 2602
2538 2666
2602 2604
2540 2668
2604 2606
2542 2670
2606 2608
2544 2672
2608 2610
2546 2674
2610 2612
2548 2676
2612 2614
2550 2678
2614 2616
2552 2615 2680
2616 2618
2554 2682
2618 2620
2556 2684
2620 2622
2558 2686
2622 2624
2560 2688
2561 2689
2625 2627
2563 2691
2627 2629
2565 2693
2629 2631
2567 2695
2631 2633
2569 2634 2697
2633 2635
2571 2699
2635 2637
2573 2701
2637 2639
2575 2703
2639 2641
2577 2705
2641 2643
2579 2707
2643 2645
2581 2709
2645 2647
2583 2711
2647 2649
2585 2713
2649 2651
2587 2652 2715
2651 2653
2589 2717
2653 2655
2591 2719
2655 2657
2593 2721
2657 2659
2595 2723
2596 2659 2661
2597 2725
2661 2663
2599 2727
2663 2665
2601 2729
2665 2667
2603 2668 2731
2604 2667 2669
2605 2733
2669 2671
2607 2735
2608 2671 2673
2609 2737
2673 2675
2611 2739
2612 2675 2677
2613 2741
2677 2679
2615 2743
2679 2681
2617 2745
2681 2683
2619 2747
2683 2685
2621 2749
2685 2687
2623 2751
2687
2690
2626 2754
2690 2692
2628 2756
2692 2694
2630 2758
2694 2696
2632 2760
2696 2698
2634 2762
2698 2700
2636 2764
2700 2702
2638 2766
2702 2704
2640 2768
2704 2706 2769
2642 2770
2706 2708
2644 2772
2645 2708 2710
2646 2774
2710 2712
2648 2776
2712 2714
2650 2778
2651 2714 2716
2652 2780
2716 2718
2654 2782
2718 2720
2656 2784
2720 2722
2658 2786
2659 2722 2724 2787
2660 2788
2724 2726
2662 2790
2726 2728
2664 2792
2728 2730
2666 2794
2730 2732
2668 2796
2732 2734
2670 2798
2734 2736
2672 2800
2736 2738
2674 2737 2802
2738 2740
2676 2804
2740 2742
2678 2806
2742 2744
2680 2808
2744 2746
2682 2810
2746 2748
2684 2812
2748 2750
2686 2814
2750 2752
2688 2751 2816
2689 2817
2753 2755
2691 2819
2755 2757
2693 2821
2757 2759
2695 2823
2759 2761
2697 2762 2825
2761 2763
2699 2827
2763 2765
2701 2829
2765 2767
2703 2831
2767 2769 2832
2705 2833
2769 2771
2707 2835
2771 2773
2709 2837
2773 2775
2711 2839
2775 2777
2713 2841
2777 2779
2715 2843
2779 2781
2717 2845
2781 2783
2719 2847
2783 2785
2721 2849
2785 2787
2723 2851
2724 2787 2789 2852
2725 2853
2789 2791
2727 2855
2791 2793
2729 2792 2857
2793 2795
2731 2859
2795 2797
2733 2861
2797 2799
2735 2863
2799 2801
2737 2865
2801 2803 2866
2739 2867
2803 2805
2741 2869
2805 2807
2743 2871
2807 2809
2745 2873
2809 2811
2747 2875
2811 2813
2749 2812 2877
2813 2815
2751 2879
2815 2880
2818
2754 2882
2755 2818 2820
2756 2884
2820 2822
2758 2886
2822 2824
2760 2888
2824 2826
2762 2890
2826 2828
2764 2892
2828 2830
2766 2894
2830 2832 2895
2768 2896
2832 2834
2770 2898
2834 2836
2772 2900
2836 2838
2774 2902
2838 2840
2776 2904
2840 2842
2778 2906
2842 2844
2780 2908
2844 2846
2782 2847 2910
2846 2848
2784 2912
2848 2850
2786 2914
2850 2852
2788 2916
2852 2854
2790 2918
2854 2856
2792 2920
2856 2858
2794 2922
2858 2860
2796 2924
2860 2862
2798 2926
2862 2864
2800 2928
2864 2866
2802 2930
2866 2868
2804 2932
2868 2870
2806 2934
2870 2872
2808 2871 2936
2809 2872 2874
2810 2938
2874 2876
2812 2940
2876 2878
2814 2942
2878 2880
2816 2944
2817 2945
2881 2883
2819 2947
2883 2885
2821 2949
2885 2887
2823 2951
2887 2889
2825 2890 2953
2889 2891 2954
2827 2955
2891 2893
2829 2957
2893 2895
2831 2959
2895 2897
2833 2961
2897 2899
2835 2900 2963
2899 2901
2837 2965
2901 2903
2839 2967
2903 2905
2841 2969
2905 2907
2843 2971
2907 2909
2845 2973
2909 2911
2847 2975
2911 2913 2976
2849 2977
2913 2915
2851 2916 2979
2915 2917
2853 2981
2917 2919
2855 2983
2919 2921
2857 2985
2921 2923
2859 2987
2923 2925
2861 2989
2925 2927
2863 2991
2927 2929
2865 2993
2929 2931
2867 2995
2931 2933
2869 2997
2933 2935
2871 2999
2935 2937
2873 3001
2937 2939
2875 2938 3003
2939 2941 3004
2877 3005
2941 2943
2879 3007
2943
2946
2882 3010
2946 2948
2884 3012
2948 2950
2886 3014
2950 2952
2888 3016
2952 2954
2890 3018
2954 2956
2892 3020
2956 2958
2894 3022
2958 2960
2896 2961 3024
2960 2962
2898 3026
2962 2964
2900 3028
2964 2966
2902 3030
2966 2968
2904 3032
2968 2970
2906 3034
2970 2972
2908 2971 3036
2972 2974 3037
2910 3038
2974 2976
2912 3040
2976 2978
2914 3042
2978 2980
2916 3044
2980 2982
2918 2983 3046
2982 2984
2920 3048
2984 2986 3049
2922 3050
2986 2988
2924 3052
2988 2990
2926 3054
2990 2992
2928 3056
2992 2994
2930 3058
2994 2996
2932 2995 3060
2933 2996 2998
2934 3062
2998 3000
2936 3064
3000 3002 3065
2938 3066
3002 3004
2940 3068
3004 3006
2942 3070
3006 3008
2944 3072
2945 3073
3009 3011
2947 3075
3011 3013
2949 3012 3077
2950 3013 3015 3078
2951 3014 3079
3015 3017
2953 3081
3017 3019
2955 3083
3019 3021
2957 3085
3021 3023
2959 3087
3023 3025
2961 3089
3025 3027
2963 3091
3027 3029
2965 3093
3029 3031
2967 3095
3031 3033
2969 3097
3033 3035 3098
2971 3099
3035 3037
2973 3101
3037 3039
2975 3103
3039 3041
2977 3105
3041 3043
2979 3107
3043 3045
2981 3109
3045 3047
2983 3111
3047 3049
2985 3113
3049 3051
2987 3115
3051 3053
2989 3117
3053 3055
2991 3054 3119
3055 3057
2993 3121
3057 3059
2995 3123
3059 3061
2997 3125
3061 3063
2999 3127
3063 3065
3001 3129
3065 3067
3003 3131
3067 3069
3005 3070 3133
3069 3071
3007 3135
3071
3074
3010 3138
3074 3076
3012 3140
3076 3078
3014 3142
3078 3080
3016 3144
3017 3080 3082
3018 3146
3082 3084
3020 3148
3084 3086
3022 3150
3086 3088
3024 3152
3088 3090
3026 3154
3090 3092
3028 3156
3092 3094
3030 3158
3094 3096
3032 3160
3096 3098
3034 3162
3098 3100
3036 3164
3100 3102
3038 3166
3102 3104
3040 3168
3104 3106
3042 3170
3106 3108
3044 3172
3108 3110
3046 3174
3047 3110 3112
3048 3176
3112 3114
3050 3113 3178
3114 3116
3052 3180
3116 3118
3054 3117 3182
3118 3120
3056 3184
3057 3120 3122
3058 3186
3122 3124
3060 3188
3124 3126
3062 3190
3126 3128
3064 3129 3192
3128 3130
3066 3194
3067 3130 3132
3068 3196
3132 3134
3070 3198
3134 3136
3072 3200
3073 3201
3137 3139
3075 3138 3203
3139 3141
3077 3205
3141 3143
3079 3207
3143 3145
3081 3209
3145 3147
3083 3211
3147 3149
3085 3213
3149 3151
3087 3215
3151 3153
3089 3217
3153 3155
3091 3154 3219
3155 3157
3093 3221
3157 3159 3222
3095 3223
3159 3161
3097 3225
3161 3163
3099 3227
3163 3165
3101 3229
3165 3167
3103 3166 3231
3167 3169
3105 3233
3169 3171
3107 3235
3171 3173
3109 3237
3173 3175
3111 3239
3175 3177
3113 3241
3177 3179
3115 3243
3179 3181
3117 3245
3181 3183
3119 3247
3183 3185
3121 3249
3185 3187 3250
3123 3251
3187 3189
3125 3253
3126 3189 3191
3127 3255
3191 3193
3129 3257
3193 3195
3131 3259
3195 3197
3133 3261
3197 3199
3135 3263
3199
3202
3138 3266
3202 3204
3140 3268
3141 3204 3206 3269
3142 3270
3206 3208
3144 3272
3208 3210
3146 3274
3147 3210 3212
3148 3276
3212 3214
3150 3278
3214 3216
3152 3280
3153 3216 3218
3154 3282
3218 3220
3156 3284
3220 3222
3158 3286
3222 3224
3160 3223 3288
3224 3226
3162 3290
3226 3228
3164 3292
3228 3230
3166 3294
3230 3232
3168 3296
3232 3234
3170 3298
3234 3236
3172 3300
3236 3238
3174 3302
3238 3240
3176 3304
3240 3242
3178 3306
3242 3244 3307
3180 3308
3244 3246
3182 3310
3246 3248
3184 3249 3312
3248 3250
3186 3314
3250 3252
3188 3253 3316
3252 3254
3190 3318
3254 3256
3192 3320
3256 3258 3321
3194 3322
3258 3260
3196 3324
3260 3262
3198 3261 3326
3262 3264
3200 3328
3201 3329
3265 3267
3203 3331
3267 3269
3205 3333
3269 3271
3207 3335
3271 3273
3209 3337
3273 3275
3211 3339
3275 3277
3213 3341
3277 3279
3215 3343
3216 3279 3281
3217 3345
3281 3283
3219 3347
3283 3285
3221 3349
3222 3285 3287
3223 3351
3287 3289
3225 3353
3289 3291
3227 3292 3355
3291 3293
3229 3357
3293 3295
3231 3359
3295 3297
3233 3361
3297 3299
3235 3363
3299 3301
3237 3365
3301 3303
3239 3367
3303 3305 3368
3241 3369
3305 3307
3243 3371
3307 3309
3245 3373
3246 3309 3311
3247 3375
3311 3313
3249 3377
3313 3315
3251 3379
3252 3315 3317
3253 3381
3317 3319
3255 3383
3319 3321
3257 3385
3321 3323
3259 3387
3323 3325
3261 3389
3325 3327
3263 3391
3327
3330
3266 3394
3330 3332
3268 3396
3332 3334
3270 3398
3334 3336
3272 3400
3336 3338
3274 3402
3338 3340
3276 3404
3340 3342
3278 3341 3406
3279 3342 3344
3280 3408
3344 3346
3282 3347 3410
3346 3348
3284 3412
3348 3350
3286 3414
3350 3352
3288 3416
3352 3354
3290 3418
3354 3356
3292 3420
3356 3358
3294 3422
3358 3360
3296 3424
3360 3362
3298 3426
3362 3364
3300 3428
3364 3366
3302 3430
3366 3368
3304 3432
3368 3370
3306 3434
3370 3372
3308 3436
3372 3374
3310 3438
3374 3376
3312 3440
3376 3378
3314 3442
3378 3380
3316 3444
3380 3382
3318 3446
3382 3384
3320 3448
3384 3386
3322 3385 3450
3386 3388
3324 3452
3388 3390
3326 3454
3390 3392
3328 3456
3329 3457
3393 3395
3331 3459
3395 3397
3333 3461
3397 3399
3335 3463
3399 3401
3337 3465
3401 3403
3339 3467
3403 3405
3341 3469
3405 3407
3343 3471
3407 3409
3345 3473
3409 3411
3347 3475
3411 3413
3349 3412 3477
3413 3415
3351 3479
3415 3417
3353 3416 3481
3417 3419
3355 3483
3419 3421
3357 3485
3421 3423
3359 3487
3360 3423 3425
3361 3489
3425 3427
3363 3426 3491
3427 3429 3492
3365 3493
3429 3431
3367 3432 3495
3431 3433
3369 3497
3433 3435
3371 3499
3435 3437
3373 3501
3437 3439
3375 3503
3439 3441
3377 3505
3378 3441 3443
3379 3507
3380 3443 3445
3381 3509
3445 3447
3383 3511
3447 3449
3385 3513
3449 3451
3387 3515
3451 3453
3389 3517
3453 3455
3391 3519
3455
3458
3394 3522
3458 3460 3523
3396 3524
3460 3462
3398 3526
3462 3464 3527
3400 3528
3464 3466 3529
3402 3530
3466 3468
3404 3532
3468 3470
3406 3534
3470 3472
3408 3536
3472 3474
3410 3538
3474 3476
3412 3540
3476 3478
3414 3542
3478 3480
3416 3479 3544
3480 3482
3418 3546
3482 3484
3420 3548
3484 3486
3422 3550
3486 3488
3424 3552
3425 3488 3490
3426 3554
3490 3492
3428 3556
3492 3494
3430 3558
3494 3496
3432 3560
3496 3498
3434 3499 3562
3498 3500
3436 3564
3500 3502
3438 3501 3566
3502 3504
3440 3568
3504 3506
3442 3570
3506 3508
3444 3572
3508 3510
3446 3574
3510 3512
3448 3576
3512 3514
3450 3515 3578
3514 3516
3452 3580
3516 3518
3454 3582
3518 3520
3456 3584
3457 3585
3521 3523
3459 3587
3523 3525
3461 3589
3525 3527
3463 3591
3527 3529
3465 3593
3529 3531
3467 3595
3531 3533
3469 3597
3533 3535
3471 3599
3535 3537
3473 3601
3537 3539
3475 3603
3539 3541
3477 3605
3541 3543
3479 3607
3543 3545
3481 3609
3545 3547
3483 3611
3547 3549
3485 3613
3549 3551
3487 3615
3551 3553
3489 3617
3553 3555
3491 3554 3619
3555 3557
3493 3621
3557 3559
3495 3623
3559 3561
3497 3625
3561 3563
3499 3627
3563 3565
3501 3629
3565 3567
3503 3566 3631
3567 3569
3505 3633
3569 3571
3507 3635
3508 3571 3573
3509 3637
3573 3575
3511 3639
3575 3577
3513 3578 3641
3577 3579
3515 3643
3579 3581
3517 3645
3581 3583
3519 3647
3520 3583
3586
3522 3650
3586 3588
3524 3652
3588 3590
3526 3654
3590 3592
3528 3656
3592 3594
3530 3658
3594 3596
3532 3660
3596 3598
3534 3662
3598 3600
3536 3664
3600 3602
3538 3666
3602 3604
3540 3668
3604 3606
3542 3670
3606 3608
3544 3672
3608 3610
3546 3674
3610 3612
3548 3676
3612 3614
3550 3678
3614 3616
3552 3680
3616 3618
3554 3682
3618 3620
3556 3684
3620 3622
3558 3686
3622 3624
3560 3688
3624 3626
3562 3690
3626 3628
3564 3692
3628 3630
3566 3694
3630 3632
3568 3633 3696
3569 3632 3634
3570 3633 3698
3634 3636
3572 3637 3700
3636 3638
3574 3702
3638 3640
3576 3704
3640 3642
3578 3706
3642 3644
3580 3645 3708
3644 3646
3582 3645 3710
3646 3648
3584 3712
3585 3713
3649 3651
3587 3715
3651 3653
3589 3717
3653 3655
3591 3719
3655 3657
3593 3656 3721
3657 3659
3595 3723
3659 3661
3597 3725
3661 3663
3599 3727
3663 3665
3601 3729
3665 3667
3603 3731
3667 3669
3605 3733
3669 3671
3607 3735
3671 3673
3609 3737
3673 3675
3611 3739
3675 3677
3613 3741
3677 3679
3615 3743
3616 3679 3681
3617 3745
3681 3683
3619 3747
3683 3685
3621 3749
3685 3687
3623 3751
3687 3689
3625 3753
3626 3689 3691
3627 3690 3755
3691 3693
3629 3757
3693 3695
3631 3759
3695 3697
3633 3761
3697 3699
3635 3763
3699 3701
3637 3765
3701 3703
3639 3704 3767
3703 3705
3641 3769
3705 3707
3643 3771
3707 3709
3645 3773
3709 3711
3647 3775
3711
3714
3650 3778
3714 3716
3652 3717 3780
3716 3718
3654 3782
3718 3720
3656 3784
3720 3722
3658 3786
3722 3724
3660 3788
3724 3726 3789
3662 3727 3790
3726 3728
3664 3792
3728 3730
3666 3794
3730 3732
3668 3796
3732 3734
3670 3798
3734 3736
3672 3800
3736 3738
3674 3802
3738 3740
3676 3804
3740 3742
3678 3743 3806
3742 3744
3680 3808
3744 3746
3682 3810
3746 3748
3684 3812
3748 3750
3686 3749 3814
3750 3752
3688 3816
3752 3754
3690 3755 3818
3754 3756
3692 3820
3756 3758
3694 3822
3758 3760
3696 3824
3760 3762
3698 3826
3762 3764
3700 3763 3828
3764 3766
3702 3830
3766 3768 3831
3704 3832
3768 3770
3706 3834
3770 3772
3708 3773 3836
3772 3774
3710 3838
3774 3776
3712 3840
3713 3841
3777 3779 3842
3715 3843
3779 3781
3717 3845
3781 3783
3719 3847
3783 3785
3721 3849
3785 3787
3723 3786 3851
3787 3789
3725 3853
3789 3791
3727 3855
3791 3793
3729 3857
3793 3795
3731 3859
3795 3797
3733 3798 3861
3797 3799
3735 3863
3799 3801
3737 3865
3801 3803
3739 3804 3867
3803 3805
3741 3869
3805 3807
3743 3871
3807 3809
3745 3873
3809 3811
3747 3875
3811 3813
3749 3877
3813 3815
3751 3879
3815 3817
3753 3881
3817 3819
3755 3883
3819 3821
3757 3885
3821 3823
3759 3887
3823 3825
3761 3889
3825 3827
3763 3891
3827 3829
3765 3893
3829 3831
3767 3895
3831 3833
3769 3897
3833 3835
3771 3834 3899
3835 3837
3773 3901
3774 3837 3839
3775 3903
3839
3842
3778 3906
3842 3844
3780 3908
3844 3846
3782 3845 3910
3846 3848
3784 3912
3848 3850
3786 3914
3787 3850 3852
3788 3916
3852 3854
3790 3918
3791 3854 3856
3792 3920
3856 3858
3794 3922
3795 3858 3860
3796 3859 3924
3860 3862
3798 3926
3862 3864
3800 3928
3864 3866
3802 3930
3866 3868
3804 3932
3868 3870
3806 3934
3870 3872
3808 3871 3936
3872 3874
3810 3938
3874 3876
3812 3940
3876 3878
3814 3879 3942
3878 3880
3816 3879 3944
3880 3882
3818 3946
3882 3884
3820 3948
3884 3886
3822 3950
3886 3888
3824 3952
3888 3890
3826 3954
3890 3892
3828 3956
3892 3894
3830 3958
3894 3896
3832 3960
3896 3898
3834 3962
3898 3900
3836 3964
3900 3902 3965
3838 3903 3966
3902 3904
3840 3968
3841 3969
3905 3907
3843 3971
3907 3909
3845 3973
3909 3911
3847 3975
3911 3913
3849 3977
3913 3915
3851 3979
3915 3917
3853 3916 3981
3917 3919
3855 3983
3919 3921
3857 3922 3985
3921 3923
3859 3987
3923 3925
3861 3989
3925 3927 3990
3863 3991
3927 3929
3865 3993
3929 3931
3867 3995
3931 3933
3869 3997
3933 3935
3871 3999
3935 3937
3873 4001
3937 3939
3875 4003
3939 3941
3877 3942 4005
3941 3943
3879 4007
3943 3945
3881 3946 4009
3945 3947
3883 3946 4011
3947 3949 4012
3885 3948 4013
3949 3951
3887 4015
3951 3953
3889 4017
3953 3955
3891 4019
3955 3957
3893 4021
3957 3959
3895 4023
3896 3959 3961
3897 4025
3961 3963
3899 4027
3963 3965
3901 4029
3965 3967
3903 4031
3967
3970
3906 4034
3970 3972
3908 4036
3972 3974
3910 4038
3974 3976
3912 4040
3976 3978
3914 4042
3978 3980
3916 4044
3980 3982
3918 4046
3919 3982 3984
3920 4048
3984 3986
3922 4050
3986 3988
3924 4052
3988 3990
3926 4054
3990 3992
3928 4056
3929 3992 3994
3930 4058
3994 3996
3932 4060
3996 3998
3934 4062
3998 4000
3936 4064
4000 4002
3938 4066
4002 4004
3940 4068
4004 4006
3942 4005 4070
4006 4008
3944 4072
4008 4010
3946 4074
4010 4012
3948 4076
4012 4014
3950 4078
4014 4016
3952 4080
4016 4018
3954 4082
4018 4020
3956 4084
3957 4020 4022
3958 4086
4022 4024
3960 4025 4088
4024 4026
3962 4090
4026 4028
3964 4092
4028 4030
3966 4094
4030 4032
3968 4096
3969
4033 4035
3971
4035 4037
3973
4037 4039
3975
4039 4041
3977
4041 4043
3979
4043 4045
3981 4046
4045 4047
3983
4047 4049
3985
4049 4051
3987 4050
4051 4053
3989
4053 4055
3991
4055 4057
3993
4057 4059
3995
4059 4061
3997
4061 4063
3999
4063 4065
4001
4065 4067
4003
4067 4069
4005
4069 4071
4007
4008 4071 4073
4009
4073 4075
4011
4075 4077
4013
4077 4079
4015
4079 4081
4017
4081 4083
4019
4083 4085
4021
4085 4087
4023
4087 4089
4025
4089 4091
4027
4091 4093
4029
4093 4095
4031
4032 4095
