1000 6136 0
9 16 117 241 459 735 747 803 834 900
387 490 542 578
183 310 506 575 617 916
45 124 274 394 557 836 932
14 210 255 568 755 822 982
166 181 963
84 114 563 564 667
248 346 451 485 670 819 990
12 95 108 178 808 969 980
142 448 654 773 981
16 42 481 536 646 788 945
9 179 379 479 522 874 989 991 992
106 181 228 290 456 611 848
5 114 154 159 172 196 201 248 253 257 276 463 491 630 739
72 357 382 415 463 574 615 660 665 678 679 721
69 193 207 218 374 443 534 677 789
52 89 211 308 371 921
228 533 811
72 475 924
94 107 144 190 283 520 794
509 524 898 991
91 197 305 412 733 807
204 237 466 471 622 837 951 963
63 304 414 605 648 649 682 856 948
225 303 394 476 567 658 791 881
816 931
415 566 597 647 832 853 930
320 327 703
25 115 319 751
257 371 619 733 807 830 833
50 149 162 202 254 287 434 471 675 692 968
85 182 249 346 459 587 621 742 818 879
41 240 432 815 879
66 371 415 858
254 608 836
217 336 436 740 810 954 999
58 180 335 665 850 937
131 320 341 358 490 650
119 190 420 481 581 724 733
76 536 601
33 93 410 466 602 623
134 400 417 468 604 623 649
176 296 444 523 583 926
63 278 582 773 866 902
4 184 355 426 546
378 649 782
188 347 447 489 650 866
64 139 171 408 686 758 808
160 284 397 470 473 479 608 704 716 723
31 216 218 263 265 278 304 362 891
70 411 529 869 993
17 144 242 643 871
62 156 385 668 818
57 823 873
112 667 984
217 230 242 257 410 928 972
54 786 836 963
125 465 824 866 927
262 685
106 227 311 315 423 721 792 841 845 954
411 659 713 932 989
53 516 741 766 818 853 883 929
24 44 80 410 456 587 600 662 788 804 913
48 213 250 450 528 691 870
79 160 534 588 593
34 95 324 435 445 518 535 539 890
616 774
90 148 163 209 418 622 807
16 225 264 521 564 984
51 72 94 166 172 371 436 510 878 902
31 185 579 599 618
19 341 347 436 538 765 901
546 618 679 932
231 256 571 882
79 118 676 771 936
226 228 428 475 547 576 686 792 983
318 324 474 533 667 688 772 856 867
164 288 710 755 857 969
65 351 485 632 719 752
63 211 261 334 337 560 584 748 791
299 487 496 535 548
435 525 601 627 763 809 942 946
408 656 908
7 105 117 210 243 262 578 604 720
32 61 201 224 236 318 492 516 547 595 812
60 415 644 927 935 985
83 163 580 582 683
85 128 161 370 455 635 640 643 722 829 894
17 115 540 564 601 734 829 923 957
68 265 454 484 517 570 604 661 686 694 737 765
185 602 661 825 994
116 393 476 485 752
41 101 159 275 415 822
20 162 217 483 555 662 904
9 66 286 431 523 760 879 965
451 641 683 872 874 908
342 350 564 667 859
4 128 208 345 463 559 605 746
466 752
41 405 669 854 916
93 308 624 715 766 924
177 361 491 751
394 489 603 753 879 915
134 208 233 241 301 760 787 831
84 190 344 398 547 661 827 844 919 972
60 141 260 349 742 762 765
20 250 283 583 861
9 171 278 326 368 441 521 562 729 885 949
245 310 339 959
152 230 310 892 998
164 235 544 555 843 959 979
55 405
437 497 560
14 250 311 312 474 635 663 950
29
92 112 283 337 453 486 541 551 703 725 799 982
1 84 322 530 727 769 865 940
75 111 303 381 685 741 900
201 457 760
260 470 532 541 594 691 995
430 457 713
117 181 260 789 803
129 147 150 336 420 465 686 818 915
4 197
58 924 931
128 284 294 497 564 676 842
162 180 262 313 592 622 829 975
126 270 486 942 965 988 993
123 159 164 381 545 655 758 824
221 485 530 658 802 814 855
38 319 419 631 725 778
158 252 324 337 520 531 617 637 666 751 925
359 470 553 563
42 104 186 248 294 671 677
144 158 919
322 336 454 517 525 728 828
157 320 469 845 903
128 167 441 443 730 833
48 386 393 546 705 755
61 210 440 444 493 713 756 764
106 147 206 262 404 495 714 781 859 883
10 25 88 344 349 819
352 434 465
135 211 215 222 504 677 969
73 123 184 277 382 442 518
459 643 656 659 759 815 881 908
123 305 444 661
68 159 252 295 308 410 475 531 619 711
193 228 405 564 947
123 179 414 699 819 951
441 722 875
110 430 782
62 353 417 620
14 843
112 197 229 778 878 943 958
53 240 591 734 969
137 477 519 526 536 743
132 135 148 520 662 795
14 93 104 148 240 477 675 809
65 258 293 633 748
88 396 497 536 607 717 930
94 127 197 269 364 483
68 87 240 243 288 399 422 604 657 673 780 964
78 111 143 509 596 922
483 601 610 692 722 763 986
6 70 241 457 480 584 668 847
138 362 410 510 675
183 565 665 788 830 894
200 243 413 447 553 556 598 645 980
146 313 399 502 594 638 724 831 853 952
48 108 331 332 713 977
81 396 538 655 715 938 947 953
213 222 337 502 579 692 746 812 875
181 286 367 635
196 207 273 391 558 711 805 865
43 245 519 693 876 987
102 336 620 697 783
614 650 710 751 949
150 240 295 408 698 769
251 283 375 581 618 810 849 943
6 13 17 75 269 429 434 451 472 579 703 761 826 927 946 990
32 192 366 385 653 812 980
3 168 339 590 693 870 912
145 228 395 608 853
71 91 113 260 510 754 755 896 971
134 288 310 413 695 797 834 942
347 482 512 801 914 947
155 193 228 656 680 705 756 964
346 507 513 628 638 785
39 105 252 305 698 716 762 799
195 220 327 344 400 422 751 759 760 808
182 345 523 609
16 188 254 270 697 859 874
113 165 446 511 524 809 946
191 230 461 711 728 992
175 358 410 438 668 753 944
22 124 155 162 396 429 609 624 632
583 718 827 853
149 426 731 885 950
169 534 628 641 749 813
85 119 212 304 439 598 717 763 895
31 336 560 659 736
138 458 556 812
23 112 270 281 499 524 596 618 644 720
735
141 280 322 337 455 528 927
16 60 477 572 660 982
98 832
68 188 618 639 709
5 140 272 299 389 451 474 858 907
17 80 144 370 814
201 441 641
64 173 889
239 512 563 627 966
69 345 420 503 545 564 699 732 918
30 371 473 479 671 759 787
36 56 94 149 201 343 422 438 506 839 856
16 50 459 525 527 624 807 857
10 324 432 650 840 955
296 380 742 792 903 985
130 223 759 787 800 937 964 977
144 173 575 582 681
221 352 407
261 531 749 856
25 69 296 304 522
362 404 573 890
239 561 655 927 959 971
13 76 149 184 188 217 302 327 357 532
155 635 685 816
110 481 719
74 117 118 188 239 616 850
333 459 506 545 670 771 821
221 382 541 715 754
346 637 666
69 257 590 768 913 916 932 950
85 104 270 355 391 433 462 595 696 938

417 466 791
214 227 231 278 438 568 611 713 730 975
33 156 163 660 916 985
104 219 421 591 685 826 841 873
56 731
84 163 169 346 347 486 631 643 779 835
338 497 543 681 831
109 176 359 592 856
21 420 431 513 712
475 554 624 766 878 880 947
8 14 134 153 192 359 416 571 612 619 781 972
32 309 434 537 962
64 107 228 383 489
180 194 264 538 858 983
132 148 190 407 509 518 519 555 933
173 439 509 698 720 763 967
31 35 193 564 585 589 887
5 233 269 486 489 711 752 759
74 581 862
30 56 235 471 494 507 601 793 897
160 241 490 513 681 855
213 345 625 778
106 120 122 463 726
224 448 511 523 809
59 127 348 423 516 608
50 349 617 663 880 960
69 460
50 757 824 908
245 290 335 486 729 932 958
253 457 490 491 705
282 415 540 580 978
169 181 437 492 726 960
128 193 204 236 286 501 799 820
309 580 861 903
210 316 323 329 463 482 642 893 983
175 318 322 372 568 827
4 340 706 767
438 515 992
14 395 484 634 664 827 878
112 145 441 779
50 108 239 311 367 423 468 830 946
60 133 221 342 376
206 376 421 825 826
204 327 377 418 422 572 877 963
581 598 672 696 988
20 107 116 592
126 234 420 499 672 718 860 969
52 468 519
95 174 264 270 290 354 375 537 675 849 997
31 241 433 539 693 694 926
78 186 339 360 515 525 684 906 975
312 430 697 898
13 154 266 286 338 371 514
287 351 400 491 536 949
23 362 391 581 610
322 368 608 850 977
126 554 625 725
119 148 179 243 462 640 655 664 831 915
43 220 342 682 715
434 445 842 956
492 856 939
184 210 483 634 864
171 601 928
104 667
228 342 579 741 847
25 118 542 912 990
24 50 201 225 710 749 826 835
22 167 190 381 740 778
18 461 550 569 836 878
752 793 818 917
101 148 359 772 931
124 249 271 351 676 682 978 986
65 109 186 403 560 657
114 278 700 829 915
289 297 383 407 433 723 739
213 420 521 754 939
370
60 459 628
272 532 902 952
52 125 924
77 85 203 273 436 442 538 608 674 869
29 131 325
28 38 385 395 486 838 845
8 147 253 431 632 804 928
117 136 206 273 331
179 269 272 346 665 845 848 902
66 77 132 219 438 489 690 807
170 334 495 587 894
108 354 452 565 742 766 822
191 228 901
141 686 705 923
535 882 885
354 812
50 171 322 500 539 556 709
46 171 292 387 389 527 559 898
215 232 451 850 881
80 263 325 416 881
37 266 302 483 686 893
36 123 141 177 202 354 370 469 503 696 841 901 917 978
80 116 132 173 206 305 487 548
244 290 443 937 943
10 109 288 596
132 274 423 426 696 729 863
12 38 349 651 746 939
97 279 302 404 699 796 815 946
217 288 511 901 929 956
105 142 191 478 510 944
215 259 554 755
8 189 234 243 323 375 467 828 856
47 72 187 511 599 658 978
3 262 382 449 573 776 786 867 989
106 263 341 418 786 958
92 97 176 443 476 839 841
79 309 616 651 653
143 374 539 651 662
574 775 995
286 326 330 336 376 616 757
236 325 446 468 630 692
158 208 582 997
15 458 501 904
38 196 381 411 466 653 658 810 991
245 248 308 422 478 616 626 782
115 288 580 634 657 668 696 767 812 914 930
301 399 461 546 717 936
292 686 838
446 633 672 696 882 955
137 162 319 367 522 932
127 396 658 673 706 971
49 182 196 571 607 632 639 663
174 278 364
108 293 435 666 736 781
131 442 633 920
35 211 252 314 336 378 605 621 709 809 885 994
17 30 34 70 135 216 290 436 462 723
273 640 805 899 905
555 657 707 778 795 826 958
3 16 352 741 803 906
250 286 351 735 741
81 192 279 293 354 375 653 741
274 548 606 655
286 370 631 670 861
12 123 174 403
220 403 517 613 797
118 129 221 358 562 584
24 145 233 318 387 906 932
312 456 524 926
388 658 751
53 182 320 391 593 635 885 892
139 388 701 859 890 939
69 382 447 546 709 722 900
386 470 477 625 870 897
210 753 932
430 506 682
175 292 385 424 458 656 788 857
583 719 732 890 980
92 139 218 451 466 676
4 103 418 457 757 767
184 276 311 320 697 867
140 172 365 601 816 898 960
49 407 408 617 843 882
293 629 661 720 831 869 874
3 163 170 361 515 996
42 191 291 403 710 903
151 335 558 569 629 847
232 327 334 509
99 310 379 400 574 684 768 816 941
104 141 226 420 966
100 149 504 551 863
521 616 678 691
223 312 722 862
48 83 397 503
711 882 948
41 63 167 196 519 587
51 61 536 609 635 824 843 903 921 963
549 648 669 797 904 974 983
5 169 186 525 916
474 640 842 984
15 27 86 93 268 569 664
248 317 439 489 623 845 908
42 153 581 598 700 828 952
21 68 281 349 394 443 458 877
72 131 677 799 813 994
123 215 246 434 505 604 610 754 756 935
241 280 450 488 535 568 634 678 915
163 217 281 713 729 960 964
37 60 278 321 340 516 664 797
391 429 499 595
442 546
45 82 199 340 456 602 778
390 450 451 548 562 826
76 459 591 710 954
181 197 326 424 443 865
121 152 289 390 565 953 979
80 226 228 321 539 565 673 773
219 515 687 733 735 740 843 948
82 236 312 744 874 991
31 143 181 249 257 307 474 827
66 468 514 543 940
36 70 318 470 491 633
113 573 863
196 239 275 310 421 587 754 892 916 937
37 253 475 501 557 962
465 647 707 806 860
51 108 136 151 212 277 499 521 619 637 781 847 887
134 323 425 498 635 659 665 855
338 350 409 429 576 627 671 893
43 140 147 279 410 447 481 855 862 997
297 351 565
194 363 488 581 730 794 855
387 444 468 482
10 59 261 301 349 576 848
348 576 646 937
64 110 291 421 427 475 480 564 603 828 908
181 236 393 427 706 920 980
326 418 443 484 592 683 793
116 567 619 659 695 950
110 136 505 544 571 647 737 770 821
79 88 553 607
13 246 383 426 572 979
121 267 496 522 771 831
51 357 391 418 608 637
32 218 232 315 428 567 703 820 832 961
498 542 634 642 647 701 737 852 860 949
143 195 306 361 508 583 724
236 371 546 666 798
14 15 98 207 260 581 735 756 818
440 481 506 579 818
58 123 143 223 440 452 476 517 644 739 764 871
23 41 99 182 238 358 470 517 697 809 838 854
296 346 526
47 278 285 355 413 426 435 623 650
137 336 553
49 120 436 491 591 720 730 780 790 838 864 868 919
31 619 747 881 902 961
631 815 972
49 206 216 393 604 945
77 114 210 414 739 817
19 76 148 247 439 621
25 92 350 465 861 946
157 159 207 388 544 591 639 883
344 359 776 822 850 911
12 49 216 602 679 721 898 988
166 450 472 898
11 39 444 539 735 816 968
272 447 949
122 147 162 165 299 335 516 607 623 974
90 276 690 724
8 79 130 600 610 848
116 239 243 255 266 320 400
81 337 538 560 633 728 865
421 590 902 911 940
250 255 416 524 570 617 669 830 930
2 38 167 258 539 862
14 102 267 291 436 470 802 932 956
85 98 195 269 298 533 698 766 921
114 140 282 969
257 667 737 781 817 830
141 258 518 825 934 945
81 246 401 554 643 708
49 113 161 244 349 707 733 861 897
304 442 571 670 694 712 737 953
204 207 284 424 790
331 750 763
357 439 508 603 770 873 914
170 173 466 799 883
215 336 408 510 650
144 254 405 513 592
288 331 420 454 705
217 232 390 464 586 708 821 907
152 189 257 266 682
296 461 753 975
164 253 402 688
167 344 552 716 978 991
261 343 347 542 744 800 804 830 843 999
187 214 729 941
189 246 258 504 664 855 994
369 435 588 650
275 281 288 399 432 898 962
85 262 483 575 638
90 380 465 466 612 688 803
32 66 145 252 325 495 591 646 656 683 972
71 157 176 252 285 345 410 914
20 158
108 406 463 536 968
12 85 406 457 750
43 95 110 192 261 548 607 668
21 194 383 489 600 801 857
82 198 288 413 649 682 703 793 830
157 261 375 558 629 657 766 782 929 939
218 582 668 700 766
206 550 742 816 983
51 864
62 117 130 673
132 148 224 247 628 732
120 316 778 974
18 89 189 492 535 657 671 829 986
16 65 200 423 725 767
66 81 329 406 420 421 496 533 550 653 922
11 40 157 161 411 521 612 672 700 991 992
249 628 667 756 850 865
72 264 293 318 487 543 545 916
66 287 331 352 431 481 490 699 780 863
268
120 233 762
2 146 303 460 773 813
435 538 563 606 644 774 781
111 274 303 677
129 207 215 232 569 730 896
45 59 73 139 361 387 425 462 935
85 105 339 707 750 937
65 81 337 377 553 574 769 792 931
412 443 587 641 706
306 528 556 601
30 116 405 435 563 806
510 638 661 677 715 753
16 133 169 455 548 699 904 974
247 283 294 345 404 496 503 511 932
94 252 373 580 767 779 953
105 169 203 316 331 672 734 826 903
4 121 439 551 578 779 887
13 80 526 652
279 709 777
80 672 704 714
122 459 640 885
108 381 427 575 597 720 746 773 908
133 214 543 622 734 876 967
7 69 135 595 727
168 290 430 431 445 832 975
27 641 770 785 898 953 998
459 909
5 239 273
118 306 415 421 437 545 747 777 957
990
74 160 248 308 454 498 584
281 456 536
226 348 924 962
403 548 972
3 83 222 408 562 720 731 774 838 984
49 76 223 443 448 449 482 687 810
673 733 857 905 997
405 587 612 900
71 81 173 181 302 464 594 858 959
87 88 268 360 555 611 615 773 976
39 180 292 332 417 422 463 859
87 268 356 527 953
43 68 198 392 461 600 619 630 646 787
26 80 166 381 459 571 849 937
625 990
96 383 506 629 695 727 773 927 930
32 63 438 549 732 850
65 265 514 763 820 935
736 830 933
183 201 235 488 523 624 958
156 241 428 470 477 768 876 901 917 993
127 245 283 413 452 504 576
65 385 879
22 170 741
85 236 420 424 564
164 670 744 749 819 894 896
27 117 605 667 938
114 169 201 282 417 684 812 987
71 245 535 562 859
63 485 524 583 815 828 834 881 896
40 89 165 257 300 396 550 638 654 701 763
41 91 400 426 479 586
79 103 450 501
42 84 90 163 420 473 669 945 979
24 98 370 845
377 543 666 801 808 823 873
88 366 390 455 483
35 114 262 839
192 197 249 411 789 849
165 338 619 758 789 840
139 580 716 971 1000
244 248 502 536 545 578 663 703 738 900
65 274 380 625 685 754
178 834 851 998
494 580 657 744 810 818 830 925
67 231 354 359 406 638 751 900
3 132 397 418 443 656
71 73 180 209 296 358 628 860
103 148 248 450 471 610 788 827 831 963
177 295 401 820 978
306 369 370 475 780 882
23 68 127 563 684 710 730
41 42 150 416 468
101 197 218 247 359 590 711 906
276 294 388 585 613 769
73 241 359 700 743
82 214 443 953
2 48 119 200 315 498 531 537 799 826 925 951 994
398 526 586 795 980 996
14 355 643 933
131 243 294 378 472 528 778 832 859
79 184 274 366 915
34 160 354 363 436 487 861 978 979
276 299 421 460 788
114 134 174 229 730 793 816
95 389 769
132 234 426 441 458
100 170 189 552 601 616 941 945 990
166 209 297 366 477
25 88 90 372 414 561 654 661 720 829 850
96 200 203 212 549 659 671 683 772 950
69 168 173 272 460 681 937 941
52 88 243 565
86 177 465 896 972
169 795
11 418 449 518 588 728 927 998
215 440 738 956
24 698 788 904 965
525 958
38 47 133 178 219 468 503 739 761
37 341 351 352
129 821 838
351 358 535 781 894
10 109 225 467 601 681 694
29 42 129 172 227 295 635 882 935
83 188 278 391 518 617 789
5 310 347 360 373 526 533 615 799
130 293 347 358 384 612 699 725
61 146 202 442 453 641 668 702 905
207 240 404 771 813 846
105 398 552 640
94 158 352 801 828 950
263 612 616 752 826 952
295 415 529 696 736
90 168 174 323 442 745 829
462 855 872 903
77 97 494 537 597 685 729 832 973 977
53 166 196 282 360 369 527 659
100 406 489 824 861 884
126 302 353 378 516 596 753 874 949
134 216 443 533 641 663 740 875 881
155 237 284 363 556 806 860 929
163 223 303 365 530 890 925 939
43 682
159 167 286 951
75 126 895
16 134 144 259 328 393 419 519 544 600 670 776 920
264 406 851
15 73 113 732
188 994
258 642 654 765 766 772
296 309 354 395 507 525 674 985
86 87 96 363 452 518 620 945
288 403 951
118 241 613 667 693 871
48 76 90 116 123 328 335 362 544 831 975
110 432 576
42 77 148 509 517 780
264

64 247 406 695 754 774 910 977
31 85 173 355 697 711 716 785 835 847 961 990
176 659 726 806 829 871 889
90 156 287 297 477 498 654 749 771
586 691 763
142 145 236 336 360 363 430 601 664 672
171 177 193 289 466 692 767
179 225 253 789 823 847
150 256 342 506 534 539 553 658 779
32 311 417 527 626 678 914 982
386 460 574 601 889 978
104 534 659 666 815
116 181 459 525 612 925
560
139 267 505 623 676
221 274 365 451 549 654 865 872
35 373 379 529
417 496 506 799
209 331 370 387 559 784 795
50 78 103 135 304 367 400 428 907
148 175 195 255 409 437 601 624 692
115 153 498 779
61 121 140 171 239 422 809
141 231 408 499 560
101 172 233 296 552 603 728
49 190 208 443 510 611 692 939 992
147 201 361 725 800 957
198 576 762 982
79 119 230 313 392 778 819 826 866 880 948 954
84 220 253 307 398 470 640 830 859 876
60 201 415 823
88 151 165 219 387 407
532 759 904 924 956
39 461 484 605
89 294 913
260 503 693
117 564 586 910 916
487 646 715 736 769
108 337 340 667 746 925 992
138 239 321 446 545 870 957
152 199 242
215 256 392 531 587 590 850 896
22 39 432 497 577
89 336 505 556 563 910
1 51 205 375 432 481 779 808
143 202 368 589 664 832 843 894 955
359 460 472 494 741 909 961
612 647 743
14 312 455 465 650
305 671 982
62 376 594 737
32 186 220 326 528 588 780 915
364 482 626 738 757
425 433 511 596 610 615 694 886 926
86 665 832
50 98 341 562 961 983
1 471 569 756 768 834
80 160 978 995
224 304 596 694 799
500 523 547 806
102 132 178 191 616 892
79 92 99 255 702 834
105 196 319 389 552 670 863 920
16 233 252 254 313 360 613 691 850 883
78 139 943
65 188 396 420 454 463 537 747 830
67 93 394 498
3 34 48 421
106 146 191 194 319 723 818 887 897
95 191 986
650 891
106 190 718 785 788 846 994
82 144 165 201 253 500 588 601 695 819 943
140 422 571 733 879 988
72 90 106 299 681 847
62 101 247 492 526 527 600 681
95 202 360 394 408 534 555 697 712 768 851 975
76 403 591 747 767 791 814 948 965
25 179 548 636 728 776 914 923 965
454 501 566 968
75 232 694 809 825
77 129 308 317 620 681
10 30 44 262 271 341 542 562 580 586 908 932 951
67 300 418 543 575 691
353 416 502 790 850 981 983
348 478 677
552 559 569 999
10 131 259 305 426 719 832 872
243 418 557 695 699 735 950
163 321 539 621 688 768 943
141 248 368 441 494 609 826
46 152 478 495 526 635
177 418
284 406
189 566 653
97 348 349 829
104 216 221 699 910
63 292 391 578 619 634 648 718 762
16 195 570 609 610 817
293 470 791
25 80 238 768 888
45 60 76 198 220 339 672 883 924
201 257 307 525 860
576
86 645 709 714 942 976
51 83 342
186 412 756 804 839
258 462 956 988
116 190 720 749 830 873
221 511 717
524 606 662 670 731 988
260 893
1 122 186 498 517 615 676 819
63 321 407 440 511 526 642 797 958
372 620 972
327 672 693 750 869 917
22 68 218 445 857 899 969
48 101 147 191 606 984
261 466 569 976 1000
358 576 615 753 789 966
140 427
173 330 598 968
200 419 542 660 950
130 211 478 768 827
33 235 259 342 472 702 704
26 229 396 473 635
154 474 494 722 901
32 62 307 463 615 759
8 150 596 803 974 993
459 620 905 958
232 390 454 506 652 836 987
5 93 416 478
47 54 328 606 698 961
58 265 669 977 993
91 136 495 771 887
163 181 280 304 373 427 582 628 719 781 843
105 619 814 830 894
25 136 417 600 649 662 840 845 875 997
89 366 640 665 693
168 278 489 511 589 615 799 827
104 244 295 398 457 605 619 862
27 459 565 631 667 720 736 745 778 926 959
30 138 375 420 711
1 186 600 614 628 747 752 820 956 961
44 156 243 304 873
4 197 306 402
23 902
223 357 466 470 575 652 875 971
190 797 809 889
402 610 848 915
43 60 208 241 350 403 771
126 414 911
160 411 432 511 710 736
105 125 130 635
137 323 416 605 828 862 933 942 973
19 251 319 383 762 835
166 302 334 401 441 692 698
13 71 323 448 460 485 507 840 855
180 286 584 900
37 231 293 333 359 537 640 732 754 775
614
74 460 462 895 911
170 906 917
100 173 186 466 685 698 737 866
166 258 442 446 666 848
24 217 224 245 298 346 877 923 972
78 132 218 391 577 937
34 251 288 400 579 981
97 141 306 581 599 631
284 440 618 793
107 271 278 476 577 633 669 881
256 290 407 444 490 845 864 930 963
1 160 340 378 405 437 445 753
25 470 785 862 910 956 978
117 429 487 706 952 985
44 537 719 749
77 348 382 395 675 881
454 520
51 318 806
40 64 183 277 310 379 388 719 858 951
52 332 465
96 557 706 778 962
54 90 177 241 501 606 722 799 835 911
12 96 193 398 433 876 947
173 828 920 933
176 563 591 741
281 313 418 750 856 941 975
155 247 276
32 33 95 103 259 579 593 816
247 263 719 833
25 333 364 671 861
74 233 265 329 397 621 884
62 218 754 826
385 669 882
108 199 279 370 452 918
604 744 921
254 441 557 965 997
4 733 791 944
213 537 701 741 960
66 177 386 392 537 673 788
50 284 418 956
110 438 751 974
272 443 802
88 168 526 596
201 331 552 737 818 852
185 277 596 732
310 390 497
21 30 289 332 396 479 480 515
372
118 387 578 612 616 955 987
72 327 336 343 591 622 817
44 316 323 471 488 717
137 271 290 375 411 666 745
94 138 357 412 531 553 648
322 372 577 659 712 803 820 959
382 533 636
210 506 547 710 962
83 146 265 392 416 562 840 848
190 551 567
156 199 691 727 734 864
488 852 873
183
63 117 235 725 905
8 187 360 501 519 700 769 918
103 123 295 311 421 632 742
100 235 240 538 932
231 307 336 591 806 853 996
726 885 937 976
75 105 135 296 451 470 626
101 451 807 865 875
17 179 411 492 583 716 886 990
164 535
50 89 328 769
101 219 573 723 792 824
132 361 499 673
43 51 383 390 421 744 832
86 206 227 478 586 646 938
56 107 300 321 980
62 343 526 672 705
27 161 206 360 586 862 944
125 308 548
4 50 73 235 364 389 491 773 916 941
252 630 845 872
189 474 495 969
86 172 420 546 588 655
75 361 545
37 43 221 438 449 547 857 918 944
123 172 236 597 927
298 313 386 526 673 716 836 949
9 117 348 435 455 488 600
403 435 638 642 932
82 128 186 727 773 985 999
155 180 338 673 755 763
154 197 237 344 840 888 930 937
386 473 495 604 638
82 181 194 342 361 476 532 559 998
149 172 187 247 264 290 700 715 874
24 334 409 432 697 719 768 988
159 236 291 417 460 670 939 951
182 235 453 578 641 779
478 628 706 718 870 874 949 975
170 316 417 815
172 273 498 555 566 582
36 404 571 719 814 984
363 384 900
179 297 343 647 723 798 834 864 891 963
89 265 569 641 730
8 155 266 333 373 388 590 649 804 820
109 111 529 832 905 975
263 269 396 402 689 889
345 471 628 692 737 746 823 834
249 439 515 567 573 872
6 23 281 411 526 626 862 956
163 188 191 221 422 709 767 981
103 128 464 506 768 769 887
214 404 557 810 887
253 563
31 385 521 770 812 834
78 144 156 284 493 807 934
723 730 907
292 431 558 611 740 816 990
56 105 204 248 283 330 574 610 644 856
57 84 667 844 845
80 201 298 483 532 553 715 819 892
239 508 565 686 767 951 959
25 809
54 293 532 667 691 824
267 268 336 347 510 633 701 748 864 901
430 456 604 633
53 169 182 392 451 578 629 715 898 928
10 775 964
116 449 718 740 936
76 175 251 412 588 731 927
414 575 608 954
86 220 240 682 865 910 942 998
165 309 459 505 533 760
376 520 598 712 821 900
479 563 764 798 801 948
55 229 348 609
8 32 181 267 303 570 585 638 692 971
21 358 510 536 614 790
12 86 195 262 338 536 556 582 716 729 756
51 63 128 819 824 983
91 207 370 419 513 628 762 805
120 748 985
917
286 444 828 887 894
63 110 216 566 646 725 781 807 946
275 511 539 640 777 942
576 589
