1000 5821 0
87 99 167 425 426 578 599 736
37 160 250 372 464 500 605 698
18 55 499 749
332 740 807 877 954 992
153 261 301 302 386 503 931 933
378 390 526 562 593 624 662 938
98 592 816 845 859 904
27 41 142 291 311 434
53 214 293 328 854 963
87 223 304 566 929
276 377 714 733 782 980 990
90 110 304 396 703 717 975 981
103 293 380 428 522 622 755 775
114 300 379 511 700 701 734 834
281 422 560 645 712
76 361 426 444 589 669 736 761
308 523 534 967
126 195 339 405 573 728 914
239 427 446 498 713 742
79 88 121 447 456 461 978
125 222 256 262 387 699
118 173 661 669 799
319 355 791
255 398 629 637 828
128 769 927 934
25 93 428 433 574 639
104 318 535 564 576 603 661 683 785
341 444
195 198 612 630 730 768 862 915
191 403 536 556
51 123 316 511
66 230 254 837 927
384 519
87 354 393 693 751 877 879
153 267 313 379 601 859 981
137 246 272 316 363 713 739 823 891 923
2 225 288 565 576 612 618 994
64 257 258 323 463
139 231 271 327
47 66 322 635 645 851 918
8 83 180 224 244 657 680 774 783 887
76 742 998
312 414 514 571 644 710
168 313 334 443 926
407 426 509 619 799
140 689 709 902
40 152 194 196 250 256 295 384 424 915 972
54 134 174 203 314 515 652 665 724 742 791 951
71 443 496 509 564 579 805
21 268 472 540 570 771
31 494 627 633 707 721 798 862 957 965
189 477 498 521 584 912
486 489 685 786 857 988
251 507 626 692 704 837 961
3 9
159 230 433 627 713
118 438 690 732 971 999
356 411 465 570 607 685 828 961
136 166 226 308 460 662 974
414 536 641 655 722 832 930 990
522 696 804
228 275 292 499 738 970 992 996
30 417 750
38 87 99 349 488 585 620 782 804 900
262 783 855
32 40 235 453 616 831 958
233 789 898 906
173 275 363 395 405 471 626 841
233 240 382 495 771 890 956
383 665
234 532 575 735 778 949
248 345 888 900
164 214 458 729 778 821
190 324 406 432 459 601 626 651 704 729 870
545 558 703
16 204 282 389 610
228 338 665 879
101 533
20 145 199 630 892 1000
332 353 457
128 170 498 705 913
93 626 705 851
41 255 263 300 461 474 552 948
98 219 400 572 619 630 756 762 783 851
58 477 493 521 552 897
388 826
10 34 64 147 464 747 755 798 884
20 302 504 525 546 654 917
182 210 254 608 810 837
12 506 675
257 359 588 735 936
248 367 871 897 978
82 320 527
237 258 363 817 887
373 581 860
458 490 688 699 728 953
353 421
7 84 206 287 306 368 410 427 509 639
1 210 313 593 784
198 372 425 463 634 866
78 364 509 812 840 920
198 205 307 693 822 947
72 134 263 411 449 578 746
267 407 498 777
410 471 676 865 891 967
7 88 139 504 650 703 906
190 777 779
458 480 507
272 459 688 818 999
12 238 307 311 412 479 493 641 684 799 893
130 369 607 842
192 696 777 947
151 317 376 474 961
9 14 247 336 629 838 876 975
185 297 315 398 447 832
103 261 481 718 749 758
217 287 476
22 345 389 566 761 928 975
41 385 733 737 911
334 399 557 673 708 710 868 882 992
340 614
65 161 345 389 548 627 769
31 125 302 921 923
382 650 835 875
21 136 228 450 548 867 983
18 252 308 692 693
201 236 538 576 818 881 947
148
4 216 250 452 665 770
33 111 148 417 570 654 665 958
194 199 218 452 522 653
248 730 752 772 799 914 982
18 668 900
48 103 258 410 426 681 735 939 964 967
199 251 281 433 934
125 392 457 471 531 750 768
216 553 648
331 672 734 982 999
106 353
14 46 307
355 570 608 993
180 186 566 802 811
44 175 342 372 377 631 633 651 752 816 818 888
250 278 388 955 998
79 84 212 589 600 723 741
267 348 452 510
420 440 522 543 865 879 978
130 371 376 417 474 531 640 956
350 438 532
236 426 468 751 875
113 330
47 231 238 511 606 771 955 963
5 15 197 238 519 545 554 673
249 346 781 884 958
403 539
373 457 581 865 866
321 678 707 831 986
288 499 568 615 667 714 822
50 108 456 579
592 767 827 977
122 460 854 864
47 459 476 524 575 696 767 778
197 261 458 871
172 344 978
139 578 608
59 345 362 483 608 731 930
1 56 245 367 480 820 863 889
44 216 457 823 876
81 124 435 600 661
81 218 389 508 587 932
680 810 938
216 437 548 716 863 969 997
22 68 216 227 240 322 401 862
48 205 386 408 707 730 764 890
217 631 718 801
3 276 361 422 495
302 462 566
82 188 244 340 398 721 759 764 876 987
54 496 537 669 684 989
41 127 142 648 995
113 219 259 433 473
89 127 168 246 325 326 545 615 642 741
355 654 817 829 838 942
195 331 381 388 870 931
3 277 282
132 209 347 349 369 543
479 514 984 995
658 821 848 967
52 133 185 893
74 107 254 489 541 567 807 824
30 61 534 648 947
112 772 922
314 378 501 561 739 898 928
47 131 468 714 771 840
18 29 184 341 668 830
47 325 375 377 489 710 937
153 187 333 337 950
29 100 102 494 594 703 941
14 151 796 882
64 209 693
127 845 892 945 955
291 374 475 657 923
219 278 493 670 933
268 304 340 580 583
28 67 102 351 408 776 963
204 326 433 468 522 528 553 733 998
29 561
296 303 491 789 882 901 939
153 200 397 438 541 943
89 554
245 282 744 762 971
145 307 702 952 990
48 283 456 1000
9 669 880
402 526 528 707 799
129 168 172 264 268 339 351 699 753 778 902
117 141 175 211 313 555 605 727 768
62 101 287 412 415 483 646 771
84 181 203 279 396 413 437 498
276 345 731 832 866 935 961 968
87 400 442 485 590 948
323 341
10 37 53 250 306 409 455 496
41 429 547 611 901 983
37 256 279 334 430 488 782
438 802 816 879 900 924
173 189 454 668 781 813
62 77 330 385 438 505 570 661 785
253 312 325 363 392 695
32 56 275 493 518 607 657 695 780 918 938
39 229 647
486 523 910 911
41 67 69 445 467 689
61 109 278 282 462 636 952
232 485 486 546 587 675 881
127 529 586 620 770 780
94 320 509 534 765 816
110 152 153 213 352 414 537 549 582 670 695 723 962
596 609 923
173 279 549 603 987
543 858
151 292 311 548 754 966 972
60 147 158 434 552 568 571 576 673 675 765
41 84 776 980
211 343 358 370 968 973 996
36 182 468 798 906 912
114 711 898
113 132 295 648
154 338 663 940
129 144 223 271 449 789 815
14 54 135 258 783 794 936
126 272 347 612 668 767 937
32 606
32 89 190 513 567 739 917
24 64 279 512 792 793 854 939 995
21 47 225 331 384 458 712 784 950 975
38 91 389 577 618 880
38 251 307 388 400
349 388 471 499
509 538 557 664 783 836
53 163 795
21 65 279 786 902 964
103 436 647 751 781 799 808
216 372 516 806 918 998
498 524 719
325 420 715 720 861
35 104 146 329 479 649 764 853 864 979
50 161 216 602 630 905
315 339 562 788 934
365 401 418 457 594 862
39 55 250 419 512 547 711 878
36 342
324 325 373 388 404 601 818
125 257 284 417 535 858 882 995
134 173 300 463 542 690
11 220 388
320 770 808
144 203 234 284 449 482 601 864 872 965
35 52 146 240 262 533 682 689
38 489 564
15 135 540 609 910
91 211 426
88 213 649 875 951

484 809 962 989
794 809
98 117 135 231 461 474 606 621 772
37 120 158 337 453 516 619
262 466 512 565 815 854 950 972
128 374 419 546 591 775 925
8 168 202 301 305 433 559 846
62 354 388 703 738 903 986 1000
9 13 22 231 543 726 979 985
53 620 640 652 761 790 868 985
429 480 739
208 229 709 848 923 965
115 414 455 610 713 715 888 951
326 331 452 541 867
449 546 621
14 83 275 325 455 476 527 586 795 835 860 893
291 581 716 817 843
5 123 481 942 998
208 376 421 472 660
10 12 437 523 634 698 783 900
291 336 400 437 973
15 223 973
140 258 296 476 746 795
17 59 126 376 512 524 577 580 857
191 423 660 752 759 967
188 527 540 868 905 935
8 122 343 773 915
43 229 688 836
35 44 99 287 340 433 642 647 868 898 952
48 68 270 644 881
115 119 269 702 775 897
31 36 135 332 339 727
4 352 615
27 538 687 952
23 308 351 679 714 733 776
237 257 358 563 680 683 690
157 316 543 588 847
40 173 212 524 671 931
38 222 431 792 891
179 236 273 417 483
4 182 266 273 625 687 706 771 873
206 352 443 483
39 648 716 838 917
248 288 600 716 789 877
86 145 237 267 478 552 602 631 748 762 887
151 228 453 476 988
184 256 873 912
4 41 53 80 316 435 482 785 874
168 556 741 857 883
44 225 453 550 940 994
115 664 951 998
114 132 305 440 830 921
39 197 253 288 500 617 658 828 833
77 435 892 990
269 316 741 975
121 144 178 313 416 485 572 623
28 222 511 630 642 892 904 926
48 88 143 431 814 912 931
245 311 463 760 828 842 946
485 928
72 122 186 220 507 509 742 911 921
244 362 391 635 704 859 987
252 377 426 507 635 854 891 981 998
146 489 906
259 411 457 868 900
117 149 211 378 458 654 695 723 729 743 819
205 216 319 430
95 251 695 981 991
139 249 396 581 699 715 776 833
34 292 445 504 667 746 970
23 141 183 545 617 636
395 594 647 757 871
444 476 481 637 731 838 903
245 320 356 420 452 527 554 647 653 771
91 96 854
219 711 765 884
360 658 864 918 979
166 346 386 402 586 801 859
36 94 182 189 198 216 317 502 725
101 506 579 669 858
270 488 532 730 771
396 811 944
167 931 976
32 57 387 428 471 794 992
111 186 634
89 245 464 471 644 666 689 738 871
148 164 319 454 552 572 889 941 986 1000
2 100 264 427 829 962
33 95 156 209 226 380 454 932
38 202 530 536 691 982
55 123 196 200 423 433 484 578 612 758 849
308 503 813 850
12 143 196 737
91 401 582 782
14 27 35 491 694 742
13 373 418 860 875 890
184 723 898
69 124 622 851 925
70 328 486 634 803 883
33 47 153 205 632 658 706 844 923 954
228 492 648 692 753
5 174 362 570 673 943
21 140 516 836 887 926
51 86 144 258 273 292 465 694 725 992
76 107 387 424 690 904 964
6 416 533 838 912
190 472 988
136 178 229 345 461 656 663
34 395 427 786 790
208 219 926
186 356 393 549 719 896 960
12 219 398 498 606 616 712
209 861
24 171 643
120 657 769 797 814 866
84 88 258 275 393 447 462 520 691
270 378 696 702
215 362
809 824 921
273 451 496 513 532 588 792 841 878
18 68 206 609 798 808 933 947 952
320 497 555
45 104 212 485 796 800 834 897 967 974
7 205 416 463 713 734 798
223 399 881
134 353 415 531 731 797 820 938
58 349 553 567 720 838 920 928 981
110 218 589 726
219 464 638 818
43 297 392 519 536 627 675 737 751 859 918
113 410 445 587
266 340 390 408 585 696 871 882
63 130 324 472 663
270 545 759 859
271 453 491 642 681 955
81 147 266 290 358 425
97 303 436 575 688 740 765 896 970 979
15 176 838
309
47
449 515 545 612 718 779
1 16 134 150 282 749 815
19 372 393
13 26 746 797
65 1000
172 225 351 431 732 885 979
323 430 456 464 666
74 444 607 939
26 181 206 313 655 689 718 948
8 199 243 411 776
332 560 614 663 698
131 154 266 421 456 643 806
128 172 219 305 495 526 833 943
5 57 149 209 228 395 849
293 895
147 163 336 468 856
87
3 64 221 446 483 681 816
44 152 326 464 688 701 906
200 357 368 499 512 723 830 861 909 934 981
52 233 354 415 474 639 864
623 968
20 115 400 955
291 392 424 790 919
239 250 278 671 910 945
151 321 395 699 735 826
498 821 991
131 298 358 559 587 863
288 330 334 576 670 710 862 970 983
227 233 499 855 943
297 609 653 741 779 873 997
20 159 431 436 443 703 748 812 948 974
80 136 152 168 270 344 349 821 869 967
96 163 256 310 350 558 624 637 668 725 896
74 476 539 742 800
59 407 558
11 20 83 287 330 392 773
177 234 350 509 691 782 794
76 100 248 275 343 408
2 24 341 370 413 443
58 261 388 600 673 853 869 963
33 365 523 854 946
233 673 918 945
150 194 206 246 382 440 543 585 710 856 951
113 647 680 986
956
105 128 136 259 370 708
50 142 391 444 632 733 749 761 986
181 920 980
70 148 151 287 336 870 910
122 142 362 585 816 924
117 300 307 357 459 609 823 852 959 961
52 85 515 595 775 853 950
41 329 623 651 799 881
110 142 145 187 267 355 619 666 811 974
108 295 633 642 650 788
116 302 357 418 497 511 581 679 709 839 894 971 993
215 278 316 332 636 735 757 935
218 324 442 486 704 723 912 949
285 375 385 618 774 960
221 235 340 344 407 576 754 891
53 235 483 600 945
10 270
64 601 658 700 773 895
53 190 196 280 538 992
942 943
208 379 493 628
382 385 604 708 889
110 203 230 676 741 803
51 176 198 245 354 485 547 859
69 176 433 437 835 985
179 223 404 507
406 432 481 576 610 661 773 891
104 265 396 451 491 533 967
3 158 259 454 910 914
2 585 642
193 344 762 763
111 237 370 453 662 728 809 886
5 376 475 578 694 731 843 906 944
88 106 152 354 637 786
228 539 705 895 974
10 90 103 253 805 850 883
54 108 327 345 347 684 987 991
170 659 914
49 98 101 260 345 587 697 786 923
146 639 913
31 152 481 690 982 987
46 289 308 444 645 796 976
254 404 566 651
38 43 187 538
48 425 577 804
248 264 288 387 917
158 843
84 197 230 664 719 735 882
33 153 414 499 554 716 770
400 535 822
52 85 454 662 775 929
13 61 131 147 296 686 714 715 870 943
17 206 232 466 552 804 825
18 162 265 322 566 574 603
619 667 986
1 6 215 324 437 710 944 992
93 300 310 358 732 891
206 215 319 670 760
236 323 865 982 999
638 916 934
148 410
149 180 225 742 796 897
390 498 620 652 693
17 191 298 508 593 724 735 740
27 274 520 604 611 783 854
30 344 374 688 768 839 934
68 391 969
95 195 260 489 514 549 824 867 896 959
155 459 581 769 777 880 949
50 281 310 440
65 586 720 745 852 953 992

87 241 293 321 852
228 463 508
75 182 305 355 418 425 722 768
88 235 363 654 906
271 494 600
27 122 125 242 590 815 972
71 238 240 604 708 872
202 710
664
83 85 243 329 364 523 585 623 683 740 967
133 206 305 627 750 862
102 153 519 695 738 984
217 406 623 841 937
30 205 333 561 823 890
120 214 229 571 589 650 880
68 75 320 458 460 488 966
126 173 452 591 645 742 881
435 480 568 617 734 950
193 207 685 745 805
6 149
652 804 945
27 280 668 672 858 906 963
37 65 289 700 706
10 118 142 177 513 524 621 676 926
168 190 254 482 598 630
109 158 243 560 908
581 611 620 722 781 817
58 130 228 587 598 800 820
43 217 243 309 557
84 158 340 587 668 673 708 858 879
779 904 994 996
26 42 759 968
162 421 767 988
89 243 453 485 497 829
308 530 646 734
1 165 366 375 650 681 805
49 364 654 751 982
187 204 308 569 650 755 856
95 156 301 353 481 539 737 760 846 945
349 686 709 718 727
503 777 869 945
733 757 822 866
64 416 475 500 552 991 993
118 236 300 609 984
170 235 438 509 645 726 783 914
109 321 404
16 145 259 412 557 820
650 687 700 867 941
359 559 594 613 741 876 944
7 160 636 914
99 872 876
198 223 270 356 591
477 569 918
239 358 465 671 697
395 704 959
454 567 569 845 954
1 179 503 635
169 173 232 328 465 486 547 669 951 970
35 424 488 670 719 747 950
329 661 672 847 913 974
27 267 275 524 686 712 802 850 909
191 535 549 765
2 752 770 827 834 939
134 253 287 618 631 809 882
162 230 722 751 896
89 141 304 453 494 847 851
239 405 455 562 888 949
297 649 698 989
224 535 569 698 725 736 858
29 37 252 314 375 806 933 972
427 591 857 961
121 435 717 791
158 182 317 797
66 212 396 438 647 768 804 863
20 355 390 560 741 895 908 959
37 235 257 305 358 484 606
45 84 121 479 525
294 533 750 775 905 997
299 467 566 715 938 998
13 382 652 838 944 958
194 340 446 478 552 555 830
458
178 777
54 68 82 657 948 982 989
51 122 784 811 820
438
114 118 691
84 268 313 402 567 740
10 175 635 891 937
384 472 967
59 143 264 283 480 680 701 858
369 497 803
40 66 123 346 347 631 706 783 931
234 482
155 357 430 504 788 901
109 530 584 896
26 98 409 410 445 510 611 773
148 294 476 687 741
10 60 110 576 746 750
175 177 182 236 313 480 990
398 617 640 749
43 314 370
15 40 203 298 512 559 587 783 875 938
52 66 300 337 472 577 696 726 727 805 969
231 356 358 651 746 981
137 191 248 327 763
176 267 283 610
106 124 337 557 578 580 590 689 721 869
513
291 348 454 462 533 649 917
108 131 220 342 358
130 546 579 784 786

67 533 736 766 838
41 171 202 230 362 399 626 833
124 275 337 361 384 488 690 760 818 988
183 508 684 687
303 309 616 799 889
27 75 169 228 302 457 607
6 451 502 521 671 684 688 733 874
392 560
335 544 551 886
48 129 130
370 431 479 788 804 971
39 143 158 357 629 819
133 195 252 458 572 973
22 179 181 214 364 501 600
158 203 234 238 361 760 935 981
449 662 744
564 602 675 767 950
153 243 386 465 467 572 827 837 930 933
33 569 714
90 235 243 414 706
105 160 272 462 612
272 360 638 696 841 930
878
72 135 246 319 481 642 775 856
41 320 469 618 633 993
79 237 343 419 578 824 862
191 279 704 760
27 87 192 320 552 813
110 139 179 428 659 728 919
58 561 586 589
468 522 582 603 662 717 804
318 325 509 590 659 704 740 906 992
74 109 312 421 443 536 577 662 788 910
38 46 233 241 370 433 650
57 275 389 658 750 783 954 975
93 400 462 706 827
126
102 200 533 700 794 900
137 379 388 544 798 961 985
229 230 238 352 554
61 112 338 468 646 677 807
30 137 509 953
2 38 409 435 610 611 876
21 96 411 450 503 735 912 970 999
407 488 565 590 706
14 111 633 762 850 979
114 300 401 690 762 764 959 999
75 106 198 292 349 589 630
346 483 597 682 718
81 82 210 862 968
58 370 384 442 565 675 691 700 778
157 174 215 813 875
425 492 549 759 828 922 943
34 296 636
120 196 453 468 526 550 555 783 864 971
123 952 970
15 357 603 904
17 36 56 408 862
11 158 194 311 319 545 674 875 921
762 971
172 301 328 529
12 614 660 669 686 821 978
116 235 425 704 726 759
265 395 547 999
266 541 856
51 650 930 950
60 300 545 607 939 990
116 238 350 381 444 623
534 768 785 840 991
52 82 153 611 790
278 293 331 587 646 718 762 894 902 917 948
217 312 316 388 582 646
18 88 96 180 502 640 684 864 1000
73 685 733 833 958
29 174 365 678 737 939 952
220 503 863 884 919
408 409 495
11 34 119 206 319 403 472 662 670
14 408 577 948
91 219 450 482 518 773 960
1 16 240 320 376 620 656 803
119 132 361 377 414 487 730 778 801 812 853
62 292 554 983
2 36 193 254 387 649
506 534 552 630 687 784 800
182 333 339 493
19 48 98 345 379 459 626 762 788 791 851
224 231 350 363 859
211 409 550 671 875
404 561 941
108 241 400 411 546 563 888 935
87 412 493 601 829
329 341 456 574 753 954
116 187 318 434 452 631 643 764 860 871 883 896
20 63 136 553 556 620 690 722 932
34 150 263 414 508 579 607 854
132 279 309 713 732 841 859
216 657 748
350 801 829 876 927
13 35 87 835
84 350
356 482 584 586 597 610 855
87 375 770 824
178 244 309 418 494 574 601 708 718 760
255 343 528 658 670 672 759 825 913 919
16 118 294 331 412 938 997
211 329 501 701 715 726 742
4 501 648 948
121 174 178 267 702 749 926 966
213 237 243 624
59 116 319 768 797 916 931 962
162 252 575 826
29 136 536 724 766
122 399 944 953 958 991
277 353 384 536 758 813 940
50 62 69 152 194 218 325 345 358 365 589 724 838
132 162 283 907
280 488 630 783 844 879
41 63 484 706 714 724 785
290 443 562 620 693 914
205 244 319 434 998
107 112 539 583 625 670
71 73 162 176 706 737 824
107 425 455 544 876
131 230 470 608
22 227 263 569
11 64 225 378 462 475
65 251 260 316 635 690 710 773 874
86 256 627 654 695 722 989
332 724 774 826 828
53 262 318 377 504
199 460
269 637 666 742 749 878
67 241 250 328 879 989
311 393 448 725 801 809 827 942
18 23 265 614
19 255 323 404 998
92
251 368 462 911 949 991
307
199 448 512 532 710 797
112 116 399 410 428 615 796 931
51 87 246 405 408 694 871 922
22 45 215 263 488 606 651 867 960
168 407 459 740 853
78 175 362 504 594 737 885
140 142 603
93 383 493 736 805
61 103 563 666 686
66 506 561 578 646 996
264 436 599 612 898
4 190 598 696
263 405 967
46 47 184 285 286 403 591 606
89 171 916
142 479 627 671 704 929 970
101 130 132 412 456 737
227 770 820
150 342 385 655 826 867 894 899
37 250 426 825
143 226 442 475 514 841
183 569 871 891
95 96 143 273 413 490 658 840 865
65 113 250 350 697
410 570 627 983
188 880
102 158 216 336 520 584 601 608 859
36
538 548 615 681 778 856 942
93 523 562 606 815 907 943
86 680 767 785 995
160 627 790 810 970 992
24 25 58 184 462 708
747 754 860
7 623
157 615 827 917
220 323 649 886 953 993
337 353 412 717 729 858 922
14 407 519 605 876 919 960
20 124 157 300 495 778 807 831 858 970
102 260 312 328 855 871
32 54 89 434 647 673
114 170 183 311 390 422 511 546 622 656 746 847 924 980
481 536 873 913
101 113 194 200 663 818 992
166 404 555 677 752 816 859 894 937 940 982
83 111 228 343 805 950 1000
182 301 503
211 287 384
7 201 317 382 598
240 291 581 597
608 838 923
188
375 435 572 665
376 483 506 519 603 701
40 84 382 742
421 541 756
253 477 737 757
9 161 255 289 466 535 861 887
65 554 757 836 879
227 468 580 593 679 720 883
53 308 333 782
113 274 418 564 572 611 633 833 835 918 937 947
7 29 346 362 414 418 485 743 752 822 841 919
369 380 893 905
372 397 438 444 497 730 854
29 173 270 283 375 553 630 705 713
167 172 452 616 731 916
233 267 278 728 943
74 105 156 818
100 156 399 584
125 220 298 538 799 976
294 313 349
5 142 284 457 465 583 805 984
423 474 522 786
92 163 370 416 659 798 962
432 549 787 910 914 961
289 325 331 368 455
332 522 639 662 783
124 150 215 283 380 645 714 744 913 951
53 114 178 591 691 698
4 34 110 328 722 749 898 940
271 376 404 788 918 936
34 77 147 572 615
149 257 521 539 557 821 954 967
102 127 478
21 120 208 387 416 509 606
99 333 383 506 856 902 928
87 154 360 660 937 973
390 801
25 502 832 860 939 981
34 89 94 168 329 387 696 854 926
297 609 704 746 919
72 257 259 371 492 981
69 174 380 556 866
36 485 527 631 635 817
79 92 338 561 934
54 110 232 860
185 726 814 841
136 439 488 617
153 228 395 421 458 538 566 607 638 749 986
85 92 315 407 458 532 756 972
74 193 238 247 313 381 605 760 806 877
374 742 814
72 133 226 349 718 932
208 299 465 637
24 169 219 428 743 883
357 988
7 341 389 483 573 618 633 712
310 620 950
67 106 130 564 716 819 982
357 825 862
285 474 568 756 759
151 444 603
281 449 474 688
119 232 345 794 973
52 162 331 390 483 699 940 967 989
81 191 208 576 602 839 875
18 132 353 499 508 587 592 752 872
29 47 311
46 121 303 526 762 766 810 863 930 981
63 88 254 327 652 831 877
414 467 567 595 878 889 980
7 448 731 760 859 927
411 473 545 954
123 329 336 403 485
6 192 274 708 798 833 960
202 239 296 574 847
226 239 475 544 690 906
76 125 245 290 382
44 318 341 355 387 394 764 887
25 32 488 929 974
118 193 332 793 883 949
811
60 166 442 673 677 721 828 939
5 67 184 342 797 835 906 915 952
160 170 373 750 900
5 175 405 549 612 673 942 959 982
25 135 161 303 423 444 500 530 536 892
220 232 310 482 594 746
91 251 437 878
174 252 631 725 841 858 884 950
171 230 410 595 621 645 761 794
255 432 605 730 886 930
68 77 249 334 576 770 841 854 877 912
198 371 534 590 745 771
217 302 490 658 824
106 209 317 386 454 499 522 825 886 955 962
263 298 366 526 591 622 769
362 438 449 486 563 581 583 880
83 343
102 112 127 712
221 626 726 734 763
318 483 794 928 950
197 216 256 289 328 477 721 859 937
48 297 600 875
37 212 234 318 587 711 730 931
517 541 697 832 957 960
4 384 598 741 822 880 920
144 152 321 419 447
148
51 242 372 682 953
66 103 130 154 622 729 769
413 476 538 602 617 702 933
210 395 735 799 922 933 953
58 113 220 414 476 613 694 872
167 238 285 362 372 766 871
79 205 465 564 958 982
134 262 389 612 977
51 278 296 536
163 558 660 943 951
105 134 188 309 407 498 552 632 789 880 912
282 446 574 748
172 469 646 748
354 421 453 652 699 811 827 835 908
57 211 481 710 820
342 548 897 999
245 306 668 692 884 911
59 407 456 479 602 696 857 927
114 339 690
200 344 389 512
160 695 964
92 147 164 412 442 716
290 293 361 430 505 676
11 244 838 936
12 35 352 411 444 647 670 808 886 889
132 511 841 933
125 453 820
187 402 554 963
34 112 294 470 694 786
157 177 371 469 525 896 919
178 507 511 917
53 77 330 575 658 958
179 407 427 610 626 784 789 912
60 212 642 722 856
296 352 440 451 507 585 683 724 794
4 62 368 388 526 541 618 687 827 840
4 481 585 625 680 931
37 226 334 505 573
274 285 290 590
245 573 713
342 455 761
2 347 621 624 776
57 138 529 699 702 719 808
213 292 344 429 728 842
