1000 4842 0
87 390 478 716 739
383 921 999
41 627 793 952
128 168 260 318 448 540
40 140 354 445 466 542 695 807 965
192 654 766 953
47 151 335 339 642
590 615 739 766 963
203 266 354 707 725 848
23 52 90 467 805 919 923
88 177 179 810
356 686 709
51 372 714 939
257 273 296 337 352 375 535
671 703 783 866 976
192 405 769 957
750 869 999
154 278 614 885
159 207 872
199 244 249 542 850
468
283
10 352 460 817 919 953
299 394 623 750 789 820 919
67 115 135 167 207 248 525 554 604 688
637 690 860
170 906
500 858
71 587 611 877
237 366 394 595 596 641 759 838 883
281 361 455 649 664
265 883
245 307 524 703
73 240 360 704 948
512 579
442 494 552 870 888 950
163 228 453 489 507 737 861 882
106 152 203 240 242 302 332 865 970
90 373 390 429 488 530 797 880 969
5 580 678 759
174 506 536 576 619 896
514 583
231 398 506
73 107 633 979
146 177 217 744 799 906 934
839 923 942 952
7 20 49 523 978 989
56 414 489 642 772 851
47 376 667 701 960 985
95 135 586
13 110 255 654 698 878 897
10 119 211 401 926 988
91 123 865 999
130 498 918
250 267 356 361 467 612 889 977
48 237 395 507 699 740 754 939
120 256 448 457 727
160 171 254 505 720 721 943
93 184 348 570
276 418
71 261 437 757
177 208 491 657 726
132 319 328 698 875 876
85 136 317 385 882
192 537 555 587 619 724 939
157 400 576
15 25 76 157 511 746
75 876
19 301 627 807 848 935 983
170 573 689 716 823 873 955
61 500

34 44 184 407 901
32 43 114 321 422 440 532 755 859 929
41 68 194 198 286 713 864
67 154 324 840 902 935
93 375 389 540 590 714 885
720 805 879 941
442 477 919
487 531 978
114 153 250 488 537 695 909
340 496 534 555
224 362 710 928
568 731 870 997
64 246 963
245 441 960
1 859 888
11 165 170 272 572 655 753
138 560 640 814 966
10 556 721 813
53 124 367 528 563 717 771
24 346 403 479 520
59 77 150 186 214 348 395 443 477 501 612 635
802
50 195 688 905 992
142 438
576 759
531 958 965
235 277 717 853
131 143 449 634
27 280 339 596 686 877 949
272 466 514 572 705 728 962
249 389 760 792 830 902 930
466 665 909 970
99 124 163 221 414 511 537 556 707 741
38 58 115 144 640 741 847 870 947
44 122 514
285 525 733 759 889
222 356 435 684 813
98 628 673 950
677
51 133 196 275 492 723
145 263 329
81 342 438 660 664 843 940
25 106 402 472 657 868 884 886
235 531 583 953 980 993
501 929
269 386 546 599 697
52 175 185 196 645 764
57 557 563 887
201 242 793 797 958 973
107 136 393 849 992
164 874 903 955
91 130 266 398 741 787 803 893 897 937
172 215 579 749
235 341 587 864 920
187 444 497 629 747
4 219 797
147 166 461 853
54 124 167 241 344 731
100 541 681 972 998
192 366 683
112 156 331 640 690
162 167 235 364 394 810
25 561 958
122 352 400 413 614 724
159 170 200 484 585 684
89 159 167 265 449 585 747 759 778 806
365 373 668
32 309 475 925 995
450 690
60 96 775 869
100 372 977
106 110 170 544 546
66 113 538 567
487 635 659 661 675 685 742 796 848 883
129 255 450 617
384 853 921 974
217 911
93 133 152 222 447 708 740 824
215 350
35 38 150 182 270 437 447 602 621 946
81 384 424 441 757 975
18 76 391 663 689 836
113 977
133 254 525 869
66 67 205 373 866
510 559 812
19 137 138 632 807 845
58 176 374 403 758
594 807
26 134 284 324 415
37 213 522 682
123 481 921
88 289 694 912
220 743 951 961
130 138 407 715 805 806 906
4 781 841
195 206 353 586 621 741
70 88 144 630 766 839 872
58 284 345 393 757 834
125 167 183 537
524 671
41 570 969
119 201 310 658
160 370 589 765 853 950
11 62 296
64 248 624 670 938
11 17 209 361 646 659 821 950 971
385 592 663 771 848 892
719 721 735 887 964 971 991
152 325 362 460 982
172 918
59 73 468 851

93 284 427 726
127 129 290 542 578 607
89 484 591 741 922 967
296 442 809
259 415 464
385 541 591
6 65 132 199 748 899
298 509 558 669 954
75 85 258 329 501 562 601
95 169 203 563 916 968
112 119 251 264 335 340 452 977 999
483 619 726 896
75 199 552
20 192 265 566
137 454 782 948
121 175 332 639 699 739 912

38 141 195 387 493 580 877
252 416 476 489 561 801
157 236 613 945
169 307 436 574 620 785
19 896
118 224 489 664 762 878 987
179 354 678 780 871 933
24 535 618 708
52 301 433 619
998
163 487 583 900 981 1000
225 804 866 872 873
125 151 166 264 367
408 922
45 149 502 523 695 767
349 522 545 858 962
128 351 405 413 561 633
166 272 693 931 975 980
105 300 376 572 700 925
150 356 457 660
322 467
83 208 352 497
230 400 550 551 664 749
240 725 732 915 922
272 585
37 305 310 344 429 441 953
725 936 946 959 961
225 360 461 812 826 928
43 327 552 832 846 874
354 400 517 618 700 946 952
75 304 780 800 832
553 752
99 116 126 134 275 541 548
205 445 659 709 803
30 56 136 248 508 769 873
797 874 992
387 735
34 38 226
130 253 300 593 614 772 817
121 447 618 665
542 738
662 983
33 86 569
85 356 757 827
819 913 975 979 992
25 167 178 237
20 743 760
55 61 81 348 470
196 362 542 617 945 964
350 629 911
241 519 548
58 156 317 847
51 147 450 662 846
57 94 443 487 731 815 954
14 244 689 769 824 944
63 84 289 399 628 885 998
190 348 384 829 910
4 272 441 653 700 971 999 1000
61 412 553 689 890
347 464 553 784
474 676 740
196 291 329 959
32 138 199 353 544 592 851
124 445 620 651 911 924
55 343 456 574 817
305 463 556 643 696 870
118 615 758 767 790 793 797 847
152 288 543
382
13 88 102 260 368 750 827
14 368 479 512 719 810 974
318 599
112 235 420 619 781 802 927
291 819 917
99 319 477 592 610 716 733 853 863
18 603 778 835
734
305 658
31 131 306 353 405 713 717 797 902
336 595 639 669 752
22 468 623 747
162 171 521 813 938
108 869 904
75 112 222 634
363 618 796
156 270 487 494 650 671 725 985
165 249 258 578
9 187 487
264 276 297 342 745 847 852
395
457 622 729 894 965
189 393 394 925
332 597 963
14 127 177 189 409 616
291 342 406 481 536 592 594 741 749
193 367 584 600 762 763 983
24 464 708
221 241 323 547
69 211 714 755
38 641 652 836
538 639 771 981 997
233 406 509
172 228 268 311 341 481 494 511 792 841 965
61 281 573 726
33 206 312 499
313 612
140 328 936 999
228 388 722
305 922 991
307 362 423 600 650
308
450 643 691 782 977
446 782
183 342 423 469 593
64
4 274 714 792 943
63 511
425 524 546 567 634 748 789 792 850
74 413 464 646 698 716
223 368 589 750 961
300 686 706 802 940 997
76 162 299 606 702 767 771 830
182 384 386 863 884
255 617 737 778
231 943
309 711
113 194 264 345
354 371 640 828
407 477 983
38 638 641 725 741 844 881
100 675
218 443 665 760 853 884 889
7 196 354 451 664 668 761
282 598 628
14 493 516 544 965 980
363 371 486 507 566 623
101
82 196 549 775 875 909
126 305 398 703 717 914
291 316 503 575
267 459 488 729 773
130 228 382 410 480
171 480 747
92 521 575 765 769 780 797 842
262 556 800
93 259 449 768
155 218 408 457 480 848 966
252 278 395 692 799
219 376 787 826
14 23 136 224 592 660
11 169 265 281 372 475 561 832 929
5 9 209 232 330 335 357 568 653 820
404 720 908
12 55 109 222 244 246 442 521 563 592 709 909
85 354 616 747 785
766
45 371 494 508 880
230 460 841
31 55 179 396 960
83 123 182 251 267 312 735
287 324 455 738 922
134 318 531 992
103 139 415 432 852
30 132 505 788
91 215 298 553 558 600 694 768
272 273 322 586 627 951
663 931
87 176 673 828
330 338 359 442 676 841 948
13 143 353 803
39 139 157 606 662 725 905 913
19 160
14 77 678 796 998
49 221 351 470 645 948
620 723 828 906

433 630 917
662 929
766 948
57 271 344 410 749 816 954
2 168 386 417
148 153 259 325 397 577 640 646
64 180 191 496 754
118 163 325 383 599 670
203 239 802
24 310 599 743 756 761 779
103 849
39 216 872
154 480 515 541 750 967
648 669
122 171 482 894
24 30 134 444 531 977
13 56 93 292 350 696 774 948
361 731
384 433 650
124 341 706 712 810 941
258 348 449 665 921
66 136 225 232 448 492 605 860 936 962
52 151 446 785
115 130 158 619 837
92 160 309 927
890
16 219 281 576 879 931 960
297 304 758 779 873
73 167 331 488 557 636 976
216 476 600
296 443 605 921
344 382 436 656 836 852
588 669 723 832 852 889 920 989
261 416 459 461 963
219 321 384 533 609
48 105 532 557 685
162 190 878 939
33 204 496 662 722 754 759 919
383 576 599 814 868 874 952
620 634 707
331 501 521 732
275 511 513 558 930
494 747 789
58 74 207 577 583 628 983
312 316 429 487 863 930 943
232 576 778 800 982
534 537 724

515 604 694
86 511 528 980 999
39 228 423 566 724 730 885 947

480 698
988
211 397 703 881
996
109 499 863
206 410 422 824
152
488 496 823 878 935
423 527 555 962
74 581 695
86 153 228 260 491
36 79 189 356 371 851
93 256 334 409 742 926
394 650 801 866
5 236 266 844 895
315 401 595 771 864
150 152 242 482 564 699 706 826
4 57 186 400 460 538 768 891
100 138 543 929
141 147 255 314 497 552 589 705 721 782 928
335 586 796
196 838
37 903
29 200 861 879 952
482 850
77 267 517 621 826 864 930
222 349 468
507 584 780 806 873 912
412 817 907 936
23 448 684 776
230 412 552 647
273 843
268 488 522
262 299 321 468 660 735 935
525 809 899
5 102 104 281 665 891 912 930
55 159 166 223 509 607 709 759 762 962
21 184 283 457 618 687 997 998
238 316 870
250 376 605 656 859
250 640 750 792
115
592
263 511 700 983
140 353 472 909
204 408 542 639 958
93 331 548 584 593 705
1 500 754 964
92 273 621 636 861
344 349 431 991
164 297 305
393 447 455 484 631 754 829 839
197 370 623
137 188 482 692 816 892
620 633 788
117 338
81 146 213 256 288 290 423 623
39 88 343 438 463 550 724 746
37 48 204 208 518 705 799 988

62 441 724 962
112 400 955
158 203 337 580 816 839
36 288 305 359 421 642 697 791 929
853
82 92 385 416 438
127 224 450 860
54 540 541 690 772 940
307 435 939
33 34 71 246 358 670 768 781
93 194 419 659 761 972
217
71 171 342 605
507 843 979
58 366 702 707 817 980
41 43 627 758 824
56 338 458 504 517
237 359 559 588 597
193 304 467 576
583 643
67 105 305 319 420 428 474 790 914 919
35 61 273 922
420
42 102 107 229 564 941 945 993
188 391 427 672
150 283 337 711 724
232 507 628 719 937 990
78 489 984
253
92 735 783 989
284 346 356 419
163 218 840 911 967
47 217 662 756 823 840
33 173 320 629 901 912
25 108 156 465 658 672 949
529 783
439 617 822 826 933
91 428 628 716
275 460 526 616 689 730
39 816
80 98 223 364 394 716
74 583 708
17 413
867
14 210 938
41 112 297 794 800 906 992
65 81 105 172 560 648 706 708 756 922
306 448 567 833 846 907
567 698 753 981
4 498 777 981
131 391 498 737 903 964
5 20 243 251 476 749 829 875 899
270 449 986
144 265 337 811
70 218 616 678 703 722 887
144 262 320 585 588
115 300 621
235 253 300 950 969
48 622 626 647 657 942
53 225 463 488 559 607 657
225 588 602 718
231 450 461 602 650 827 847
234 262 367 689 821
25 677
65 82 439 740 834
20 90 105 268
120 407 414 510 726
193 420 588
158
89 537 594 596 606 689
135 204 219 647
483 588 836
91 120 356 729 757 813 822
447 514 574 876 911
782 913
199 338 429 740 816
145 320 538 539 637
84 354 930
627 676
59 79 127 919
541 627 851
88 102 221 662 740
70 306 950
206 564 653
346
41 66 97 405 417 424 509 614 708 868 939
384 422 529 972
187 248 289 770
35 125 349 595 821
40 300 493 636 691 883
18 385 589 748 923
729 812
42 116 213 422 510 532 564 585 669
298 458 477
137 138 211 227 546 583
169 451 944
29 65 126 792 876 952 979
166 508 546 551 558 562 681 683 841 890
176 322 450
8 77
191 815 856
265 277 297 352 356 473 723
241 316 806 905 989
161 297 560 716 987
30 143 282 446 579 748 918
101 560 588 715
295 508
336 614 649
106 118 274 386 388 417 934
298 312 367 408 446 788 793
194 907 914 959
152 503 551 652 969 991
278 769 851
25 427 682
400 409 825
324 373 560 698 752
187 467 550 608 624 645 972
607 737
413
723 740 748 795
29
55 93 308 619
205 845
18 241 576 598 901 904
8 269 692 780 858 943 970
296 357 529 545 625 686 742 868
147 251 326 527 827 830
210 232 242 287 654 835 939
41 65 275 402 571 612
206 266 377 418 485 641 676 883
22 152 169 305 479 547 647 884
277 293 505 549 641 653 677 892 904 954
24 283 338 483 487 650 660
607 661
616 790
549
3 368 506 569 571 696 723 731 761
110 258 336 422 487 517 528 845
127 196 219 252 524
170 379 702
105 482 744
946 956
219 485 608 688
100 286 320 418 573 719 776 916 926
146 591
407 479 580 603
26 101 567 758 974
299 332 668
201 282 303 476 562 851
106 133 330 384 471
30 86 302 622 824
7 494 915
268 510 760 859
488 781
119 376 607 962
179 863 884
204 461 561 621 693
537 757 867
31 160 426 443 602 823 880
288 312 344 397 444 552 623 748 827 981
266 704
247 798 942
260 354 574 622 865
6 51 613 618 674 675 958
88 631 667 734 757 787 893
175 410 470 672 893 967
62 115 549 550 697 867 936 985
175 280 525 835 874 884 944 991
146 179 236 501 552 867
114 222 352 464 909
624 823
130 373 380 416 465 523 572 656
154 180 316 369 824
31 114 208 225 335 961
104 242 334 399 466 593 697 902
360 880
49 428 549 721 731 912
139 335 638 735 742 773 783
193 282 392 411 583 729 753 914
178 386 435 500
15 173 834
515 525 656 823 990
110 230 370 453 988
654 673 734 779 934
146 211 333 486 727 793
263 371 569 620 987
111 554 569 622
209 375 892
711 781
412 768
131 218 588 778 918 986
163 301 604 904
132 350 546 588 879 951
109 137 343 832 852
146 414
12 101 323 616 814 881
368 468
25 95 633 643 812 840
70 154 257 261 553 560 845 896
26 498 831 965
580 749 800 909 928
116 287 350 484 822 859 869 916
220 647
165 363 367 427 645 874
5 81
200 268 352 395
118 494 665 805 960 962
51 63 321 431 539 606
56 201 925 960
232 474 570 745
49 619 807
324 630 770 943
15 33 341 433 451 545 862 866 887 932
34 651 850
477 489 1000
323 398 537 826 860 898
9 105 191 418 505 767
210 299 532 576 618 933 986
12 236 356 467 500 735 774
83
328 679 883
398 801 819
281 741 891 905
13 77 301 318 859 866 995
167 596 823 960
1 156 277 321 528 531 703 741 807 876 944 998
91 99 267 281 341 381 790
551
181 273 517
58 78 392 970 971 983 996
58 90 181 450 667 781 945 980
310 545
112 377 411 592 610 627 710
136 425 429 488 491 874 943
9 226 229 288 332 373 990
62 197 306 557 888
57 675 894 919 934 961
102 848 869
293 343 563 582 778
429 542 564
84 130 256 396 627 667 786 948
110 226 419
108 415
352 412 655 674 905 974
239 362 520 577 709 896
104 742 775 795 806 887
37 326 541 608 883
243 318 363 766 820
8 201 399 479 840 855 942
56 89 263 555 566 572 610 860
105 106 124 169 186 188 297 332 713 716 972
146 443 616 668
249 388
45 631 954 968
291 700
67 793
138 283 345 357 421 617 751 909 919
192 320 581 610 777
125 183 225 297 382 542 763 800
17 272 322 391 471
75 599 747 834 969
282 606 684 927 997
88 539 669 834 943
56 385 416 478 482
74 252 301 648
388 390 523 537 995
61 171 545 563 648 655 788
160 269 506 768 831 907
30 40 97 138 416
26 249 334 643 773 906 940 954
335 388 391 501 627 791 867
208 298 467 727 751 899 951
298 749 809
119 972
176 346 808 890
8 358 738 936 952
269 324 707
348 367 680 758 817 851 892
16 237 346 412 603 960
578 702 856 913
91 180 324 446 890
48 241 251
343 668 760 853
293 395 709 923
42 112 142 736
634 846
540 821
278 326 424 578 681 904
388 406
209 233 346 458 615 935
168 275 500 644 679 721 797 936
200 315 565 795 991 993
15 462 520 526 843 862 866
425 604
206 357 401 702 916
147 532 632 731 907 994
124 351 655 907 936 968
262 366 757 836
24 421
269 438 625 638 717
51 494 581 794
103 104 305 318 320 471 587
3 121 223 269 600 675 746 788 897
536 786 791 966
610 736 782 855 970
146 287 375 451 630 835
39 121 128 238 269 281 346 515 781 798 894 971 973
652 718 797 988
45 350 489 874
233 347 424 536 691 715 749 854 996
204 655 712
94 275 323 387 462
124 226 236 372 941
822 880
10 78 167 930 983 991
138 167 593 736 825 903 959
5 69 159 161 435 701 716 825
197 765
189 763
11 134 273 398 822
300 544 810 884 906 935
158 230 582 688
90 109 284 544 563 872 942
53 89 417 686 883 890 968 988
256 338 591 933 992
245 382 484 493 530 566 863
23 241 267 459 505 768 946
742 872
247 276 712
24 299 354 738 859
179 553 579 937 962
527 692 804 810 949
70 438 523 649 672 715
150 173 257 359 436
806 807 872 975
230 447 456 527 538 706 968
246 272 552 617 650
330 370
259 482 542
103 324 606 892
690 758 830
231 353 476 565 684
670 977
171 458 523 671 751 753
278 796 847
302 410 562
402 892 943
30 452 858 992
46 170 384 482 493 631 974
76 522 523 688 739 866
168 305 371 934
897
114 462 504 783
445
159 613 628 689 888
255 538
106 254 269 291 552 835 973
9 69 146 180 728 904 925 926
122 389 536 932
320 455 704
48 77 132 184 265 313 603 755 768 877 881 923
291 365 410 411 684 923
99 129 277 314 334 495 598 773 993
157 471 800 875
150 739 795 931
126 591 616 770 880
881 966 976
28 218 424 615 838 943
74 87 352 643 692 714 820 934
26 106 400 497 740
37 424 454 479 920 993
703 783 864 903
159 277 423 435 646 816
75 126 344 446 456 846 862 924 955
38 53 101 653
15 157 214 444 595 783 840
534 648 657 659
115 576 616 933
142 156 434 692 728 996
84 106 268 469 785 827 961
209 969
19 170 214 818 825 858
20 214 237 406 539
123 231 238 417 658 694 724 799
63 340 404 854
63 68 253 338 564
29 101 851
51 208 415 438 905 980
78 405 454 683 958 971
39 359 503 649 666 856
332 433 686 851 857 951 992
37 64
30 32 146 580 620 711 737 814
115 325 334 454 621 646 811
18 77 258 429 919
115 252 418
120 545 651 736 916 982
36 87 726 845
55 108 295 334 411
261 324 404 588 771 814
448 713 906
180 484 622 678 768 830 837 981
124 655 656
293 393 727 896
445 617
41 197 207 689 735 778 894
46 51 99 124
552 706 798 987
192 465 542 762

73 524 614 957
103 151 281 665
453 541 806 862
285 544 614 622 682 778 848
95 373 593 713 734 823 878 943
27 45 167 171 377 536 760 811 891 967
121 459 538 601 758 786 787
130 355
104 340 356 475 660 691
259
149 172 252 266 564 918
165 201 458 466 524 667 933
247 373 565 770
341 511 669 749 933
226
69 195 634 692 785 887
276 379
54 183 595 681 911
23 24 79 321 336 416 570 720 727 747
411 488 861
2 164 399 409
188 216 226 311 363 537 677
10 25 46 581 774 852
864
221 255 294 848
443 483 634 848 995
275 285 752
83 230 450 691
74 117 353 494 992
423 456 457 466 568 805 949
220 369 405 855 934
483
209 223 527 708 815 868 912 914
24 45 297 599 674 727 841 931
76 438 464 811 999
384 400 657 766 781 787
124 517 578 821
178 284 535 641
13 56 65 415 618 788
114 323 498 760 995
78 398 514 803
46 549 652 739
58 318 423 615 702 724 837 858 905 988
257 602 658
205 251 333 514 528 721 860
152 229 232 632 817
429 605 849 960
200 371 381 395 731
79 101 289 525 822 930
36 110 176 179 548 573
166 457 683 762 785
46 162 232 417 454 766 874
6 23 228 992
256 435 622 744 760
70 123 164 492 864 885
632 1000
16 89 901
98 121 476 654
229 264 601 773 806
86 361 697 715 769 939 947
166 229 322 727
102 439 467 491 697 821 978
8 85 295 412
181 251 365 478 541
5 6 98 305 337 690
89 349 794
188 391 522 656 747 906
195 787 814 826
39 174 602 751 871
38 104 615 720 795
179 181 260 720 797 879 977
219 492 501 577 607 764
121 797 847
148 273 526 637 734 839 880
153 247 825
330 407 857
143 155 196 314 394 711 833 857 971
47 382 962
44 504
116 220 337 428 505 587 721 878
213 650 892
182 424
69 244 298 331 474 720 805
518
49 172 288 595 657
543 617 708 711 842
208 594 676 898
52 432 489 673 695 798 814 943
47 411 520 593
589 672 725
181 311 357 480 601 782 805
95 122 238 247 364 536 815 838 929 947 953
116 451 514 782 853 861
786
140 714 756
419 434 488 584 720 869 907
303 323 430 468 538 752 855
131 212 258 375 468 716
2 17 53 260 309 329 413 428 935
213 260 308 705 956
