500 2428 0
66 125 198 391 423 449
31 48 78 195 309 370
126
405
188 189 378 487
116 176 204 291
135 249 341 380 427 442
74 142 175 240 305 326 414
113 137 259
34 37 111 145 190 268 313 379 483
56 106 183 298 365 402 442
37 135 332 364 384
44 113 142 154 160 186 201 347
54 59 138 149 180 308 310 394
21 44 177 219 323 402 417
35 109 145 183 285 320 448 460
44 194 371 375 433 479
97 121 200 463
48 148
158 259 345 408 472
15 106 278 297 330 349 494
131 155 256 273 475 496
125 135 345 396 456 466
112 238 262 294 383 441 479
99 144 344 375 423
45 71 72 87 286 359
149 182 383
275 457 485 499
322 462
230 262
2 83 231 320
85 137 228 305
126 206 212 269 304 327 384
10 206
16 84 173 249 360 386
80 267
12 115 372
47 126 196 244 272 292 408
98 164 332 427
248 353 454
63 81 445
50 128 179 369 445
141 202 206 330 484
13 15 17 278 303 412
26 92 111 145 167 260 375 463
112 218 239 273 281 467
38 89 114
2 118 181 244 277 485
84 308 360 399
42 92 220 431
99 422 494
44 108 147 201 322 461
147 163 199 440 490
14 70 203 256 472
79 102 106 109 236 403
11 248 265 402
124 180 445
72 127 454
14 106 125 224 303 470
94 140 145 159 166 207 263 289
151 359 361 362 377 392 435 440
63 92 207 334 339 394
41 62 101 269 329 334 370 423 440
41 216 365 423 438
157 221 255 259 294 334
1 180 212 429
211 255 413
197 498
38 92 201 228 257 272 286 329 377 426
54 396 457 480
26 238
58 95 151 421 491
187 258 340 406
8 148 209 279
362
448
266 447
2 244 261 274 295 461
44 55 143 273 369
36 257 310 490
41 370 389
244 362 474
31 261 270 294 360
35 49 150 212 248 263 272
32 96 191 199 332 390 462 476
194 260 413 459 468 475
26 92 112 149 197 207
161 200 247 481 489 490
47 306 334 335 498
118 148 223 427 449 460
208 458 462 478 493
45 50 62 69 87 222 297 400
114 120 156 159 257 271 299 335 368 397 475
60 241 283 352 433 469 473
72 214
85
18 158 389
39 71 281 338
25 388
154 204 274 393
63 68 107 342 362 415 452
55 66 148 190 202 230 490
368 397 398 438
115 416
335
11 21 55 59 147 270 279 494
101 275 373
52 255 362 422
16 55 197 490
132 450
10 45 456
24 46 87 303 496
9 13 160 200 267 363 411 482
47 93 293 327 358 387 467 473
37 104 153 227 358 485
6 156 366 421 448 451
128 138 139 210 219 260 342 428 441
90 209 231 242 493
229 251 302 426 432
93 191 278 314 382
18 124 257 323 328 425
120 170 215 257 261 268 306 339
137 265 301 495
57 121 153 395
1 23 59 257 341
3 33 38 179 194 275 434
58
42 117 180 203 206 292
179 340 355 370
147 218 301 386 463
22 145 158 170 197 408
110 168 221 363 407 429 465
231 281 306
175 242 383 493
7 12 23 205 232 316 372 383 456
232 371
9 32 315 438 447
14 117 169
117 169 261 265 323 340 392 402
60 168 219
43 128 203 293 314
8 13 157 378
12 79 217 287 309 385 391 451
25 135 270 284 312
10 45 60 131 348 423 463
278 321 365 395 419
52 53 106 130 210 244 311 365
19 74 90 102 200 258 494
14 27 87 252
84 317 404
61 72 255 316 397
161 414 454 470
115 124 183 284 412 453 463
13 100 248
22 157 182 283 344 479
78 93 116 254
65 142 155 264 335 426
20 97 131 170 309 369 415
60 162 279 387
13 113 405 425 426 490
88 152 279 487
159 174 202 250 303
53 212 247 301 392
39 187 267 448 497
9 174 348 350 437
232 301
277 411 426
132 218 236 345 418 484
138 139 189 207 253 258 267 381 418 464
122 131 158 397 499
207 245 444 450
428 438
35 364 414
162 165 182 268 296 440 496
8 134
6 211 217
15 497
203 267 303 436
42 126 129 230 248 272 286 354 393 439 453
14 57 66 128 188 211 230 339 441 465 485
48 173 304 379 428 467
27 155 284 366 496
11 16 51 153 472 499
253
280 323 458
13 225 264 454
73 164 330 357 366 440 458
5 180 207 273 315 392
5 169 439
10 102
85 120 198 217 408 419 432 441
224 378
60 240 283 355 378
17 86 358 438
2 226 370 454
268 277 296 345 347 382 444
68 87 109 162 175 334 363 404 448
1 191 386 471
53 85 354 368
88 113 148 251
13 52 69 322 390 407
43 102 270 392 473
54 128 141 259 274 323 441 473
6 100 213 306
135 248 300 355 424
33 34 43 128 296 431 459
60 62 71 87 169 171 188 334
91 225 259 311 395
74 118 170 245 313 370 484 488
117 147 305 368 422 441
67 176 180 452 484 492
33 39 66 84 163 373 393 439
204 362
95 237 262
122 427
64 246 346 364 489
143 176 191 286 330 338
46 130 168 249 386
15 53 117 140 331 418 481
50 236 398 474
65 132 369 493
92 494
90 345 359 403 421 434
59 192 256 293 352 446
186 208
32 88 195 482 500
115 264 276 341 474
32 69 229 300 473
119 228 255 357 376 449
30 102 179 180 264 290
31 118 133 248 253 434
135 136 166 352 459
313 418 447
287
316 334 380 400 415 421 453
55 168 220 250 333
214 429 437 443
24 71 331 400
293 340 440
193
368
118 134 358

38 48 78 82 270 290
171 209
216 351
88 163 269 329 358 474
40 56 84 154 179 205 231 296 422 427
7 35 218 323
162 236 406 446
65 119 200 362 451

111 169 184 231 338 394
156
65 67 108 151 229 313
22 54 261 298 438
69 80 93 122 125 186 330 369
73 148 169
9 20 65 203 208 298
45 86 117 291
78 83 122 139 233 256 426 452
24 30 214 264 298 367 368 430
84 190 308 323 360 429
157 186 227 230 262
56 123 139 149 298 319 342 343 471
77 154 348 489
36 113 164 169 178 324 480
10 122 174 196 269 413 460 474
33 247 268 367
83 106 144 202 244 375 455
93 396 428 447 466
38 84 179 360 376 420 433
22 46 79 188 298 386 395
78 100 152 203 333 416 474
28 107 126 413 456 460
345 367
48 167 196 417 433 440 490
21 44 120 146 372 381
74 106 159 161 351 426 493 500
185 318 359
46 133 316 445
295 344 494
94 155 193
7 144 153 182 430
16 301 307 390
26 69 179 217 381 420
134 143 155 234 306 427 464

60 93 486
230 244 382 410 474
6 260 337 340 362 385 472 496
38 109 128 380 450
114 224 239 312 346
24 65 83 398 437 469 486
78 282 470
174 196 206 248 365 389
21 92 321 439 451
11 133 256 259 273 332 481 485
77 93
205 228 373
123 130 163 166 370 421 476 481
119 373 446 474
44 59 112 150 162 178 196
33 181 235 323
8 32 379 471
89 133 204 287 344 360 375 429
463
14 263 373
2 143 158 330 440
14 80
12 147
144 266 293 403 448
209 233 255 339 410 495
120 141 475
137 401 422
135 151 235 281
150 464 494
280 365 408 426 494
265 355 383 423 484
16 330 373 418
145 146 297 425 464
29 52 87 201 416 457 496
15 121 139 203 249 263 304 486
267 354

359 419
33 114 356 361 393 478
121 385 409 456 479
63 69 247 424 474
21 43 187 217 257 309 320 344
219 238 343 419
12 39 85 298 490
236 274 279 390
62 63 65 89 197 207 235 327
93 105 157 348 443
373 384 427 460 490
291
98 217 253 361
62 122 313 362 442
73 129 139 239 291 367 400
7 125 344 482
101 117 265 345 394 406
265 331 461
25 155 282 306 330 390 423 426
20 23 133 168 196 223 276 342 346
216 293 345
13 196 295
145 165 266 335 377 463
21 323 381
165 394
246 279 381 385
94 224 232 414 497
40
199 324 355 413 469 475 481
129 193 205 319 379 421
327 368 494
187 229
114 115 194 242 247 398 495
26 61 223 280 326
35 49 83 272 306 477
61 327 456 467 469 485
61 75 82 101 108 213 291 339
113 132 197
12 173 216 366 385 486
64 146 147 318
182 187 364 473 490
262 269 276 383 399 496
93 210 241 262 356
42 79 158 221 257
2 63 81 129 195 209 301 410 435 485
17 136
37 135 278 442
107 153 300 308 320 336 492
472 486
17 25 45 270 306
229 272 385
61 69 348
5 192 193 487
10 181 305 355 393
7 235 292 498
169 278 286 349 351 362 390 402
120 196 200 290
27 134 135 319 367 388 451
12 33 336 429
291 328 351 364 376
35 198 218 273
114 159 457
99 383 479 486
81 97 296 468
72 85 201 285 333 381
143 374
61 139 163 188 202 437
100 179 212 327 379 469 495
14 62 253 282 342 350 400
124 146 273 436
23 70 271
93 103 151 170
103 147 220 294 358
49 367
92 235 238 340 408
63 315 435
11 139
55 223 300 312
150 197 484 491
4 69 160 430 460
73 250 342
132 201
20 38 131 191 318 400 484
61 328 458 465 473
290 313
113 167
44 153
10 67 86 268 354 401 419
8 152 173 352 466
101 158 235 442
104 274 322
15 277
168 169 219 233
146 191 326 413 469 480 491
272 286
72 116 223 235 301 355
51 108 210 248 315 456 479 497
1 25 63 64 145 249 319 344
43 205 329 360
121 160 274 321
119 157 160 167 261 279 318 344 486
39 90 215 248 287 336
117 172 181 271
66 132 237 263 306 384 387 494
262 390
50 206
119 191
17 94 272 277 446 469
126 223 231 410
61 370 401
131 178 191 395
120 165 237 392
35 64 103 137 172 194 256 498
179 189 212 297
53 63 174 187 239 277 309
24 117 180 191 203 210 360
7 11 12 311 339 372 415 427
237 335
171 196 233
35 41 57 122 281
224 250 433
77 137 233 271
16 76 116 164 197 312 467
1 90 229 485
110 171 292 496
116 143 251 297 474
101 211 261 459
153 179 235
40 58 113 186 195
270 336 478
111 135 275 328
28 70 176 322 387 471 498
91 185 187 409
86 206 232 300 452 484 488
16 33 90 275 336 405
52 343
29 85 91 465
18 45 130 145 153 294 307 348
169 287 317 321 487
132 180 409 462 488
23 271 414 496
46 114 181 361 448
86 165 389
94 294 321 354 361 388 393 419 433
59 68 152 295
198 265 457
20 54 183 291 374 453
94 114 202 203 366 409
82 220 227 247 268 274 290 302 329 451
22 86 93 314 354
85 301
354
91 327 455
17 24 155 232 328 388 422
70 267 419
88 219 298 301 354 372 400 417
113 226 341
10 477
43 168 209 211 319 404 408 459
28 48 115 180 298 361 370 449
289 323 364 366 374 388 426
5 161 169 378 464
60 209 459 465
216 266 490
53 80 88 102 160 277 332 336 366 489
72 202 404 419
211 373 393
91 118 134 221 279 288
21 51 106 148 222 282 317 356 429
123 313 358 393 453
22 112 182 291 322 367 450 453 466
51 164 177 352 422
68 89 380 438 457
28 170
226 279
