500 2017 0
139 407
106 190 291 494
165 194 262 279 303 309 420
6 116 307 350 413
180 291 498
28 143 372 380 499
112 129 236 424
25 105 171 237 260 291 310 492

22 192 249 273 309
119 121 150 161
40 152 344 393 432
66 233 350
91 292 428
77 243 261 400
373
23 115 132 364 386 494
49 194
92 414
27 291 371 419
30 308
10 88 141 158 426
129 237 332
63 227 396 467 470 477
202 405
72 340
31 178 292 417 440
213 333
43 55 343 397 413
21 41 96 445
35 259 289 348 358 387 389
45 69 120 148 304 319 345 499
80 369 444 493
64 153 257 270 286
31 94 125
44 429
68 180 186 279 295 355 415 420 492
171 249 418 486
284 339 445
87 134 229 232 277 478
12 25 211 420
159
120 175 186 204
40 102 235 278
32 52 190 367 398 447
49 151 215 262 265 285 401 412
7 182 222
154 238
171 445

288 445 469

62 69 241 461
33 88 150 203 279 357 413
122 495
46 50 112 229 309 390 399 426 477
148 225 297 382 396 488
32 195 215 399 405 421
50 271 380
164 169 257
147 238 299 439
105 130 385 478
195 379 465
34 54 92 108 123 127 139 227 314 399 409 420
54 98 167 169 421 489
13 51 86 321
179
119 233 313
41 221 382 462
439
18 205 270

6 196 284 285 411
186 255 488
41 86 137 373 413 435
31 73 100 308 359 361
194 288 304 359 439 474 481
50 108 200 248 354 357 392 482
193 456 498
129 282
340 434 486 491
168 334 404
70 112 123 364 492
25 167 221 341 430
122 177 371 409 432
279
45 150 177 266 353
77 234 251
15 66 96 165 244 246 294 319 385
44 48 50 102 289
7 92 302 457
170 290 367 458
112 284
35 104 224 247 377
419
372

232 449 454
44 50 140 145 293 416
60 158 286 331 484
86 134 374
18 229 258 281 454
51 84 92 265 272
64 108 339
8 40 62 118 195 330 351 414
264 328 473
201 241 294
64 78 355 491
133 172 182
33 270
268 408
7 83 249 299 432
224 230 243 326
20 53 100 203 283
195
267 292 440
261 328 391 479
15 340 378
11 58 60 194
43 287 338 394 423 434
124 176 291 425
39 85 248 475
19 124
121 175
138 179 216 232 248 487
75 132 134 440 460
64 114 386
92 279 280 436
140 149 217 280 308 376
70 237 343
137 276 278
32 126
4 286 353
61 126 422 495
196 259 385 493
175 191 287 377
155
216 266 305 400 426 457
18 64 207 354 361 467
40 85 99 129 238 279 398 496
22 274 333 390 391
37 84 461
51 68 481
54 300 437 486
148 160 183 254 408
181 296 355 473
113 309 426
240 388 410 440
86 296 314
11 134 173 174 307 393 476
300 401 412
12 280 286
34 123 233 271
16 48 362
113 245
4 26 333 363 426
98 448 483 495
85 100 242 481
42 280 282 451
145 152 163 318 408
105 217 281 351 372
147 156 453
110 192 256 327 403
54 71 177 187 201 301 362
151 320 335 366 499
284 374
164 402
9 82 190
65 487
92 96 392 415 426
131 225 274 308 327 334 439 456
232 419
46 57 198 211 262 282 323 334 387 446 455
81 102 164 188 323 366 455
43 50 124 461 483 495
40 190
30 178 374 499
27 162 192 306
125 228 365
5 37 149 386
39 243 273 321
47 172 193 397 416
35 67 145 193 203
85 323 361
109 173 369 479
37 145 202 318 397 400
156 309 445
290
168 225 327 497
2 176 193 324
37 318 372 393 434
163 254 266 284 338 358 373 483
13 97 182 302 424 486
74 225 325 332 422 461 464 495
254 260 279 329
49 73 140 142 179 208 223 317 319
94 268 358 453
45 64 192 218 232
48 408 468
51 78 195 218 229 305
164 412
157 209
54 114 183 205
43 263
71 369 499
39 464
139 153 201 274 418 461 483
333 362
80 250 333 482
18
41 173 248 287 288
238 400 415 449
28
146 182 346 469 482 487
58 112 300 328
54 138 161 190 280 306
496
39 110 310 394
156 288 310 460 484
75 160 437 491
8 276 293
136 283 389
342 488
103 113
57 79 147 224 255 357 457
500
1 17 64 299 316
130 346 384
20 40 102 200 262 362
479
74 85 172 445
98 162 198 260 342
371 487
167 266 280 367 438
131 283 296 311 381
324 345 407
130 204
48 140 212 404
177 282 460 471
118 148 204 213 257 320 355
44 53 107 236 425 477
81 158 203 235 245 266 397 423 428
160 328 400 420
89 199 227 398 407
155 222 259 280 377 422 424
13 304 347 356 405 441
142 254 444 496
122 126 268
10 59 323 388 456
342
47 88 135 362 417 425
278
368 373
195 392 409 449
60 190 237 339 488
413
34 49 162 240
134 188 222 426 432
22 107 135 151 185 363
127 148 195
117 229 281
3 17 46 229 417 440
134 209 310 311 413
345
46 103 338 378
284 348 403 434
87 428
111 121 197 432 468
201 358 450
110 260 334 435 480
313 355
346
10 219 328 364
129 141 468 499
131 140 276 320 428
355 382 383 452
231
43 44 192 252 258 308 367 398 459 490
3 29 86 128 140 391
179 216 234 293 349 368
102 194 244 261 405 489
39 80 351 356 373 436
210 251 387 431
66 266 361 380 435 471 474
46 150 154 234 250 324 458
34 100 141 152 165 174 253 344 347 446
136 292
8 77 219 277 281 344 436
90 204 241 387
92 188 435
5 121 196
148 430
5 221 222 299
89 107 475

497
23 271 377
161 357
57 61 112 227 288 338
26 78 114 161 215 309 476
188 238 378
21 91 193 194 314 344 494
87 130 187
30 32 246
97 138 301 329
86 107 178 216 426 494 499
4 150 207 236 356
19 21 342
3 10 147 281
218 219 249 340 414 489 491
235
128 153 377 419
68 271 398
64 105 293 302
161 297 376 465 470
227 420
110 273 416
19 160 191 297 321 383
57 76 89 196 245
159 165 266 421
292 340 399
127 220 368 414
184 259 426
5 61 67

222 231 348
151 229
24 294 425
86 195
105 168 204 315 409 447 460
347
194 248 357 401
28 209 321
89 171 173 249 270 312 427
389 462
216 333 404 424
34 137 205 283 342
120 409
67 102 106 244 482
130 233 368 466
403 465 491
139 232 308
29 85 114 328 345 351 365
286
32 275 314
12 14 214 228 272
50 246 331 474
152 208 266 286 326
30 36 63 107
4 56 172 409
162 199 222 276 362 432

402 472

37 110 201 271 276 372 449
33 67 193 196 282 409 450
54 132 220 362 464
95 192 220 341
18 57 76
164 419 438
30 55 76 88 184 391 428 455 479
249 324 352
156 199 355 386
318
45 179
27 34 95 114 165 174 327 461
17 45 264 327 425 484
253 285 340 420
17 147 180 185 389
109 179 227
79 85 433
19 42 96 124 374
192 329 469
101 141 282 457
12 143
314 398 436
67 98 136 343
118 152 265 435 478 479 495
238
104 284 387 445
164 278 453
56 69 276
15 228
164 189 306 340 484
62 135 331 435
177 180 357 434 493
31 173 207 460
451
315 342 344 375
12 141 224
61 108 117 279 303 336 361 496
170
2 94 130 150 347
43 74 120 480
84 177 217 261
57 81 165 409
182 186 222 273 303
4 244 278 376
198 360 431
136 138 212 395 425 440 494
75 225 297 341
177 353 365
421
72 97 227 232 233 348 358 425 451
116 281 321 323 337 363 427
91 212 275
12 86 107 398
73 145 284 315 446 468
350 396 453 473
63 229
259 274
171
4 71 80 234 263 400 434
133 145 310 322
163 291 392
5 99 144 465
27 163 188 308 405
38 225 264 426 465 475
90 95 98 192 460 462
50 64 178 243
113 125 251 366 460

120
352
27 123 251 255 367 391
90 156 241 306 323 395 446
30 59 71 206
14 66 361
461 472 479
159 169 236 382 425
20 283 468
85 143 258 351 445 470
441 499
81 255 266 363
67 75 173 211 290 385
275 288 376 476 483
59 144
22 217 359
61 421
53 84 116 190 262 292 451
251 255 257 433
164 273 309 373 390
29 137 224 279
57 471
187 260 273 436 471
59 199 221 307
247 484
64 198 311 393 435 482
147 195 212 353 497
92 208 356 358
159 217 219 408 440 459
276 392 448
130 162 478 494
64 102 119
12 21 100 195 499
44 132 325 341
25 138 223 374 424
134 339 456
474
18 77 111 148 177 219 248 372 387
161 169 366 405
11 67 335 376
50 345 481
84 145 194 311
63 143 164 213 307 315
116 120 340 495
23 86 139 346
7 171 268 375 408 431
51 347
24 224 341 388
2 45 52 69 78 130 224 239 249 392 444
267 353 389 429 489
410 446
59
418 477
381 410 436
45 294
40 206 453
128 158 223 230 361 378 472
27 368
75 158 384
85 214 366
175 192 199 436 475
110 118 219 462 480
46 201 217 246 280
38 62 391
94 169 198 218 398 438 494
27 57 223 420
65 250
251
30 35 81 220 275 278 302 321 341
237 427 485
24 304 407
170 297 453 487
1 66 194 317 378 466
217 325 362
189 256 296 339 364 387 440 492
5 92 227 254 347
6 32 102 177 342 455
57 239
