500 3087 0
20 375 381 434 496
44 57 76 103 154 193 225 434
29 64 198 238 298 308 383
18 110 217 220 252 456
101 233 238 318 329

89 118 278 336
43 51 73 131 284 462 472
27 169 190 198 246 265 382
195 248 396 443 498
81 132 146 153 204 215 216 255 270 311 338 404 413 429
13 65 167 239 495
12 64 182 248 277 332 385 406
160 301 349 455
70 183 191 244 335 467
29 139 422 475
166 190 237 337 351 354 390
4 232 277 290 346
28 44 63 74 152 219 334 347 361 400 405
454 475
24 61 160 187 205 272 436 441
185
172 184 192 260 297 333 375 384 425
13 62 68 132 140 155 200 225 326 429 455 458
22 251 305 315 342 392 442
32 81 85 171 175 181 196 241 405 462
9 87 141 293 349 386 457 464
19 224 330 335 355 358 396 444 447
3 129 152 159 406
132 187 211 255 281
91 388 430 488
26 41 64 116 141 415
76 131 217 400 453
118 264 302 307 331
155 177 192 217 251 324 349
30 89 172 186 219 273
119 121 366 384 418 475
43 142 413 473
68 183 187
22 24 307 321 339 398
54 119 180 226 279 281 320 439
205 220 329 340 354 414 416
88 170 245 246 305 316 447 489
2 19 107 262 264 455
83 110 340
5 376
104 262 417
96 144 162 253 424 437 485
477
61 137 274 353 421 459 481
102 159 472
132 151 166 191 238 290 425
197 200 234 312 464 497
41 62 63 87 108 232 263 458
56 87 215 264 269 319 330 336 350 421 423
55 162 260 317 334 374 400
2 27 70 119 227 240 260 379 437
80 110 222 312 372 410 426
134 456
63 105 147 325 326 350 490
32 35 50 173 479
259 261 281 293 311 357 367
19 54 131
13 72 189 314 343 385 490
12 177 188 203 321 484
102 195 201 322 350 361 388 389
119 237 245 375 390 417
24 42 97 137 355 430
50 211 386 406 443
15 56 72 195 263 296
12 21 102 225 360 417 496
102 185 380
129 376
14 56 183 234 262 293 381 388 432 435
227 297 312 322 364 380 416 460
2 107 197 389 485
3 271 449 492
171 266 303 438 499
7 195 217 265 312 430 441
58 141 246 304 439 496
11 393 407 424
7 339 393 464
43 45 57 92 163 279 312 389 409 465 487 488
5 33 203 287 333 377 401 452
42 203 288 311 383 496
23 79 93 214 236 466
39 55 115 157 163 332 418
43 142 267 373
142 183 205 261 366 467
51 127 452 467
146 206 291 316 416 449 500
56 83 106 172 193 263 319 409
116 251 354 455
122 195 244 420
132 141 288 296 328 436
28 132 331 377 384 394 423 439 460 483
163 229 255 320 322 327 339 340 480
138 272 465 470
110 173 189 323 433
104 131 138 209
25 95 107 141 287 383 455
20 71 72 139 366 373 376 416 499
2 37 65 184 354 398 401 411 433 444 499
47 100 103 113 118 169 205 303 335 394 492
11 42 140 350
92 118 135 188 220 261 320 430 469
44 135 187 215 277 439
11 183 202 325 477 485
111 289 386
45 60 164 253 292 329
107 109 112 392
44 266 309 361 369 374
104 141 270 274 462 485
4 90 148 212 234
87 105 182 432
3 32 93 161 322
78 82 202 212 334 410 486
34 106 157 201 271 358 416 433 452
41 67 122 159 322 364 414 493
45 217 313 327 347
218 411
94 95 234 263 271 308 351 357 415
243 257 287 458
234 470
263 279 341 408
33 58 140 227 268 340 409 468
139 142 231 251 292 389
104 295 333 409
437
151 235 257 267
1 33 63 100 149 203
11 30 43 95 96 207 370 388 486
195 238 285
59 63 101 107 241 396 444 453 498
106 163 396 452
58 268 447
2 68 74 131 232 265 266 267 347 350 437 442
91 98 100 110 222 364
83 102 127 136 208 264 324 377 417 469
239 265 309 320 358 371 404 406 466
32 42 80 95 101 113 129 193 194 331 332 361 424 476
38 63 89 158 220 265 458
11 12 162 181 201 265 288 311 435 482
128 303 310 324 357 376 470 488
113 175 305 362
11 37 208 237 434 491
60 86 262 318 459
246 452
11 131 185 256 403 489
158 342 374 472
52 130 156 167 206 297 310 416
19 229 292 309 333 356
173 313 341 407
2 145 294 322 347 411
24 32 129 212 273 283 309 383 406 412 483
151 162 301 328 339 483 491
83 87 104 160 258 353 422 458
136 150 190 206 224 299 314 399
29 119 121 256 281 393
14 21 43 57 157 178 225 248 281 288
39 116 165 171 320 381 446 449
22 194 397 407
87 97 187 190 195 413 496 499
159 195 202 288 342 480
49 68 132 161 196 267 322
66 75 88
143 151 171 402 460
14 170 203 209 411 497
40 104 330
43 117 167 430
97 137 161 169 188 295 355 495
23 36 271 287 318 327 349 409 470
14 61 99 152 165 207 270
92 104 136 144 182 252 442 466
370 401
216 429
227 309 324 336 392 434
105 160 172 283
47 101 158 210 225 300 372 392
31 151 204 246 342 438 460
169 202 206 273 287 499
174 320 418 462 489
39 89 173 316 422
23 103 154 278
22 29 72 108 160 163 218 322 348 359 363 494
36 53 223 241 326 331 332 481
21 39 163 318 394
93 171 216 242
64 68 99 203 217 224 286 387
163 413 414 446
15 52 141 182 223 395 440
4 50 57 121 131 159 233 281 287 314 352 432
2 141 365 368 430 450
47 272 323 413 470
66 79 94 98 163 164 200 282 401 495
26 59 118 165 230 251 324 414 449 458 497
41 279 391 447
3 147 316 324 407 425
208 279
105 229 248 421
66 233 375 443 470
181 209 301 463
151 189 264 276 328 430 445 471
11 297 321 348 461 475
76 104 222 242 424 471 496 499
23 57 91 151 280 282 290 437 472 487
132 350 382 400 422
139 160 176 199 274 397 450 467
98 100 168 202 259 335 421
179 290 291 404 453
69 214 220 351 398 458 496
10 28 50 97 117 155 454 484
88 305 356 412 424
86 241 323 444 454
11 244 398 428
11 161 170 323 361 364 393 424 493
4 33 79 113 126 149 226 254 257 449 479
185 222 264 321
19 117 118 293
4 42 106 142 189 250 492
136 225 281 304 318
58 138 175 406 454 475 484
16 94 186 270 373 400 409 450 457
28 46 48 158 189 357 451
21 160 179 221 326 341 407
41 89 302 348
57 96 126 196 336 341 347 403 452
216 276 304 497
21 152 243 287 292 339
196 260 300
353
71 162 265 328 359 364 466
101 192 201 281 303 308 354 392
53 74 122 221 341 399 472
149 473
86 139 166 316 320 390 399 466 475
17 285 376 454 489
3 133 331 414 499
12 140 253 286 426 435
252 258 416 479 494
26 57 186 250 401
10 12 219 284 294 485
20 123 168 284
15 98 157 485
230 379 486
2 154 444 481
177 264 384
13 200 320 412
40 219 263 325 400 409 410
145 320 420
35 53 60 194 196 262 425 428
4 240
110 151 239 290 314 321 393 441 465
89 217 494 496
30 119
80 149 159 477
123 168 217 404 443 460
4 88 157 197 296 437
62 86 127 209 364 387
23 56 57 128 205 234 420 433 500
62 89 148 403 417 449
44 47 92 107 147 251 347
16 54 70 362 384 417 448 458 500
44 139 198 203 206 218 247 285 302 354
16 63 67 79 134 137 140 166 316 358 417 429 454 463 484
104 107 112 136 396 411 428
10 113 137 199 221 271 336 500
126 274 316 373
2 125 340 444
34 50 113 115 155 173 273 325 425
77 122 172 267
98 194 329
200 242 318 454 460
50 74 177 208 345 448
172 267 309 312 320 327
74 128 228 255 266 280 282 362 411
21 50 185 353
7 142 454
125 145 177 236 242 283 361
115 177 206 212 394 402 466
129 160 221 233 288 336 413 430 445
72 78 118 195 206 276 347 357 364 442
27 46 136 141 155 191 279 314 337 364 478 486
95 242 243 276 318
133 157 264 425 444 478 487
11 43 189 219 239 376 450 470 490
99 172 203 229 244 316 347 359
91 160 164 248 281 474
109 233 257 270 288 306 346 360 395 433
52 208 210 334 359 400
34 91 175 213 442
58 92 152 182 217 229 405
17 27 28 62 205 455 479
41 154 191 213 242 399 457 482
22 128 171 296 379 458 497
50 70 95 258 267
31 75 151 204 289 370 483
102 352 371
110 155 239 438 440
179 275 446
14 202 478 498
34 136 226 313 326 419 469 487
31 48 214 221 244 392 399 415
80 228 302 398
57 124 190 201 213 378 408 423
289 364
34 168 373 468 487
3 156 172 201 233 342 409 479
39 84 112 152 193 222 372 373 400 415
144 151 163 366 369 375 446
14 339 396 406
11 58 79 83 275 334 348 410
120 153 316 480
189 283 388 467 491
25 415 421 448
168 198 236 265 268 287
58 286 326 417 425 463 475 493
135 143 147 187 362 370 410 428 471 497
26 246 260 262 279 469
41 161 215 248 275 316 343
36 40 42 65 82 204 218 226 428 432 479
66 75 87 116 154 165 221 283 378 426
95 194 216
34 38 144 196 298 400
60 152 336 355 438 461
13 60 152 153 225 236 257 302
97 120 172 241 320
95 206 232 256 419 430 492
18 42 70 110 143 186 204 358 446
28 408 426 473
110 159 186 238 332 350
225 427
21 23 84 123 128 152 162 187 464 469
193 290 315 385
10 28 32 41 46 104 151 209 244 415
55 267 281 337 364 429
17 41 191 201 283 336 425 438 461
65 253 404 423
82 97 156 227 228 229 311 323 393 441
34 42 45 204 259 414 491 499
85 125 225 234 321 338 488
15 154 178 180 326 436
35 55 153 342 380 424
436 473 479 488
132 281 319 467
131 206 458 475
4 137 154 296 329 406
108 185 204 312 403 449
27 29 35 163 172 201 366 408 479 500
27 60 105 137 331
58 122 211 244 283 437
3 192 197 298 366 388
50 231 267 336
17 55 152 264 470
28 40 90 167 168
66 400 450 491
144 174 282 452 490 495
118 153 414
232 277 347
106 280 289 373 462 466
77 96 373 379 457 481 489
276 318 372
79 128 185 241 412
75 138 195 259 273 336 381 393 414
82 193 439 447 490 493 495
37 89 102 349 352 403 460
6 272 398 450 491
46 85 103 111
70 151 420
70 175 297 388 464
257 271 409
200 426
88 152 178 223 309 361 439 444 452
429
1 48 67 142 184 201 425 467
46 195 203 237 275 286 467 500
96 112 139 290 361 384 435
305 315 388
64 73 245 330 444
125 343 460 472
1 67 74 280 374 468 482
9 91 108 235 371
58 101 155 194 280 295 311
111 247 255 263 377
6 13 64 317 334 383
27 31 44 59 109 382 441 448
59 131 425 439 494
66 74 314 352 370 385 491
17 76 154 387 394 412
17 236 356 362
119 139 197 252 268 293 458 483
111 155 177 179 220 271 396
216 248 361 364 390 405 474
160 187 280
71 284 289 303 325 408 434 442
10 94 135 200 392 408
110 207 208 374 409 441 448 451
27 28 69 211 315 326 395 424
146 148 158 228 229 236 378 432 489
210 309 356 435
84 103 142 175 195 241 396 433
97 142 167 191 250 280 293 336 403 460 470
90 149 261 348
11 29 107 210 257 338 405 493
19 24 26 123 154 292 352 393 404 429
69 94 155 222 311 321 347
37 57 59 81 225 379 481
305 399 435
71 83 118 223 252 291 322 371 403
58 104 117 318 405 412 427 449
3 168 276 335
130 155 213 248 363 406 410 419 457
38 121 163 256
18 42 119 196 340 346
21 32 102 122 214 231 259 269 309 315 335
42 59 75 118 159 334 407 458 495
139 261 283 317 424
87 282 322 427 433 447 451 484
16 302 449
94 260 268 369 405
42 136 209 268 442
183 406
28 55 145 338 396 450 484
48 141 205 213 352 398 417 486
1 20 29 251 270 281 285 287 375 387 427
58 167 190 233 261 276 468
128 147 332 372 418 438
67 215 266 302 338 472
11 14 176 265 374 436 472
25 41 79 193 195 203 211 361 402 403
1 139 270
74 168 192 210 322 399 412
103 151 260 418 485 500
35 43 102 146 290 395
74 151 225 268 373 400
95 239 281 342 470
30 48 57 122 129 139 168 252 258 292 456
87 180 186 197 218 258 262 287 327 337 351 401 427
30 80 365 373 387 402 453
54 191 450 457
54 143 253 386 474 477
25 167 191 225 306 395 429 469
10 69 181 257 398 404 442
214 285 373 379 491
203 343 468
187 190 329 342 388
104 136 312 353 462 478 495
236 263 315 397 487
198 419 494
86 279 356 367 375 419 423 434 476
259 452
132 184 373
33 134 210 439 468
212 213 222 237 328 463
20 24 93 117 186 452
4 59 113 158 176 405 437 453 494
145 223 294 361 484
54 113 123 142 157 196 209 211 263 295 346 454
50 111 147 246 404
7 50 96 143 180 191 273 275 331 380
51 325 399 415
90 125 182 189 344 360 447 474
58 165 202 263 265 317 482
27 47 134 236 333 370 476
83 98 234 243 252 253 325 491
96 116 232 236 355 360
26 90 110 208 269 314 345 375 384
110 153 307 426
48 139 319 380
98 144 172 194 201 286 302 354 360 402 436 477
203 205 418
8 51 206 234 359 380 397 429
38 82 85 99 235 330 344 384
104 105 304 415 452 495
16 204 222 236 297 334
141 362 464
5 30 114 156 186 194 256 409 441 470
266 283 301 473
281 293 308 318 321 349
97 164 279
23 61 186 194 246 289 290 315 361 407 418
72 143 168 294
104 155 156 261 391
196 222 428 457
48 76 108 222 489
123 245 283 292 371 392
83 94 206 302 307 448
31 83 132 144 162 314 322 341
8 107 129 181 267 399 485
124 286
65 146 156 388
77 104 133 220 234 428

261 387 442 449 456 497
15 26 58 392 416 447
1 71 80 163 211 225 233 284 474 488
168 295 318 425 494
28 201 301 342
20 75 163 260 333 340 403
91 92 260 267 342 376
