500 2243 0
105 271
73 152 227
11 22 123 326 403 478
157 301
135 254 280 324 333 456
85 90 225 236
153 299 367
186 218 387
19 105 222 481 487 500
13 39 113 268 305
35 171 236 490

135 287 485
142 168 188 377 419 422
25 252 456
162 191 395
163 223 324 350 424
103 309 350 370 409
69 411
69 129
79 187 446 450 473
3 275 281
8 313
177 185 242 286 395 444 451
15 46 84 232 354 383 431
237 475
67 269 386 468
205 301 416
77 136 163 245 268 314 421
47 82 129 144
196 371
327 330 349 443 472
27 46 118 234 275 280 289 337 365 419 434
182 248 342 431
11 121 136 464
118 216 217 378 471 476 494
214 222 273 385 410 477
15 75 113 212 265 272 380
35 74 130 165 286 395 404 444 487
69 137 146 151 389 446
88 124 239 355 423
26 247 482
112 176
16 106 323 372 460 484
243
25 48 120 168 181 312 325 336 344 390 452
67 85 204 308 371 422 446 481
46 129 167 268 298 455
98 127 287 311 330 369
45 394
249 309 368 414
95 112 162 230 351 391 415 428
94 317 457
103 158 217 218 311
78 356 486
209 283 289
194 216 375
141 170 236 377
58 92 160 242 322
52 85 124 209 271 307 341 362
197 199 270 442
142 490
119 143 253 266 288 387 395
154 355 362 430 458
238 274 367 431
166 222 237 275 437 489 493 499
27 47 165 201 472
232 304 445 465
19 40 244 327
57 115 214 315 350 388 405 418
29 46 197 255 302 354 434 457 470
80 106 275 457 484
295 411
127 148 240 419 476
207 267 294
184 212 424
40 66 100 105 185 325 424 459
40 253 380
301 308
72 145 282 407
141 373
22 64 190 399 408 439 444 462
149 195 277 316 339 374
151 177 182 360 407
6 62 89 90 376 442
148 266 276 298
306 367 379
105 174 177 234 282 475
100 149 161 200 493
85 260 316 373
46 254 314 393
158 266 429
75 197 381 450
53 361
57 182 228 374 500
5 124 173 179 219
119 170 324 342 371
49 64 198 205 213 330 384
414
4 77 337 436
452 500
121 202 218
156 203 356 483
23 119 205 294
88 210 213 273 318
44 250 300 309 324 361 369 378 444 493
187 361 430 467
153 202 225 313 375 382 463 480
108 200 243 264 439
238 312 338
18 185 220 259 323
7 43 52
144 353 449

135 201
56 124 260
143 363 407 467
267 316 340 358 414 422 435 497
63 104 124 147 226 227 265 293 295 373
46 115 119 154 202 349
50 102 204 453
144
205 217
60 96 119 174 398
136 393
110 249 320 402 422
153 187 194 375
187 436 489
20 228 363
39 226
38 283 306
53 175 249 386 421
182 184 283 288 299 311 347
226 302 380 385 391
5 13 115 174 185 200 285 461
125 210 491
49 164 193 255
124 139 143 242 268 322 427
138 299
382 478
7 33 105 299 334 358 373 422
66 89 329 331 468
54 59 61 63 117 323 411
30 113 148 171 483
21 101 153 273
140 181
119 163 333
86 144 234 287 335 369 374
83 89 114 143 213 224 328 349 412
209 272 423 430 452
47 84 180
13 138 169 203 267 277 293
7 71 106 108 145 346 495
42 86 120 163 311 322
214 292 322 335 368 391
225 338
4 44 211 218 228 391
50 92 185 485
255
59 282
57 259 349 384 487
16 108 121 301 325 331 414 443
17 29 147 240
131 137 149 479
39 98 496
66 243 348 383 395 410 460
61 80 95 147 212 272 300 301 318 324 404 434
30 161 474
96 145 341 382
97 213 329
144 148 193 242 272 369 428
1 48 144 145 309 351 492
30 190 219 256 265 393 422 450 477
356 375
187 280 303 420
441
24 84 304 384 462
215 227 298 373 378
130 182 190 203 427 467
92 264 273 287 434 441 486
83 209 281 305 321 370 426
95 232 264 344
10 62 189 211 237 305 484
76 209 436 499
17 24 51 111 135 317
8 469
67 107 175 273 375 436 466
14 132 288 373 439 488
5 183 274 465
118 124 173 179 389 425 474 476
417
34 74 81 153 468
137 236 237 298 395
224 319
197 261 480 486
185
75 153
29 37 121 291 360 484
305 378
5
317 420 476
102 120 239 268 310 391 422 493
152 252
13 157 293 309 313 444
158 305 436
326 479
112 371 460 485
137 234 245 330 391
56 150 160 184 225 264 293 444
1 136 203 213 378 419 457 461 476 487
125 140 157 301 340
38 76 274 388 422
40 98 149 209 278
249 266 310 453
80 178 294 321
36 57 84 174 192 289 487
104 123 320 429 444
8 124 198 459
102
300 301 377
88 224
9 37 66 372 380 434 480
1 17 320
28 149 194 227 274 328 393
6 108 233 452
118 119 134
2 20 178 201 379 426
95 259 338 346 367
100 208 257 450
49 277 338 357 492
25 49 57 204
16 68 235 397
225 293 408
148 208 332 337 358 405
310 388 432
6 193 297
26 66 183 492
65 339 357 445
66 278 295 335 342 426 460
1 76 247 303 333 401 464 487

24 227 253 272
452 481
41 69 181 302 371 497
123 351 376 430 484 493
8 40 82 115 217 359 452
16 290 365
34 204 345 354 391
71 214 453
9 34 70 144 166 300
151 263 463
116 203 465
15 463
5 97
71 85 249 258 291 302 427 445 453
285 327 396
234 385

25 203 228 386 441 475 498
155 215 221 364 390
1 255 327 368 486 491 498
246
251 398 442 443 457 466
87 109 119 209
66 119 173 198 242 272 355 361
54 86 92 214 454 460
10 64 75 277 399
68 83 116 138 202 285
65
135 362 477
391 417
62 150 229 242 244 265 450 481
105 180 398
65 79 189 212 331
479
86 393 398
63 95 152 371
239 362
151 428 495
5 469
132 197 201 384 412 417
15 157
56 133 330 374 388 399 482
37 207 355 468

347 394 398
13 191 217 319 377 470 496 500
207 486 491
1 44 489
70 95 115 247 359 394
184 214 274 334 353 417 476
89 155 446 484
7 119 147 152 169 233 338 470 474 488
60
68 142 239 301 373 379
359 389 423 487
236 446
417 431 487
2 7 24 133 141 158 306
106 149 167 250 281 352
28 40 83 162 167 211 295 302 349 464
59 134 162 328 425 454 482
164 175 224 240 247 287
45 68 99 353
10 146 204 235 282 321 387
277
345 428
182 280 316 333 334 450
51 204 265 427 470
39 321
98 133 154 213 225 367 405 428 453
46 110 472
23 108 151 269
46 112
103 271 353
8 117 118 185 485
185 308
60 119 481
17 140 192 194 287 449 500
85 95 126 223 486
145 181 285 310
6 138 155 173 180 338
44 349 389 404 405 416
97 167 315
46 77 123 244 366
67 206 385 446
115 261 468
224 302 386
140 441 466
49 98 208 351
237 348 388
76 283 293 331 439
147 308 418 479
114 196 245 308
132 239 439
43 337 350 357
33 50 234 336 385 480 484
110 127 143 228 293 341
280 299 407
79 118 158
60 72 89 498
34 305 331 387 455
271 277 404 405
63 182 232 364 471
78 248 319 471 495
5 163 228
58 61 133

120 147 301 407
62 70 310 324
43 57 75 78 172
300 468 481 486
50 174 253
25 251 254 261 295 432
64 82 169 265 290 427 496
55 103 144 174 203 206 319 444 464
46 230 460
135 426
245 246 277 278 290
84 107 163 198 319 378
107 258 263 265 342 403 406 449 490
86 133 376 480
113 117 155 464 497
238 344 374 389
180 417 434 473
239 295 341
7 311 414
59 155 176 337 338
49 68 106 157 171 301 468
173 433
33 47 144 207 244 267 277 386 481
41 44 350 478
14 178 361 382
43 93 148 270
108 127 187 456 475
228 230 245 258 276 402 403 442
58 65 166 356 389
106 177 179 210 261
87 309 447
134
81 374 470 474
108 140 281 495
166 174 283
98 177 233 456
72 134 177 257 311 343 472
27 169 178 318 371
8 325 342 495
454
40 61 190 323 448 473
69
52 134 155 157 208 271 478
208 230 307 394 414 485
68 72 91 173 276
50 80 88 113 178 273 277 290 392
16 234 373 459
77 149 227 256
232 475
124 216 462 465
4 82 102 267 365
11 123 298 389
213 240
117 126 128 133 231 333 376
150 280 376 424 436 439
36 39 137 323 467
234 279 323 417
205 300
71 84 339 349 500
196

37 111 127 218 391
19 359 438
192 318 457
1 256
118 321 474
257 437
69 189 356 424
138 271 365 405
44 70 118 364 421
33 74 129 159 210 433 434 468
31 201 425
29 103 132 318 321 483
14 15 93 118 173 358 434

76 291 361 362 403
182 326 489
76 251 330 436
10 255 355 401 454
32 156 332 386 446 496 497
37 88 92 204 254 326 447 479 491
107 245 370
15 34 65 92 298 335 412 419

2 58 292 313 413 434
33 71 183 243 365 433 456
101 438 483
128 165 187 205 252 457
66 415
83 102 124 131 411 435 447 467
109 181 209 259 332
485
180
57 61 143 274 363 402 469
263
39 106 168 169 281 488
48 65 68 145 238
241 286 293 355 398
379 438 488 493

113
60 93 173 272
230 327 334 468
150 225 243 477 497
121 249 311 476
149 266 270 388 427
48 82 83 342
5 15 136 273 434 441
71 210 251 263
83 98 222 279 350
77 114 184 422 460
44 53 142 207 239 459
12 57 135 210 439 442
150 152 161 177 184
223 251 253 324 337 472
45 74 157 301 310 363 439 492
197 482
187 263 329
107 138 194 200 221 438 465
27 142 192 291 369 451
11 23 186 280 298 348 352 378 471 491
122 287
116 147 158 344 432 469
32 67 152 283 300 385 446 463
108 365 389
35 90 225 293
88 180 259 397 458
36 210 281 291
81 179 373 443
45 140 372 391 406
98 164 206 242 275 318 429 477
252 259 333 337 362 365 424
9 47 81 272 293 318 371
131 238
39 103 222 239 421 435
44 72 183 275 488
13 151 158 207 388 392 440
40 55 164 261
9 161 216 240 298 406
72 188 265 293 444 447
66 303
62 181 361
146 208 261 429
172 404 426 464
66 255 280 478
36 367 457
81 153 336 387
128 149 161 355 428
181 363
175 203 259 341 481
66 90 184
12 57 319
