500 2444 0

119 146 253 277 466 497
265 291 433 461
84 132 278 294 326 383 436
43 115
40 63 182 242 250 284 323 428
454 470
26 148 150 323 344 362
238 313 365 468
80 211 255 403 430 500
19 220 345 469
106 272 388 393 445 466
220 318 404
49 277 396
23 118 224 240 266 442 467
44 65 112 153 240 275 291 417
185 277 414 494
162 282 346
11 360
117 235 314 499
108 215 396 407 459
126 219 287 453 474
15 74 180 186 218 442
64 88 223 455
7 48 68 166 256 417 419 487
8 41 45 228 242
99 107 317 338 375 430
297 482
249 253
109 192 205 295 303 434
220 371
56 115 214 215 327 463 472
180 229 251 330 476
225 343 382 442 468
181 197 206 226 326 474
265 454

179 253 261 363 381 454
139 156 230 383 467
6 48 113 145 199 215 336 365 443
26 148 336
43 108 328 398
5 42 58 188 308
16 146 194 336 460
26 136 193 226 318 401
264
55 106 136 281 327 337 464
25 40 102 155 240 319 355 360 366
14 114 166 235 402 479 487
202 216 228 371 433 439
225 227 278
139 420
122 158 194 217 294 476
66 78 204
47 169 213 380 395
271 327 360 372 391 401 431
137 342 362 407 476
43 353 363 375
114 171 240 289 359

112 190 268 292
214 244 326 477 487
6 145 199 283 334
24 156 309 451
5 16 109 135 150 241 496
54 78 219 346
174 236 258 264 358 376 417 476 482
25 306 357 420 490
76 77 138 162 252 326 442 457
137 456
139
108 112 134 184 193 486
382 436
23
169 186 211 246 248 319 450 467 490 491
69 115 205 400 437
69 271 316
54 66 205 217 308 377 409 413 474
151 188 260 318 388
10
298 303 481
190 334 489
143 155 204 271 294 318 419 467
4 221 305 472 498
123 136 228
173 204 346
371 414 450
24 176 268 291 369
93 216 232 300
144 255 260 476
48 122 257 347
87 246 257 322 420
89 105 123 372 484
147 226 351 379 444
405
27 132 231 236 280 305 471
204 205 285 498
204 278 312 327
27 194 201 202 359 478
122 181 192 212
200 451 478
48 115 169 373
229 415
225 238 290 399 478
37 93 154 342 371 497
12 238 388 417 456 459
27 187 198 233 351 384
42 72 167 202
30 65 295
130 255
450
16 61 72 150 231 252 284 350 392 432 481
40 120 160 333 462
49 59 249 299 438 445 480
5 32 76 102 195 275 307 340 379 478
192 223 285 301 328 352 461
126 394
15 157 179 260 336
2 251 303 380 383 416
113 272 395 405 418 429 436

53 91 100 179 202 334 356 407 467
85 93 238 414 460 471
190 416
126 288 325 341 374 406 451 495
22 117 125 379
178 216 420
90 109 159 253 320 325
73 157 276 454
110 184 227 236
178 243 299 314
96 148 277
235 274 349 422 497
72 198 199 371
65 357 475
45 47 85 193 444 497
57 70 315
69 216 390
39 349 363 379 387 402 479
242 337 351 386 431
246 389 492
257 300 438
83 324 458
90
40 63 176 275 295 470
2 44 163 316 321 433 452
94 167 234 440
8 41 132 270 292 479 499
244 275 349 371 390 399 478 485
8 65 112 156 337 476
79 153 185 359 381
307 487
16 151
105 368
48 83 309 314 385 420 438
39 64 150 261 263 362 374 438
118 129 167 467
53 180 273 384 403 495
128 170 187 293
113 219 221
203
69 266 358
146 166 325 359 476
142 259 491
194 234
25 49 271 316 321 462 495
108 147 157 239 263 306 309
194 341
55 75 102 335 339
159 195 242 404
59 358 368 451 482
97 209 283 425
86 182 269 455
240 284 324 363 493
320 349 392 456 500
88 145 267 344 348 447 460 487
268 296 304 307
127 131 260 366 418 462
38 118 122 229 296 378 470
33 158 236 295 445 498
35 100 212 259 310 349 377
6 173 193 225 256 346 425 472
187 461
72 130 448
17 151 211 244 250 297 298 430
23 75 202 263 346 413 448 463 489
107 159 183 202 226 363 376 390
43 79 128 217 233 260 399 443 450 470
220 228 394 396
61 64 82 487 491
281 323 473
100 116 199 423 478
45 72 136 182 345 472
44 53 99 168 484
115 170 224 290 389
45 295 313 353 410
35 331 349 474
107 134 222 325
40 63 134 192
101 247 291 302 328
99
50 99 108 122 186 187 493
161 395 432 478
54 83 86 97 98 362 375
30 76 78 97 425 445 471 498
35 211 424
330 398 405
358 366 424
172 225 269 373
294 438 490
10 75 185 206 251
100 181 240 366 455 498
55
32 306 392
21 32 40 337
89 127 138 252 399 407 485
53 78 188 224 391 405
23 319 365 465
22 66 160 414
11 13 31 189 298 405 417
84 160 264 428 466
198 243 374 420 425 426 472
24 116 231
15 195 217
34 51 104 209 271 461
45 94 187 262 293 370
51 130 255 335 352 365 478
26 50 85 189 252 372 447
103 179 242 258 354 355
39 446
112 223 360
89 175 448
107 188 236 476
147 165 322 452 481
20 49 133 241 244 304 326 419 435
67 180 233 314
292 316 328 370 372 483
106 123 356
197 364 392 416
15 16 48 59 174 198 212 301 409
65 235 253 384 484
6 26 140 170 229 317 421
131 222 322 413 421
62 149 185 235 289 417 434 441 482 499
180 246 345 355 405 462 493
75 92 141 245 499
200 307
70 75 251 379 463
29 114 396
6 185 291 317 413 451
33 119 211 248 288 355
69 112 216 228 449 455
2 29 38 128 241 271 312 353
280 351 466 475
90 110 227 277 476
25 182 374
91 92 142 317
67 229 316
118 164 181 390 435
79 90 118 178 188 262 299 345 367 433 454 489
38 156 302 380 430
226 260 264 457
156 167 186 198 270
46 67 140 221 262 295 359 426 441
3 36 345 381 389
15 162 294 327
176 295 472
61 88 177 315 432 492
173 209 280 330 335 486
148 466 480
56 77 83 166 225 253 307 387
12 120 339 352
158 275 305 481
73 133 345
16 46 115 145 149 273 353 361 371 378 435
129 445 449 492
2 14 17 132 255 414 470
4 51 98
459
96 254 269 297 414
47 191 387 453 500
18
63 172 302 353
6 112 174 310 315 339 403
97 116 321 366
420
22 81 315 466
125 251 296 459 466
59 244
104 383 475
3 16 88 200 250 296 340 469
61 148 237 330 498
159 299 464
4 53 83 210 266 314 325 494
30 109 145 180 196 264 267 337
177 179 288 291 394 486
28 185 280
185 220 370 387
114 131 260 293 360 389 444
89 142 381 491
116 240 409
200 261 283 329 335 348 464 486
30 81 119
177 235
84 96 273 472
68 81 214 331 366 399 474
152 177 247 456
43 78 329 359 420
64 155 167 238 355 435
181 284 319
385 409
84 98 253 436
9 196 366 471
20 131 155 236 435 438 464
137 164 268 284 287 394 395 397
77 146 166 237 258 369 373 401 424 465
27 57 242 250 257 322 326 378 397 418
13 45 83 329 343 364 388
48 75 218 310 400 470
128 175 376
146 166 285 370 387 426
92 234 243 317 396 412 442 460
6 8 191 352
143 174 407
125 128 136 163 198 294 363 366
4 35 62 69 235 317 460
32 47 56 98 266
42 116 200 206 237 343 344 460
308 318 380 498
33 148 207 269 292
367
363 472 477 481
113 410
63 82 122
169 227 269 302 388
40 41 44 118 382 481 482
47 140 150 215 295 347 350 473
360 455
169 272 284 363 408 421
115 291 364 369
125 168 329 432 445
57 105
318 328
8 176 328 439 471 480
11 193 245 260 265 274
18 66 86 182 186
91 337 383
176 302 414 466 485
83 133 139 149 181 197 385 492
112 178 337 454
94 107 140 254
116 227 272 323 358 463
58 253 275 283
229
48 229 245 251 309 363 491
122 238 410
68 135 411
67 150 162 171 208 371 420
59 99 151 264 308 370 466
19 48 56 231 299 338
275
8 57 156 204 387
38 58 139 174 187 325 332 339 355 434 481
239 318 340 380
9 40 218 227 405
168 178 212 285 306 313 325
260 427 489
154 171 390 398 405 475
88 316 340
226 237 298 321 359 409
31 50 87 105 134 149 275 358 437 439
56 93 228 237 489
102 209 486
156 222 256 380
27 58 204
67 187 320
78 181 209 381
179 275 317 398
94 115 126 139 248 428 485 496
55 119 261 329 364 374 389 441
38 79 151 265 300 377 429 492
34 73 336
4 39 119 347 370 451 484
107 158 241
155 311 349 438 467 497
140 407 409 483
139 271 281 298 321 362 396 484
12 79 106 318 335 404 473 485
195 265 299 380
138 149 187 259 368 427
56 217
27 112 175 214 239 494
12 403
117 189 296 315 423
55 120 203 315
14 21 189 249 322 387
317 417 438 447
42 207 368 378 496
104 149 188 216 306 464 500
76 319 415 447 461
45 56 316 411
49 139
10 158 284 393 456
13 170 388 407 431
95 120 207 217 220 245 365 368
125
21 57 122 216 324 386 404 409 422
339
78 240 301 311 370 386 407
194 196 333 356 427 459 494
357 401 441
111 284 322 443 475 476
186 243 250
17 87 123 219 277 280 348
103 400 479
119 124 239 439
16 25 67 106 220 244 397 424
120 178 317 431 485
25 83 235
52 68 92 127 155 222 286 308 358 456
242 243 339 498
133 407
179 192
206 208 316 417
172 182 205 222 292
222 264 321 494
367 390 410 444
6 221 379 455
120 381 447 479
10 27 185 261
54 56 140 404 418 441 442
112 203 268 341 451 471
3 50 146 260 481
30 244 363 472 480
235 259 275 309 314
4 73 120 312
76 371 438 458
114 142 155 156 210 314 385 397 437
50 344 371 416 468
36 147
244 264 380 411 431
15 23 34 322 431
40 188 412
94 136 299 395 427
12 114 180 205 276 341
230
104 176 228 397 400 429
184 186 232
252 276 284 488
75 87 111 188 485
64 101 125 129 171 250 383 432 496
146 234 475
22 230 281 461 468
7 36 38 129 260
24 123 173 212 252 428
24 70 106 175 307 328 403 420
69 137 262 493
364 437
21 106 279 288 300 410 476
44 123 176 322 326 328
3 116 225 400 443 453
166 178 245
32 186 248 352 477
47 293 302 314 399
218 316
2 12 221 254 270 287 288 348 359
14 15 39 75 83 122 157 385 485
34 439 453
11 291
7 145 179 188 277 319
96 123 205 344 432
32 84 182 193 222 267 305 332
191 213 337 388 482
35 78 197 306
135 254 290 368 412 452 488
33 53 57 67 90 150 233 255 412 459
62 332 439 463
99 101 104 115 149 192 203 227
49 139 148 415 495
114 201 270 344 434
81 112 234 273 332 336 363 433
171 244 336 473
237 386
93 194 241 383 387
216 348 379 418 450 460 467
72 269 296 302 373
25 49 62 152 176 190 497
449 475
82 186 367 372 490
68 75 103 210 489
164 190 300 355
141 268 276 349 381
174 202 245 457
17 294 392 410 426
125 166 479
65 379 398 451
2 105 133 136 269 385 487
84 97 180 205 212 292 329 421
20 148 244 246
10 171 175 281 399
