500 2779 0
121 128 176 179 250 319
16 27 180 242 275 286 396 421 437 450 462 479
451
5 126 227 236 290 295 339 426
4 6 17 343 408
145 195 312 350 493
19 42 43 88 208 283 328 378 429 458
123 264
3 176 194 202 380 429 462
123 213 470
250 287 356 476
262 419 423
105 112 161 351
5 67 198 283 338 483
194 215 413 465 488 498
151 280 281 284 294 314 402 493
239 283 410 441 498
42 301
7 86 189 259 445 468 500
58 153 419
152
31 139 182 207 249 317
25 64 196 203 359 414
25 49 60 126 209 237 272 396 404
24 38 161 310 311 397
10 82 84 270 293 449
367 416
190 199 210 365
87 190 241 334
4 31 61 177 233 273 365
2 32 72 294 459 497
31 69 77 83 123 203 270 367
32 113 307 319
15 166 336 385 414 477 485
47 55 80 191 294 296 366 409 414
8 79 113 376 467
18 112 255 270 338 442 446 455
37 299 380 391 398 467 478
99 110 257 263 367 369
110 298 336 351 406
123 135 242 279 473
128 290 488
7 50 101 259 452
50 160 201 319 349 413 484
44 46 72 245 352 404 415 480
8 45 203 284
35 48 164 175 179 229 311 444 474
212 417 444 458 468
24 291 434
217 251 268 285 464
116 126 192 199 312 316
120 190 212 425 493
61 186 336 392 491
109 114 134 222 231 255 300 379 482
35 182 208 209 238 470 483
102 115 170 287 303 385
245 420
98 113
28 92 250 359 478
449 454
119 125 208 211 281 391 407
88 243 275 287 451 492
78 481 497
181 281 314 334 348 438 466
129 160 394
79 223 312 448
14 44 99 122 421 492
214 241 269 417
18 30 192 232 243 334 441 468 494
160 347
57 160 225 247 305 493
45 85 133 186
13 18 90 166 268 302 326 344 391 425 428 446
135 317 411
1 26 103 127
227 426 436 477
206 264 366 446 448 468
309 461
19 66 113 251 275 453
387
100 143 367 372 395 405 462 468
342
32 87 483
18 276 339 367 375 444
180 210 212 369 376 447
129 181 340 440 452
146 159 160 183 238 344
6 216 298
16 64 69 119 137 201 279
73 201 247 329 393 483
104 214 245 472
214 226 308 407
109 307 494
128 475
278 357
105 119 138 316
84 234 301
19 175 208 259 320 462 468
37 255 487 491
149 225 368
43 96 120 252 327
56 76 414
6 43 65 145 287
109 216 298
13 98 260
35 112 266 316 389 394 404 472
99
10 51 365
27 162 248 292 405 446 457
40 66 80 165 213 240 264 367 395 411
1 41 49 74 174 197 364 383 407 437 498
13 24 37 226 238 362
209 269 286 292 338 362 390 391 428 463
66 69 111 188
49 117 191 393 450 451 459
51 106 128 151 271 405
10 50 110 115 151 182 242 253 424
2 94 117 223 424
71 82 89 212
272 391 408
127 165 239 263 366 482
54 67 371 394
32 232 479
58 200 227 292 294 315 350 362 412 441 488
79 109 189 226 249 251 294 299 353 365 400
139 405
75 164 314 323 447 465
1 35 94 101
65 157 376 387 494
118 128 228 243 388 498
28 69 351 367 440 449 474
113 162 304 452
3 362 465
110 158 290 303
74 98 362 371 409
56 149 189 254 409 480
15 83 118 313 398
96 277 310 329 407 435
8 80 159 225 460
420 441
231 255 269 325 392
255 275 296 302 337
44 277 347
118 174 199 229 279 435 500
53 82 161 323 436 474
23 38 116 436 454 475
64 144 153 165 182 228 229 341 435 443 474
68 79 122 171 214 279 419
68 77 100 153 195 280 471
257 360 491
105 117 161 241 289 438
15 294 426
21 52 105 149 234 243 368 456
165 214 274 356
219 249 306 317 335
99 113 252 258 281 295 390 443
135 215 300 394
134 314 333 334 419
87 119 142 166 277
65 70 71 317 359 473 482
13 145 188 220 254 304
28 52 74 109 325 345 360 498
217 262 454
37 47 118 217 249 257 400 414
321
19 34 52 73 171 177 206 252 260 364
33 191 214 300
29 59 75 174 337 429 440 450 489
88 212 261 336 356 358 419
171 206 216 243 389 402
170 251 331 395 493
8 181 224 249 453
122 188 312 314 331 341 431
144 222 248 296 458
90 98 269 296 461 493
9 16 51 140 148 212 218 303 414
2 9 16 202 212 402 409 438 440
60 77 229 382 478
39 138 252 306 322 338
13 246 335 368 412
90 251 405
52 55 162 301 480 487
4 96 170 278 290 296 373 418
94 188 201 215 225 304 449 451
202 246 331 352
140 229 377 442 446
253 400 437
158 299 306 324 444 448
37 226 405
40 79 221 239 369 388 493
35 167 239 316 407 439 500
51 318 465
342 407 409
9 11 107 133 175 242 259 388
6 75 149 273
35 77 225 324 437 459 492
33 111
259 345
21 31 51 81 210 291 342 422
45 124 178 456
44 52 89 330 385 476
13 23 117 166 185 207 313 318 375 392 412 422 459
32 272
181 254 361 369 423 455
199 380
53 170 258 291 379
57 66 110 150 158 307 404
7 55 256 408 414
51 71 113 129 176 445 446
56 85 86 125 150 157 410 430 442 447
61 79 449 455 469
18 119 176 286 472
74 328 412 415 468 478
67 70 91 154 246 288 346 373 386 485 486
112 156 157 184 249 270 411 416
107 110 152 170 277 500
8 179 220 298 447 449
148 188 310 441 469
79 174 279
36 60 250 271 309 333 366 388 475
124 168 229 245 408 445 476
174 375 405 460 490
66 124 200 281 316 342 343 451
33 49 145 171 172 200 308 350 442 479 499
57 71 95 120 139 294 317 371 401 415
20 81 112 125 204 244 349 360
4 46 277 286 494
23 144 232 439
42 47 111 144 147 185 186 204 214 250 349 440
77 126 289 368 397
203 268 370
49 128 169 245 319
30 145 220 318 382 403 467 476 490
40 97 153 329 334 367
3 32 40 77 88 104 195 292 436
4 44 79 222 429 484
24 324 433 436 448
26 82 109 112 150 195 287
121 191 322 371 439
90 197 452 492
29 252 361 487
27 41 51 106 117 455 469
50 62 145 153 161 170 179 389 471
226 276 484
45 221 232 270 344
9 341 376 433 471 472 473
37 47 71 90 292 331 393 409
65 162 174 180 255 333 365 399 412 414 461
164 370 489
59 81 91 229 242 245 316 321 466
38 171 306
362 381 418 457
52 187 274 312 333 449
14 136 204 281 288 325 391
24 282 386 403 405
174 283
6 200 288
38 39 60 120 360 478 480
43 112 194 198 241 261 433
271 448 491
54 118 219 259 358 372 471
143 219 237 265 312
72 216 371
179 275 336 357 442 465
64 244 470
139 160 347 465 491
112 242 304 386 416
50 57 73 76 377 436
17 175 335 347 369 456
32 245 292 438 477
18 35 260 283 361 455
24 388 435
10 30 67 195 302 371 377 449
307 362 393
62 142 201 322 356 428
84 100 120 145 162 254 281 332 350 372 439 467
159 174 216 227 270 385 435
95 183 344 419
41 133 144 148 163 212 335 388 459 473
138 268 413 438 487 498
25 490
44
14 187 469
16 46 66 80 355 386 415 439 470
32 63 87 399 500
2 54 113 142 208 212 243 355
62 206 209 381 390 438
139 254 257 297 392 416 437 458 497 500
3 151 230 263 333 479
4 183 312 370 406
206 303 337 357 446
211 235 247 498
142 492
31 243 305 359
4 63 115 156 348 373 401 460
31 35 142 158 266 325 349 432
134 138 184 275 330 347 439
88 92 104 295 302 402
90 125 134 188 260 355 397
54 100 157 267 370 407 463
39 82 242 306 371
28 127 142 254 273 357 473
56 80 133 291
132 267 355 369 382 452
177 294 304 325 459
99 155 178 188
89 93 207 397 439
122 166 197 207 461 463
134 138 394 480
25 145 218 346 354
25 57 82 91 188 430
53 173 191 253 427
37 38 147 308 341 395
127 236 239 319 403 441 484 491
131 180 250 301 314 403 455
24 51 96 168 191 223 250 318 346 460
75 155 444 456 491
233 305 307
98 181 293 314 354 466
42 81 307 323 352 473
93 155 165 206 284
29 369 463
127 145 358
98 196 474
79 254 296 305 348 391 444
339 411 462
107 302 321 381
459
36 90 234 278
7 69 297 333 361 411
74 110 185 285 318 397 415
13 58 248 276
40 158 201 220 253 289 454 490
111
112 180 259
74 450
66 168 243 405 459
14 37 89 101 281 441 479 482 487
84 92 255 376 398 457
19 37 42 49 86 248 314 464
141 157 173 225 343 387
202 313 459 460
124 206 339 341 388 403 487
106 176 205 288 310 401
132 198 227 254 285 356 499
214 267 316 341
53 203 271 273 297 383 406

44 229 341 393 493
124 236 276 352 376 381
44 57 111 131 232 322 494
18 45 93 320 350 415 419 462 470
125 193 203 367 428 484
82 248 310 332 390
30 170 284 304 363 413 430
11 203 219 453 457
128 227
18 40 169 181 200 398 461
23 147 160 388
162 258 361 447 454 458
241 250 256 278 330 371 455
91 274 395
112 343 355 397
15 36 137 166 353 372 373 452 461
30 42 125 230 425 436 484
35
56 59 81 110 221 234 397 454 500
24 100 136 270 349 414
204 232 269 300 322
2 43 207 231 249 288 408 487
122 135 273 314 361 430 464
167 444
181 255 293 358 420
418 431
142 340
85 325 350 466
303 420
7 15 179 194 446
408 460 495
38 96 205 408
9 91 176 252 287 327 349 473
78 124 176 178 196 233 404 478
69 281 388
36 41 63 91 179 185 237 296 355 387
34 56 201 277
88 217 276 284 307 374 461 465 477
61 102 129 171 187 301 429 464 484
196 272 291 343 376 401 424 487
20 195 243 439 477 491
113 259 287
5 38 61 78 109 113 120 308 338 424 433 442 471 475
15 357 445 463
42 73 157 349 421
65 106 122 157 273 464
2 81 209
2 9 252 389 472 493
72 174 299 331
53 137 222 339
66 248 366 438
164 383 405 484 490
261 358 467
16 92 145 177 215 267 349 477 485
25 62 181 214 314 315 320
4 37 48 50 382
116 160 222 255 309 337 400
40 128
92 132 191 193 206 230 274 276 294 473 496
21 117 208 258 361 379
136 177 213 331 357
208 210
74 110 254 312 326 344 375 424
79 124 180 192 202 213 356 411
43 44 50 201 253 280 378 485
21 35 54 169
213 266 381 455
27 215 284 440 460
48 111 248 431
374 437 444 448 477
12 15 21 51 148 149 257 328 340 342
140 259 491
10 128 141 187 195 392 393 439 446 494
9 52 75 199 464
49 224 360 409 460
11 124 160 232 287 331 482
47 52 262 362 398
76 96 98 133 152 378 496
47 57 90 92 100 482
113 207 262 283 440
129 157 283 350
7 47 74 210 236 335 355 361 370 374 497
118 173 307 374 437
122
58 83 141 237 447
90 423 481
96 144 230 390 436 459
140 162 226 299 310 322
247 418
33 61 87 161 211 289 290 378
239 431 444 486 497
101 131 177 253 370
17 44 69 140 245 338 352 355 423 462
37 186 224 377 484 485
464
47 73 321 390 410 418 452 496
19 21 149 363 460 462 489
37 58 73 378
113 127 281 360 458
8 26 105 237 275 327 418 435
253 310 353
2 12 71 114 115 168 224 357 361
3 24 62 107 223 235 447
43 71 132 240 364 406 477
48 69 172 179 185 363
115 128 163 230 333 367 406
95 178 179 211 215 242 350 359 415 459 461
150 220 250
134 209 215 252 339
48 208 488
202 333 435 455 469 482
139 146 264 339 399 445
7 92 175 217 237 296 327 364 372 386 464
2 142 159 181 184
322 382 389 392 403 422
29 50 82 165 274 420 422 435 461
94 183 264 275 276 373 386 397 479
52 64 164 345 350
233
53 98 110 213 485 486
211 283 400 493 494
55 66 141 156 458
149 243 246 300 315 496 498
106 169 212 396 414 458
21 41 281 302 320 407 460
108 131 147 217 233 464 475 498
38 94 146 269 350
11 176 191 193 197 221 353 355 474
1 24 70 164 166 290 307 386 402 418 452
51 219 293 382
2 10 123 224 386
136 409 440 448 452
143 172 191 274 434
54 305 459
413
72 177 194 236 244 314 387
141 247 353 402
214 254
62 99 182 280 394 396 465
15 29 233 481
79 143 147 168 225 296 355 491
100 221 496
53 142 150 389 436 498
62 67 115 163 240 434
6 12 157 171 173 190 297 343 382 463
82 227 256 276 351 391
15 114 326
61 64 490
282 439
111 130 162 209 292 355 405 471 491
108 121 248
216 288 331
