500 3150 0
110 207 272 273 295 298 314 438 456 477
22 206 396
65 359 384 399 424
37 180 335 342 486
76 111 126 162 188 274 282 290
22 56 195 253 444 453
53 69 84 115 377 425
134 209 318 326 441 499
140 170 179 232 266 340
7 81 164 182 213 275 331 350 364 386
18 124 329 363 453
189 196 212 230 389
153 282 320 471
27 89 181 213 270 339 391 439
180 222 315 329 473
110 159 202 295 492
74 136 262 281 311 420
94 154 190 349 375 417 420 434
67 148 207 252 279 354 365
45 72 249 422 426 434 451
214 241 242 335 391
2 70 81 99 235 327 355
101 155 231 247
14 41 79 154 198 200 216 261 302 416 475
71 286 320 333
79 143 305 322 400 444
38 52 71 87 137 296 413 445
77 220 457 496
80 255 485
96 114 176 240 266 349 372
414 430
106 164 242 326 389 486
127 162 244 277 340 385 392
94 166 201 367
100 136 220 266 336 355 443 452
53 135 209 218 254 320 403 426 468
4 54 95 107 211 222 387 448 463 495
12 14 27 110 256 294 349
67 174 312 368 400
32 87 160 163 251 294 352
29 128 152 159 177 202 233 278 285 302
125 184 223 319 358 373 388 395 459
182 183 199 270 461 467
89 121 159 277 355 357
143 234 482
199 209 229 298
8 15 66 116 117 195 469
142 225 322 375 387 441
211 257 327 332 426 435 440 473 498
3 85 180 279 475
90 120 144 205 353 403
45 151 232 282 313 318 334 390 422 432 483
7 36 68 274 389
37 147 423
32 222 482 484 498
78 372 390 471
103 197 473
28 105 164 327
267 338 340 397 448 495
97 178 188 360
57 101 259 340 407
147 319 434
85 198 276 333 410 412 428 438 446
2 66 244 273 341 405 407
22 155 285 489 491
47 64 65 109 160 255
39 254 310 336 382 491
29 53 70 152 299 322 373 460
16 52 87 109 167 189 335 455
37 54 94 251 391
27 258 388
20 78 82 133 292 354 356 429
33 91 127 166 304 355
35 209 338 442
97 341 489
5 48 188 219 225 228 465
198 246 290 362 421 486 496
56 177 183 201 205 255 322 331
24 26 84 102 346 395 419 464
157 195 196 261 269 292 456 488
10 22 161 288 310 459
23 72 145 208 270 423 429 464
43 85 113 332
56 79 101 107 266 358 374 412 421
22 50 64 83 200 323 352 448
13 149 214 267 448 470
27 48 70 206 217 262 376

45 142 398
22 215 324 492
35 101 166 307 314 393 484
60 84 284 291
175 210 261 367 396 445
18 70 122 129 173 243 254 412
37 155 250 265 273 335 473
30 160 187 223 342 354 387 416 466
75 101 108 125 283 354 405 422 454
117 143 238 314 352 388
30 373 384
35 80 339 371 378 387
84 97 203 264 269 454 478
178 335
23 273 410 427 496
109 140 143 171 330 376 406
124 157 201 235 322 379 388 451
23 210 250 294 425
1 282 351 443 465
72 97 183 260 298 430 499
66 69 104 142 144 158 297 314
1 159 173 276 383 413 445 467
56
233 389 490
98 283 460 465
113 153 206 232 235 238 358 489 496
41 157 171
107 165 236 257 307 359 416
32 44 98 106 207 444 448
122
152 240 252 381 389 421 474
51 62 188 283 424 433
3 122 126 241 266 278 340
10 51 94 121 268
8 127 186 211 233 243 280 316
3 11 35 72 105 127 149 200 254 267 269 298 310 321 410 466
44 97 187 196 264 295 333
5 73 300 303 315 383 405 426 454 485
73 78 123 181 229 279 392 425 439 489 500
41 87 270 295 308 370
24 94 141 144 178 183 264 317 332 359 382
10 171 282 323 357
51 122 155 197 208 246 295 321 357 370 465 487
38 95 151 269 288 315 424
100 127 152 286 338 341 373 380 404 477 485
5 22 49 193 367 451
36 94 307
17 35 58 234 303 486
44 381 425
190 296 311 385 408 459
142 363 367 371 462 479
162 174 199 233 349 378 388
129 237 462 495
48 119 211 232 303 365
45 98 103 166 206 372 449 470 490 494
51 60 128 129 338 383 389 444 465
8 82 216 230 347 480
76 230 271 338 399
40 54 62 125 326 327 428 485
19 259 487
86 242
91 388 442
76 132 337 426 497
41 68 180 199 385 411 464 481
13 114 176 258 354 389 436
24 153 204 338 378 394 441
21 52 59 82 131 154 209 325 332 499
179 199 222 255 392 473 478
5 54 80 105 305 310 395
60 99 112 167 293
41 122 442 452 460 469 491 497
66 111 185 381
70 74 317 395 405 443
5 33 106 140 182 267 464
40 108 167 319 342
32 58 74 273 302 433
227 230 259 356 368 378 488
136 143 185 267 277 295 362 372 498
158 317 465
142 162 408 463
145 161 244 297 410 421 426 429
21 42 109 198 450
115 208 249 251 277 305 465
44 275 322 368 400 434 500
94 110 163 196 364 387 410
22 140 379
56 93 103 245 288 368 380 385 390 447 482
153 216 370 406 495
41 52 279 396
33 60 78 102 129 278 306 384 407 415 419 474
156 218 238 325 405 494
44 152 261 387 414
14 91 221 261 337 395 415
10 43 108 266 367 415 420
108 272 386 462
210 439 487
113 173 339 454 467 469
164 325 349 492
125 222 250 274 299 305 324 395 430 453
60 69 294 299 393 447 498
23 69 131 239 291 334 356
40 69 138 176 265 317 410 447
97 150 214 291 346 388 428 468
224 286 304 331 345 373 460
134 244
11 179 400
6 364 403 427 439
12 80 118 173 231 244 270 297
57 315 388
24 63 77 170 223 242 323 474 493
180 222 228 321 494
110 124 472
78 341 448 452 456 477
6 41 172 188 229 350 399 409 460
73 204 276 351 373 438 479
154 203 378 426 465 489
51 68 78 117 125 192 268 421 430 433
2 46 86 90 114 117 143 147 148 194 210 253 289 317 466 490
19 117 143 154 175 309 443 462
82 171 276
36 101 146 155 232 295 328 399 469
44 93 206 290 436
137 150 174 236 278 294 381
12 289 319 330 447
4 10 20 379
21 159 191 271 329 356 393
90 109 121 188 205 207 221 279 366
75 92 145 217 247 273 306 469
82 87 204 216 254 266 333 390 433 463
171 230 287 337 490
208 252 397
28 35 157 322 367
106 181 215 402 490
15 55 187 199 246
42 281 341 441 499
192 242 294
7 48 53 154 229 334 411 455
322 415 439 475
108 165 253 373
44 117 160 199 346 432
262 274 485
145 146 165 332
23 196 246 325 443
1 9 52 179 180 181 209 280 343 437
41 102 123 338 352
124 142 343
22 147 391 439
333 343 417 436 465
19 31 295 460 482
31 172 243 335 400 402 419
37 273 363 445 461
30 107 112 119 156 277 406 448 469 478
20 21 121 157 193 264 331 449
21 198 334 453
123 161 238 308
64 193 196 351 487
118 144 175 227 337
77 177 267 353 449
402 416 488
40 195 204 215 316 402
20 253 266 351 459 475 478
95 237 407
40 70 143 281 372
19 144 219 395
6 23 104 227 273
34 36 94 124 217 306
232 407
33 96 406 421
49 116 292 410 442
71 75 139 153 166 269 276 346 354 428
61 148 165 316 474
108 236
24 93 117 180 201 213 487
87 213 429
4 25 78 102 358 419 428
101 119 125 193 253 337 405 483
255 287 438
56 84 121 182 294 316 405 412 431 495
31 59 162 166 187 190 318 324 379 417
40 73 149 198 205 345
124 190 381 395
14 82 128 446 470
95 214 277 338 388 426
1 17 171 183 257 287 389 414
1 64 239 286 320 456
5 45 53 125 138 180 229 263 303 335 475 492
69 278 418 465
15 203 208 258 312 341 430 484 492
31 33 61 166 214 220 240 271 279 329 384 416 438 448 491
178 202 211 328 346 375 385 419
19 50 103 110 127 177 229 245 277 408 463
94 144 172 232 294 312 313
17 44 223 227 251 301 340 412
5 13 118 332 358 482 483
405
48 259 270
20 65 214 234 282 303 377 476 483
25 192 233 311 320 380
226 265 272 430 471
81 175 384 421
158 209 407 429 499
77 315 354 402 417 428
152 269 339 438 443 474 489
72 319 345 412
73 124 174 219 385 438
9 40 106 153 211 266 280 318 402 425
128 131 209 237 303 307
19 116 359 371 374 390 413 457 475
194 196 260 360
1 42 48 108 114 124 337 414
68 111 226 233 323 331 370 395 414
126 318 354 490
138 250 281 365 367 402
41 164 326 343 350 465
55 61 132 136 195 201 240 295 334 356
192 255 259 308 340 385
26 119 121 171 371 385
178 200 216 275 353 394
91 116 135 230 263 370 404 484
50 63 128 304 326 331 395 478
292 306 414 443
67 81 157 329
138 344 380 394 395 434
168 269 280 387 398 461
212 253 280 287 332 420 449 459
1 35 91 109 310 370 408
7 126 197 290 375 380 461 466 479 497
184 248 259 345 395 459
65 120 129 190 342 374 380 402 483
8 52 267 358
138 163 187 193 292 376 382 487 488
13 25 114 119 196 273 358 417
124 180 241 421 457 461
48 68 78 105 220 357 387 395 434 467
85 159 198 299 397 437
21 90 171 187 377
231 301 419
8 32 203 284 308 324 447 483
22 43 147 392
86 153 278
11 15 214 238 277 310 371 390 456
50 104 338
112 192 289 299 308 311 414 418 434
6 30 129 155 292 340 500
25 72 96 113 128 217
52 189 242 303 375 389 458
21 69 87 95 100 102 105 274 346
117
151 181 264 306 321 365 417 480
154 228 271 366 476
100 185 194 242 324 356 417 429 469 481
33 61 116 304 332 395
64 119 201 377 436 481
4 114 248 397 459
22 232 302 330 405 445
37 53 448 458
84 192 268 292 316 383 454
66 73 79 171 191 228 357 374 403
88 145 297
114 445 457 464
30 112 186 223 440
10 201 202 253 283 466 480
26 73 99 107 118 249 333 460 482 483
40 233 384 421
83 107 144 246 306 358
19 96 258 300 397
8 35 93 167 233 274 313 338 380
136 162 165 189 303 339 366 414
44 68 217 275 322 437
17 282 306 320 348 378 420 421
1 116 129 261 312 371 422
60 325 400 457 473
68 141 206 415
97 104 166 212
11 76 106 139 239
173 183 195 232 377 390 395 476
15 58 66 100 142 284 337 454
338 354 456
93 182 251 301 388 404 436
12 59 73 79 80 165 253 269 461
1 284 294 421
99 128 299 385 435
104 139 296 305 359 410 426 492
30 42 56 350
169 203 227 252 299 326 411
84 296 346 379 472
171 210 294 315 428
104 224 319 321 330 464 478 485
3 114 341 364 389 394
100 140 165 204 270
6 136 174 361 374 383 384 409 437
104 311 317 322 355 492
137 160 269 279 325 438 465 493
19 67 148 177 208 245 319 331 378 387 425 434
3 73 110 183 214 311 345 411
3 99 178 277 308 315 352 379
33 42 152 278 305 459
10 142 183 329 451
37 48 77 96 100 110 173 225 279 312 322 382 413 459
71 105 140 191 489
12 53 68 80 112 119 145 377 462
55 56 175 217 276 296 329 343 364
14 21 51 77 235 413
127
7 15 95 188 374 406 470 494
222 311 312 377 473 481 486
13 42 47 79 94 161 252 269 316 322 396
2 18 83 123 177 243 342 415
59 185 219 307 323 325 342 354 374
199 209 312
3 146 217 239 406 414 424 447
39 238 416 451
415
227 238 247 248 294 317 382 425 443
51 147 195 346 404 448
46 234 281 367 403
64 97 126 264 266 283 343
104 176 191 240 256 393 399
250 289 406 455 483
138 168 314 422 427 452
1 202 379 456
63 103 124 168 257 277 344 371 468
61 152 373 383 424 459 474
63 94 176 180 203 292 353 427
61 110 248 296 387 391 470 472
159 298 299 309 331 354 356
20 40 181 182 226 316 361 383 396 442 471
24 84 96 116 121 253 433
7 18 201 236 267 290 320 430 489
66 331 423
54 79 178 263
18 182
77 84 119 167 311 317 352 358 369 436 443
97 408 490
32 54 418
120 132 191 252 399
7 91 106 108 127 137 288 434 454 460
20 36 49 126 204 271 334 423
1 103 134 184 261 346 412 430
63 86 120 154 258 263 375 448
72 82 169 198 262 289 299
108 130 187 205 347 413 417 431 458 471
78 95 244 336 430 474 497
52 132 228
36 88 91 94 126 205 268 291 416
18 20 62 101 158 200 202 382 475
49 97 157 187 278 293 440 444 476
210 367 368 421 449 500
114 155 256 357
203 207 213 265 268 277 280 291 293 485
67 157 195 226 235 286 306 307 349 411 414 490
49 139 349 387 491
48 92 223 284 480
74 135 150 184 257 273 313 415
77 161 164 207 402
26 117 180 199 273
27 28 134 239 333 343 348 392 457 476
30 69 73 248 283 314 441
161 188 190 392 491
30 37 59 240 277 344 403 428 473 475 476 495
183 313 323
118 199 200 270 427
20 105 112 252 386
5 159 185 326 360
234 298
97 117 185 293 298 398 425 464
26 69 115 160 203 286 330 407
116 201 308 329 409
64 296 307 321 348 360 437 445
34 203 344 347 417 430 443
42 81 191 311 326
8 68 113 351 425
43 117 204 205 368 423 491
89 139 141 183 207 389
37 274 279 304 453
51 60 82 140 152 348 376 380 410 454 487
76 107 144 208 381
95 206 251 350 492
110 185 322
7 19 22 41 144 174 191 257 486
24 47 115 159 185 209 287 339 360
143 345 425 486
13 222 289 297 430 459 492
121 169 200 351 409 413
49 95 144 160 185 230 394 448
35 178 198 259 411 488
50 249 264 490
181 199 279 354 364 435 445 448 474
1 133 276 304 468
54 101 240 330 376 394 496
169 315
242 350
5 12 297 339 394 479
55 122 351 436
52 187 208 264 282 384 461 482
6 91 242 290 307 322 340 377 427 480
29 126 229 416
128 209 216 394
131 184 225 244 319 464
80 319 388 390 412 448 474
65 75 135 160 275 291 417
135 143 206 218 221 300 475
65 67 159 167 277 440 473
16 186 209 249 274 276 380 466 471
15 136 198 381 468
132 199 393 445
73 141 266 335 377 448
58 77 103 437 478
159 315 363 431 433
49 55 82 166 188 294 295 368 418 449
1 8 48 101 108 155 223 254 488
301 332
