500 2925 0
17 57 89 204 347
35 138 187 222 269 270 421 426
7 142 176 260 415 444 472 492
28 56 200 391 394 434 463
35 168 169 496
66 93 94 168 233 278 282 417
63 68 124 262 348 431 492
27 34 60 184 210 214 293 337
460
27 51 68 110
113 133 145 272 283 373 377 475
69 104 129 165 290 388 413 446
8 12 88 168 177 406 499
111 135 214 356 362 378 388 479
1 43 55 123 214 235 315 354 396
111 174 175 235 263 304 376 459
1 5 105 201 228 404 472
53 149 275 298 414 496
95 142 196 208 445 448 464 490
141 265 419 444
69 198 322 332 449 457
30 68 113 256 386 424 469 498
60 163 239 276 331
62 166 196 222 265 403 413 494
27 143 153 446
42 180 273 421 475
25 221 453 461 472
67 140 207 350 368 413
110 152 265 293 402 414 424
22 33 175 199 236 318 389
91 117 166 186 383 396 397 471
98 165 184 341 347 376 428 494
179 327 337 410 465 467
8 134 291 331 412 454 483 499
65 69 268 295 451
62 215 238 367 380 414
41 89 208 251 265 372 482 494
133 186 220 292 316 323 357 373 497
240 285 370
292 313
112 285 375
73 189 216 242 357 387 412 428 437 460 461
3 15 24 199 244 252 328 343
16 270 349 375 420 480
61 132 138 323 481
5 139 160 163 225 350 370 460 483
73 77 106 191 199 338 362 376 430
162 202
144 463
45 182
10 12 144 193 362 386 389 491
83 107 299 417
18 56 88 99 108 148 234 306 335 388 391
7 71 138 168 176 344 366 407
341 453 467
67 105 124 129 153 173 202 282 326
1 71 83 116 158 278 318 334 460
50 57 107 277 407 417
96 305 340 472 486 491
179 337 413
38 45 209 316 360 490
12 20 139 340
348 452
14 110 279 283 365 419
79 103 166 182 183 262 302 439 476
69 139 387
3 28 129 327 344 411 439 493
10 23 259 296 297 347
6 138 205 324 348 369 430
200 248 348
94 105
54 76 107 279 457
42 209 251 372
40 69 94 101 274 302 340 375
4 280 352 358 492
41 72 145 228 254 287 288 310 471 495 500
50 76
30 74 88 138 152 230 369 415
239 317
91 287 315 328
4 116 178 211 290 324 448 469
201 258 265 291 494 497
17 34 98 174 362
130 175 203 251 307 480 495
18 165 239 261 273
16 23 267 345 479
2 164 350 398 422
37 82 118 221 249 265 413 487
1 37 61 145 167 243 384 389 390 407 424 425 435 479 481
407
80 142 153 159 255 267 272 294 393 399 477
67 89 123 164 166 204 251 338 350
197 327 351
92 193 210 271
34 111 142 213 267 276 294 432 469
52 155 181 215 226 283 465 479 486
43 273 415 463
32 132 350 430 492
236 372 439 488
276
74 173 298 327 357
44 59 139 245 472 481
62 143 148 254 298 359
12 121 127 256 473
17 29 79 84 120 133 135 399 445
195 205 395 410 452
72 405
336 417
145 171 191 318 402 499
29 64 77 186 300 439 446 465
16 62 221
41 118 132 349 385 411 430 474 493
123 230 341
116 124 235 362 374
6 12 56 432 436
67 81 114 195 217 266 268 385 466
111 205
127 145 281 315 339 407 441 469
42 88 196 289 321 340 430 468 476 487
126 147 250 263 317 461
91 104 207 299 315 400 412 430 454
126 279 305 332
15 92 364 464
56 217 235 450 479 486
70 85 342 399 435 458
32 120 300 354
91 118
255 427
56 67 315 405 421
83 84 129 192
6
45 103 134 192 207 268 416 458 476
11 322 340
34 73 137 191 272 284 392 455
152 327 340 483
255 274 398 405 456 486
193 216 358
45 78 384 389 451
171 180 240 395
47 212 264 420 460 482
32 93 285
3 19 43 91 179 225 229 334 417 488
62 231 251 281 282 313 397 426 439 462
12 22 51 239 301 320 328
89 109 118 257 312 394 416 453
34 173 389
12 120 269 335 346 414
53 103 182 205 375
18 84 106 212 302 418 490
20 207 293 390 475
15 181 211
231 285 299 366 385 389
19 206 224 245 260 266 307
40 68 224 252 434
96 220 282 368 414 433
163 194 224 271 475 477
70 128 172 194 287 308
84 131 168 175 317 445 454
32 70 91 139 168 333 369 463
106 229 394
118 197 215 274 341 357 360 376 452
48 49 136 189 377 420 458 484 495
23 46 47 121 156 226 261 283 315 388
47 92 165 478
51 157 216 299 340 347 379
31 398 469
297 302 327 496
12 116 130 156 159 162 307 425
10 17 409 464
63 68 294 313 467
356 379 483
48 184 302
30 56 241 265 291 322 332 336 370 379 434
16 29 83 154 164 219 238 342 389
30 302 309 452
3 64 144 211 347
27 38 76 256 340 362
81 116 130 300 449
258 263 308 359 385 417
139 274 278 399 410
34 84 96 308 361
50 65 125 148 177 207
101 239 308 315
77 131 226 448 459 486
153 214 241 377
6 38 110 132 216 227 441 484
77 261 313 367 470 488
64 375 408
240 270 293 367 424
57 70 131 330 466 497
16 20 47 56 99 109 134 294 461 498
32 132 249 251 437
51 146 272 276 307 405
12 247 435 474
74 106 116 146 454
24 119 339 438 455
118 188 210 239 379 407
83 95 100 140 353 385
10 47 252 291 366 374 397
10 48 62 70 191 411 482
17 102 311 383 476
5 44 56 65 81
84 247 324 362
75 92 95 131 321 396
266 294 342 392
153 208 245 294 300 377 390 488
117 266 312 328 343
19 25 164 206 252 347
61 73 224 348 392 435
8 94 197 264 274 334 420
13 50 63 74 81 151 217 220 376 392 400
140 149 268 294 360 368 406 444
95 96 105 328 335 338
14 15 300 428 431 480
388 493
10 165 186 218 293 453 472
92 153 234 258 323 378 434 456 480
213 216 456
43 55 76 386
38 155 178 211
28 111 121 124 219 321 383
72 398 450 469 478
83 119 137 369 452
118 154 156 238 360 406
186 242 363 388 404 460
96 163 200 242 363 384
81 186 457 460
17 109 151 154 193 233 244 245 337 361 434 500
93 111 168 196 464
22 78 132 258
251 386 390 409 458 465
6 69 81 107 184 278 296
216 228 272 393 421
168 189 292 489
154 171 248 327 344 491
111 395 405 490
48 73 326 453 471
174 181 393 460 493
10 23 38 79 85 107 197 374 471
14 189 209 236 246 283 312 327 331 443
189 338 434 468
42 146 226 310 319 343
6 89 208 247 287 369 389
27 218 226 334 365
53 91 99 102 153 206 278 391
74 112 120 294
25 194 236 332 342 352
70 390 449
11 22 98 364 384 396 406 416 476
120 185 192 316
37 55 192 318 344 470
53 154 186 208 257 303 311 438 463
109 148 228 309 341 368 445 447
76 144 164 391
91 142 296 377
175 200 212 312 332
3 59 100 228 256 398 500
156 271 372
46 240 385 457 475
39 106 283 322 360 388 481
35 163
7 327 347 370
16 120 353 368 399
210 311 324 395 412 418 500
20 24 81 82 220
116 180 205 253 265 291
36 86 317 331 379
6 63 116 132 212 286 492
78 191 219 492
44 61 189 193 207 441 485
25 94 121 125 156 251 258 298 316 324 354 394 396
91 134 193 226 289 290 456 488
85 127 182 196 257 399 426
52 74 136 210 343 409
39 58 163 248 438 441
23 174 321 408
3 58 280
16 40 57 180
51 62 359
216 415 420 482
118 138 143 151 264 359 420 458
6 23 56 155 289 305 339
64 240 251 260 316 350 397 469
101 368 460 475
16 40 41 152 315 396
231 268 455
80 106 147 157 312 443
67 161 220 333 397 450
119 175 180 197 282 416 494
15 81 122 272 311 359 404 406 425
34 199 266 299 306 315 417
38 234
13 150 154
91 190 206 212 378 397 412 428 448
35 102 492
68
125 283 436
126 328 450
52 133 321 431
60 68 101 178 214 427 451
184 194 223 458 465
6 172 188 229 347
340
16 344 372 388 389 490 499
122 195 291 451 460
30 53 83 149 291
84 115 168 193 302
125 174 179 285 293 300 378
69 175 318 476 497
76 242 303 307 403 429
33 171 201 238 290 379 391
205 225 437
40 70 143 201 358 471
216 249 262 350
15 80 118 121 129 145 163 238 278 285 375 388 447
88 172 194 259 283 384
1 156 191 218 229 259 267 410 460
4 24 200 345 380
199 242 254 366 498
144 243 378 386 419
119 221 229 299 378 433
21 133 260 336 347 410 487
45 100 211 235 375 420
69 95 101 104 189 202 264 335 353 426
18 147
415 461 476
67 101 262
61 144 213 336 485 496
267 391 453 480
104 153 288 329 332 342 437
240 262 333
21 173 184 247 348 380
159 190 215 331 389
2 92 142 188 244 326 360
213 306 421 443
47 108 173 251 412
37 187 228 375 440
33 47 213 237 360
118 204 374 456
1 133 165 177 343
35 55 161 179 253 323 403
77 125 212 247 367 383
89 119 132 173 207 244 311 340 344 349 385 479
54 81 174 304 426 432 434 485
71 86 169 206 318 373 395 472
156 162 212 228 323 457
1 27 32 68 127 165 214
70 143 234 249 426 460 464
112 341 350 388 389 412
87 98 115 240 283 314 392
31 93 162 181 376 484
75 116 263 310 333 370 416 442
1 217 263 324 338 383 384 386 406 486
126 135 138 206
163 300 314 433 464
123 146 249 460
42 101 268 280 388
61 109 128 137 182 372 384
103 179 180 281 335 342 405 433
20 37 61 161 213 332 334 376 471
71 181 202 254 478
48 114 177 379 381 456 500
131 226 268 318
46 75 188 249 387 431 469
11 244
97 199 407 438
189 404 480
198 212 253 330 371 403 408 435 478
78 138 162 188 233 383 436
39 83 103 156 240 336 352 428
154 179 261 330 343 462 467
30 73 144 249 258 465
11 38
114 159 362
41 44 74 189 244 337 425 445
47 161 211 261 296 360 451
11 185 262
5 14 205 294 308 320 344 382 483
80 164 165 191 267 331
36 121 318 391 407
65 123 362 403 461
182 356
31 164 201 214 330 346 353 369 493
89 112 226 249 255 260 437
110 152 161 179 198 203
22 447
131 480 493
62 163 225 260 276 378 418 453 490
7 51 89 138 182 243 250 274 287 316 349 404
52 248 346 384 470 489 500
4 310 311 314 327 329
134 189 209 350 408
91
4 73 170 247 271 294 379 462 494
27 106 264
31 249 393 456
31 199 311 469
10 136
25 105 214 285 308 381 480
341 484
286
16 28 109 221 275 407 409 426
71 217 226 412
17 219 292 367 389 422 494
107 131 236 286 377
13 212 224 249 290 435 441
54 90 142 161 380 467
18 49 188 239 276 354
71 274 329 402
27 33 180 294 317 322 447 454
112 354 460
25 34 70 93 121 135 349 372 492
12 24 28 55 84 285 473 474 497
18 19 36 42 57 72 106 147 155 321
52 78 494
145 267 352 406
21 34 58 108 179 338 396 438
347 388 493 497
13 20 258
36 44 140 210 323 443
220 233 472
31 358 404 462 475
347 497
29 89 189 232 487
50 89 141 279 290 430 450 474
2 88 161 184 291 344 348 388 414 471
96 128 245 300 343
32 47 356 411 415 418 443 449
101 151 477
52 69 112 119 139 181 207 439 452
7 126 364 440 463
5 95 116 233 272 333 344 404
3 9 113 127 321 352
4 100 217 241 252 265 278 353 406 459 494
89 125 194 351 368 406 448 464 467 497
175 297 342 369 450
42 243 312 384 472
34 69 252 275 366 425
121 322
52 162 259 280 340 421 475 480
33 186 191 295 428 461
34 43 230 256 348 468 474
20 32 60 170 240 287 440 444 475
212 381
19 148 200 253 375 452
174
51 117 315 374 379 382 386 410 474
122 214 435 459
75 227 445
69 124 298 433
28 35 202 376 426
46 63 68 160 161 163 201 223 355 430 492
27 122 128 237
170 222 235 367 407 428
35 157 158 176 284 286 326 364 489
68 203 217 218 392 467
21 72 150 346 386 483
25 115 231 297
140 163 434 473 479 480
27 55 57 140 190 227 247 269 320 322 356 393 452
42 72 120 326 381 500
212 232 320
3 203 393 431
19 123 229 239
33 110 120 186 238
10 40 236 287 344 472
95 123 172 174 212 306 328 355 371 407 456
241 324 372 386 425 440 498
48 95 166 196 283 364 397 472 491
76 149 171 173 219
31 101 313 360
17 59 102 216 222 345 415 421 469
26 206 294 413 459
87 387 421 422 426
11 140 150 156 241 251 259 284 382 422 440
119 120 201 309
2 72 236 410 434 498
164 368 471
47 89 105 354 390 463
197 214 367 399 450
45 61 102 151 193 260 287 356 498
116 132 173 280 492
59 130 170 283 378 495
186 232 251 278 302 351 352 400
328
59 184 244 271
206 253 273 322 424
37 99 111 153 206 210 216 253 256 306 407 491
69 73 344 394 455
19 71 75 149 290 360 388 407 450 459
43 59 469
3 7 75 98 224 268 276 295 412 430 482
170 185 245 464
16 21 32 37 82 100 250 394
76 107 437 483
5 209 213 252 263 320 328
38 115 172 190 423 473
22 106 116 192 248 396 425 468 477 481
14 109 172 257 419 460
17 18 54 76 264 334 389 461
