500 2914 0
76 150 160 262 467
157 292
43 156 211 231 241 361
131 192 263 279 417 496
13 119 159 198 213 235 279 284 288 324
117 213
75 103 151 251 309 446 458 461
30 162 197 474 483 486
39 334 346 375 416 424
140 385 436
108 231 233 361
246 381 438 443 454 484
5 233 290 318 338
68 221 226 231 308 337 372
116 365 417 424
98 141 155 181 281 359 374 424
96 458 463
172 174 190 213 261 336 351 416 447
33 77 98 143 177 209 363 415 428 464 491 495 499
93 97 207 249 398
178 235 433 449
43 62 65 154 271 441 482
118 123 196 236 241 278 314
48 184 286 351 383
45 169 204 240 255 404 409
204 465 469
22 86 99 181 287 294 359
35 114 252 296 297 340 376 422 425
56 149 161 222 236 334
8 200
47 153 177 311 368 369 421 422 436
238 261 303 321 448 460 487
19 101 111 174 229 280 346 437
111 322 363
28 209 233 285 377 412 500
67 72 222 384 401 488 498
168 169 352
265 268 294 406 487
9 93 118 148 187 227 305 365 377 413
62 81 155 180 237 249 327 403 484
138 151 174
46 71 96 120 202 227 370 399 463
3 22 50 114 164 207
56 66 193 451 471 489
25 168 242 248 353 368 425
115 277 342
31 107 111 115 223 244 288 370 423 488
10 57 94 165 206
45 237 383 400 489
43 64 70 232 265 408 465
122 216 235 273 276 390
66 141 208 249 251 422
180 187 262 287 296 330 356 394 495
175 257 431
90 412
29 44 151 208 257 270 306 322 421
140 260 324 490
118 204 224 251 312 333 459
147 396 428
55 59 74 187 193 336
37 258 347 487
22 40 159 204 295 367 405
89 162 223 245 272 302
50 297 350 463
98 102 184 474
44 52 88 217 389 394 409 483
36 148 284 285 327 356 397
14 31 53 218 225 259 477
83 433
50 152 249 320 364 367
106 353 375 466
36 48 127 144 280 305 401 447
318
60 84 333 467
7 49 90 121 173 224 292 406
1 162 344 369 441 452 466 500
19 58 115 137 363 367 378 489
101 128 207 277 294 322 445 491
109 216 233
143 282 345 382 387 404 444 491
40 225 246 251 261 263 384
102 127 152 154 193 362 410 435 498
69 280
92 252 438
133 223 342 441
27 89 188 218 273 435
97 107 168 333 381 400
66 345 456
63 86 111 246 339 351 399 413 451
75 143 200 234 346 385 407 415 497
219 401 497
84 223 396 408 426 454 455
20 39 152 205 211 360 401 454 499
48 122 291 319 374
208 215 339 403
17 42 47 192 400
20 129 310 452 457 459
19 111 222 270 310 457 493
261 397
156 264 499
33 165 417 432
65 183 207 239 244 409
7 187 307 440 500
147 181 234 305 434 436 473
101 264 300 362 389 416 488 493
71 109 133
47 87 253 297 327 346 355 399 499
130 137 189 239 313 340 343 346
106 133 177 184 186 258 333 356 457
97 222 270 275 332 380 436
34 47 89 98 175 183 220 245 332
316 353 362 381 414
207 253
43 369 432
46 47 77 218 286 367 402
15 437 490
6 139 253 257 262 276 497
23 39 58 135 216 339 452
5 133 163 246 320 477
42 243 274 283 342 371 381 461 477
7 75 294 363
51 94 139 169 188 275 276 307 346 373 394 435 478 484
107 135 280 318 386 498
126 262 357 402
88 256 361 497
101 124 156 166 206 223 451
82 255 298 312 327 422 432 444
78 401 411 467 469
25 97 285
108 127 172 274 295
4 174 300 309 343 377 396 438 465
61 240 383 422 450 456 467
85 106 109 119 260 327 482
188 202 207 230 487
123 241
83 146 441
108 138 156 445 449
41 224 227 339
82 117 122 144 227 323
10 57 257 299 332 360 459
16 52 213 410 417
145 182 247 360 368 379 457
19 80 168 339
72 139 174 327 330 445
142 194
103 136 223 234 412 447
59 281 492
39 67 255 347 495
29 177 221 226 304 461
1 167 373
7 41 56 129 327 367 384 480 485
82 93 370
31 355 371 421 460
22 38 82 158 262 275 325

3 100 137 168 282 302 307 326 348 401
2 145 182 316 473
154 211 221 367 414 423 492
62 281 300 318 352 390 482
1 143 165 334 423
279 339 382 428 446
8 63 75 76 147 248 264 408 444
119 299 433 480
158 299
48 101 248 249 280 427
7 111 126 219 245 251 267 351 354 419
150 260 374 383 390 400
37 87 143 156 190 225 289
25 37 122 196 263 416 453 472 481
216 238 253 396 465
371
130 184 272 290
75 447
18 33 41 131 144 189 304 322 386 450 498
54 65 108 301 327 390 412
201 255 258 316 400 466
19 31 109 149 207 409
21 195 249 359 379
14 114 291 329 402 450 451 457 467 484
40 53 150 182 315 377 424 468
16 27 104 243 249 274 334 413 432 464
157 170 180 343 359
102 111 454
109 172 194 240 271
346 365 418 500
109 246 252 337 373 402
39 53 60 103 200 228 317 475
86 204 266 325 444
108 174 287 290 366
18 263 319 471 478
240 277 384 430 436
4 96 197 342 344 362 377 410 476
44 82 365
145 184 228 399 432 465 495
291 463
23 122 169 186 227 357
8 192 300 400 405
5 149 296 305 358
310 398
30 125 187 235 299 337 425 446

42 134 251 263 383 462 470
229 265
25 26 62 188 216 383 466 479
93 252 322 483 491
48 126 224 265 279 382
20 43 78 113 134 177 230 372
34 56 95 197 215 289 296 321 380 482
19 35
263 342 361 423 474
3 93 158 188 251 316 472
105 355 453
5 6 83 141 196 247 376 454 496
4
208 271 290 335 386
51 79 118 306 429
66 250 399 425
68 86 115 341 471
91 166 259 330 378 408 440 484
111 252 357 389 437 454
14 97 149 158 288 378 381 439 498
29 36 110 256 323 367 393 400
47 63 85 92 126 146 162 242 255 353 381 403 422
41 75 138 292 382 475
68 168 239 240 261 311 445 490
149 357 456
42 138 139 196 288 325 332 369 392 420 490
287 408 457 486
33 203 343 448 494
134 180 207 244 247
3 11 14 75 175 238 249 262 316
50 293 303 340 353 422 437 470
6 11 35 79 265 299 384 397
90 104 305 355 379
5 21 51 52 118 136 200 262 353 362 475
23 29 483
40 49 202 484
32 170 231 269 432 436 482
29 102 104 108 225 286 377 390 409 462
25 132 184 191 196
3 23 135 279 282 285 302 425
45 115 223 406 430
120 326
47 102 230 343 413
63 166 300 341 376 472 482
89 103 186 276 307 484
142 230 305
45 162 165 244
40 52 70 97 165 166 178 181 271 440 484
25 174 217 256 317 376 389 410 459 461
39 52 58 166 202 211 439
3 28 84 145 186 205 257 265 415
107 113 117 170 316 368 460
157 204 267 427
25 95 127 176 223 403 413 437
222 250 261 407 412 443 472
54 56 117 140 252 446 484
61 109 176 235 393 431 466
68 219 351
57 167 306 346 372 404
18 32 82 99 225 256 294 309 318 409
1 53 117 124 154 231 368 413 426 439 494
4 81 169 202 210 282 400 440 487 489 496
100 105 162 265 315 476
38 50 203 206 233 247 252 264 282 371
91 188 325 433
166 192 254
295 313 369 427 433 483 491
44 238 339 495
56 98 110 197 348 420 479
22 184 215 249 266 343 422
63 172 260 427
86 88 316 351 382 417 455 462 466
120 130 181 329 359 377 464 465 494
122 418
51 122 246 292 331 353 397
46 78 191 320 414 467
23 320
4 5 161 206 343 402
25 33 72 83 165
16 85 147 159 411 449
80 156 241 263 265 352
81 120 292 321 328 481
5 52 67 86 447
35 67 129 241 288 388 417
24 44 115 239 316 434 485
53 189 228 304
47 221 285 335 338 342 425 469 484
190 208 257 296 333 378 405 422
116 172 189 397 453 454
94 195
2 75 224 276 415
89 232 328 335 372
27 38 261 319 345 430 467
62 268 306 326
53 198 208 289 331 427 451
28 64 178 434 446
127 397
137 140 142 163 164 200 233 386 402
105 131 159 197 245 268
76 175 311
6 50 63 156 241 443 481
32 139 232 376 410
174
39 72 104 198 234 247 359 450 452 471
56 216 260 295 379 410
68 103 108 122 156 246 338 358 462
253 399 483
7 261
97 199 318 413 451
225 301 318 416
58 127 203 372 476 480
108 268 348 390
138
48 84 180 228 342 414 453
112 157 162 176 231 253 273 286 288 429
118 187 250 286 325 341
13 261 310 311 372 497
94 190 294 330 362
119 165 277
208 283 354 424 437 477
56 78 174 205 237 454
46 222 356 365 451
5 416
154 188 266 317 449
40 145 156 243 380 450 484
40 67 127 133 151 175 453 459 478 483
179 204 283 293 383 392 459
179 274 330 478
53 144 219 301 319 329 366
1 276 296 336 370 423 426 476
110 111 140 227 413
14 58 74 87 109 363 423
9 29 118 160 181 204 401
215 293 419 446 461 481 490
18 60 157 267 331 361 371 423 459 489
14 186 200
13 288 467
89 95 118 138 143 156 161 269 362 365 419 443 458 469
28 108 172 232 415 432
218 245 317
46 78 85 192 210 288 315 452
36 108 131 182 229 244 423
76 370 445 465
80 88 150 294
9 90 107 108 122 260 462
148 461
93 270 313
316 475 496
64 371 444 477
18 24 89 166 273 286
37 159 167 282 376 477
45 112 223 232 235 276 432 467
145 166 266 321 352 395
107 153 212 234 311 383
109 323
124 220
129 198 307 320 442
16 27 178 182 274 293 305 338
93 140 142 210 407 458
3 11 125 336 437
82 111 112 192 235 283 319 339 414 425
19 34 77 121 333 405
70 245 367 438 485
15 39 66 185 193 323 339 402 406 476
189 245 330 404
62 70 77 115 151 158 364 472 476 487
31 32 45 142 253 262 460 486
31 227 268
42 47 57 111 331 344 371 474
153 171 350 370 377
14 207 260 293 312 318
122 123 150
16 94 429 448
9 71 149 204 413 432
28 213 245 250 303 352 419
35 39 131 180 239 274 371 495
68 77 219 221 464 476
178 234 306 474
110 208
12 15 85 87 112 120 221 223 256
80 161 211 224 273 388 392 405 409
24 49 132 167 202 204 328 355
36 81 191 233 434

123 174 215 299
80 278 407 466
195 382 449
66 105 250 436 475 495
167 175 239 313
332 396 492
3 227 328 382
222
53 122 427 486
443 500
59 92 170 391 417
67 99 276 290 298 393 413 462
20 199 467
42 107 194 217 308 420
49 87 96 167 197 222 263 426
36 72 91 93 128 143 156 298 334 426 439
62 115 124 179 186 279 299 365
40 84 223 255 481
25 80 260 366
197 245 289 363 382
38 75 224 242 270 344 365
23 90 91 256 355 387
50 79 92 347 374 431 491
25 66 102 141 187 261 382 472
82 141 192 303 306 478
128 198 281 495
35 39 55 146 175 219 403 426 454 459 487
39 122 181 244 255 332 375 397
112 158 169 277 315 362
19 90 191 292 340
9 18 105 169 311 324 498
4 48 101 141 285 396 449 484
185 275 401
166 335 339 376
227 270
31 56 153 408 500
52 127 132 223 232 271 289 319 440
16 47 89 158 160 331 333 336 365
15 180 187 321 372 494
28 45 200 217 241 288 428
92 262 331 400 401 412
106 165 254 268 296 394 409 468
19 161 178 425
216 316 374 479
165 191 242 294
54 74 258 408
101 114 127 194 340 353 451
21 69 163 266 268 452
59 104 286 297 317 384
50 82 86 122 498
10 104 110 238 389
3 33 116 220 232 255 321 361
12 84 131 364 489 491
89 221 262 401
103 219 249 263 422
22 64 76 136 197 493
358
302 339 395
80 127 162 188 208 287 350
78 137 144 225 334 344
7 161 200 257 297
18 72 75 146 284 496
32 229 374
21 123 137 281 325 388 417
125 132 174 179 305 326
44 89 126 296 298 310
97 305 433 469
95 169 212 290 315
12 92 213 220 239 290 322 412 482 488
92 267 273 334
34 53 88 226
97 98 109 142 179 228 394 435 461
7 17 360
58 97 250 327 328 336 412 433 495
32 153 220 368 463
7 120 149 250 335 347 353
47 184 202 217 239 273 307 397
17 21 42 64 100 339
19 181 274 378 437 456
50 131 170 194 274 288 327 344 479 495
71 76 88 176 204 258 273 387 469
1 74 128 132 179 242 277 294 338 398 400
180 366 427
26 128 288 466
202 232
4 44 218 305 408 464 470
147 211 245 367 409
104 157 390
8 65 210 370 379 402
187 224 235 349 389 397
192 264 312 331 365 367 378
68 119 120 321 352
122 190 327 329 410
204 270 383 429 465
119 151 163 312
169 180 283 302 335
22 133 154 159 171 208 238 358 454
8 66 205 236 268 327
12 40 122 179 219 237 246 249 257 288 326 417 489
124 151 364
228 368 394
32 38 61 134 263 367 412
36 47 105 454
44 49 77 263 336 438 484
57 116 225 227
19 78 80 89 268 354 408 438
142 147 391
28 98 105
178 229 262 274 424
19 53 106 148 194 254 389 411 459 465
4 213 349 447
90 91 117 125 318 330 350 457
14 36 82 174 221 416 435
93 100
35 76 103 185 368 421
