500 3684 0
92 100 117 172 210 243 386 473
123 152 217 307 318 450
250 267 321 362 410 436 469
27 60 130 199 311 439
13 54 55 89 253 259 312 382 386 443
61 136 256 391
50 63 278 289 400 426 479
60 67 145 148 384 452 460 466 481
146 199 272 285 292 329
55 91 152 215 229 292 324 388 443 496
39 79 89 120 128 236 265 304 440
217 340 344 426 455
5 15 55
48 75 160 201 228 396
13 76 93 105 240 253 302
18 233 247 253 361 381 383 403 455
171 362 425
86 125 152 244 375 379 409
171 208 360 437 476 498
86 207 251 308 451
124 150 263 291 292 314 347 410
50 55 73 80 169 237 294 357 379 497
176 339 357 448
95 124 168 201 327 345 396 482
28 49 264 322 368
81 186 208 244 277 379 432 439 442
48 193 333 441
25 264 288 409 426
184 295 308 318 396 400 428 457 491
201 219 255 312 402 414 451 467
113 114 118 255 368 383 415 428 462 482 491
143 170 173 240 259 285 342 351 417 446
17 289 341
63 157 178 235 261 265 432 469
71 175 321 432
80 96 325
94 136 205 244 245 248 321 398 418 428 434 495 496
54 156 173 183 345 350 398 452
11 15 42 116 156 172 206 273 285 437
50 68 73 145 168 210 392 398 464
65 70 122 265 345 351 368 418 457
39 54 186 187 225 251 264 312 350
59 78 166 187 191 229 316 356 362 389 423 478
52 177 421 453
77 123 189 211 251 327 335 351 388 460 488
26 257 325 367 371 382 454 478
108 128 181 255 278 395 411
27 50 171 184 268 286 410 491
25 56 119 249 275 305 310 363 427 441 479
7 40 48 103 153 194 217 276 291 301 347 397
95 356
123 129 180 203 230 322 400 484
102 144 188 500
22 38 42 184 245 371 396 438 460 464 470 473
5 10 27 101 202 390 450
99 156 191 253 329 365 495
131 156 217 311 374
52 94 240 335 354 389 417 479
6 43 74 184 210 357 392 442
4 154 302 327 334 429
6 96 205 246 249 260 275 321 361 404 441 468 488 495
118 232 330 461
34 237 239 306
72 86 248 299 427 455 467
84 103 434 496
177 202 352 370 433
34 97 252 350 405
40 47 118 122 130 138 167 253 288
100 137 244 286 338 441
33 41 42 114 221 225 327 444 457 476 477
35 91 135 152 191 373 478 483 494
64 110 188 266 309 369 378 495
40 56 158 265 302 342 382 434 446
16 59 90 103 214 299 422 446
14 26 144 187 230 233 247 372 374 434
78 116 253 434 445
45 85 112 137 185 189 343 360 421 435
43 76 83 134 148 228 367 417 436 460 480
118 145 276 378 488
22 36 216 306 491
126 160 230 251 285 309 359 382 440 465
113 149 166 217 292 477
60 78 136 143 146 197 240 294 376 399 402 460
65 134 154 230 242 257 287 302 313 408
77 122 184 447
18 64 139 174 285 303 319 370 376
42 88 95 107 194 265 362 384 489 491
166 206 255 312 407 430 433
5 111 194 196 231 237 257 348 453 473 484
75 122 379 499
10 188 220 283 382 472
40 191 193 195 235 264 287 305
14 15 365
33 37 112 154 159 179 226 359 371
87 144 168 216 365
36 61 122 392 401 411 445 484
17 67 154 171 360 393 419 429
131 162 190 293 312 316 394 412
56 106 157 222 260 332 372 394 405 415
1 69 148 184 188 260 306 313 325 448 468 480
35 124 172 226 227 315 409
243 263 312 450 461 491
14 50 65 74 120 196 236 296
204 242 261 385 456
15 135 185 223 296 344 357 363 486
83 223
22 76 87 129 169 188 247 278 344 451
47 166 174 187 254 288 409
41 110 240 272 322
72 162 240 318 439 446 489
75 299 329 361 362 387 461 483
94 137 146 202 302 320 342 349
31 82 138 239 368
31 70 156 172 186 327
33 60 73 159 310 327 344
39 72 168 310 409 418 450 471
1 176 205 320 322 454
31 61 79 168 220 388 451 472
49 161 207 380 455
11 103 150 206 217
163 180 262 433
68 85 90 178 268 364 434 460
2 45 49 296 376 462 472
21 24 101 159 173 442 451 469 475 500
16 18 56 420 436 470
81 115 142 183 219 257
89 184 265 287 466
47 145 217 231 248 298 336 347 431
52 137 145 195 200 262 374 423
250 327 451 469
57 206 288 345 379 412 464
145 190 230 260 295 336 380 400 411 429 464
145 147 187 196 329 338 363 444 471 487
78 137 148 236 274 303 307 375 379 442 445 479
71 105 170 199 286 294 341 391 421 480 498
6 37 83 89 256 457
69 77 112 129 134 212 224 381 451 485
68 201 242 312 314 364 442 500
109 263 338 414
256 257 270 315 379 387
2 150 157 410 426 459
157 223 241 353 438 465 497
7 32 90 135 151 163 192 340 344 445 491
53 75 331 371 423 476
8 9 40 46 49 79 128 129 133 180 359 360 405 489
9 71 161 191 278 307 316 323 327 395 428 452 462 478 492
172 249 278 294 362 383 407 414 416 438 472 492
2 8 134 154 157 177 263 313 331 389 416 432
82 108 155 262 309 374
10 21 120 141 282 360 385 408 467
26 143 234 273 348 350 387
2 10 18 24 67 279 329 407 491
18 233 341 458 484
60 67 84 94 95 141 148 159 265 276 397
149 158 277 325 378
38 39 56 57 114 171 195 231 237 273 283 303 339 392 468
34 99 141 142 148 256 336 373 419 436 440
8 105 155 314 372
46 94 115 124 154 232 262 415 460
14 81 264 293 423 425 449 489
146 274 286 353 366 479
98 110 138 153 207 218 299 332 333 500
143 200 334 338
132 216 372
195 335 463
43 82 88 281 373 428 442 474
68 90 180 427 441 480
24 40 95 118 252 268 293
127 264 323 380 478
32 84 135 144 233 268 292 310 329 378 429
17 19 48 97 156 157 200 260 395 422
1 39 70 74 101 114 147 256 340 493
32 38 124 197 223 231 282 345
108 177 211 233 300 345 358 368 443
194 310 364
23 117 202 375 405 466 488 500
148 258 451 477
34 122 256 262 367 389 451 472
94 461 476
52 80 121 145 167 254 308 337 413 436
47 165
15 81 206 215 263 332 341 351 392
38 69 126 211 242 265 271 372 422 454 489 497
29 59 127 207 317 320 383
251
26 42 114 295 409 428 491
42 43 75 108 258 364 415 479
53 72 91 107 172 279 325 396 432
45 77 174 233 246 269 288 395 415 431 443 472
98 215 389 440 498
43 56 71 92 304 350 391
47 143 327 352 420 443 465
22 27 92 234 265 312 396 464
50 87 89 159 175 198 328 362 421 493
21 129 156 165 200 212 223 253 313 476 494
22 89 133 226 339 370 413
83 90 206 304 321 349 350 379 472
24 177 281 290 292 328
4 9 86 126 343 437
60 129 163 171 195 222 281 318 404 454
14 22 24 30 196 370 488
55 66 112 176 280 284 302 365 378 402 439
52 285 298 391 392 410
34 409 488
37 117 289 352
39 61 88 131 134 182 197 246 498
20 44 119 162 184 218 286 294 374 484
19 253 348 410
248 251 321 411 432
40 59 257 265 380 394 412 421 489
174 183 243 352
137 148 210 324 437 469
276 297 311 333 361 435 472 481
74 233 306 348 442
10 59 182 281 448
95 182 271 317 408 486
2 82 128 232 357 378 437 449
55 117 162 180 207 246 277
30 126 188 342 436 459
91 118 124 225 256 320 382 480
36 76 219 462 480
99 200 315 319 405 454 458 498
106 142 173 256 344 418 432
137 260 326 337 372 373 432 466
42 70 122 220 265 282 305 334 410 434 482 488
4 94 274 325 340 345 375 431 436 447 471
14 167 386 461 481
14 78 353 363 391 396 440 467
10 61 124 224 358 362 463 487
75 78 116 132 160 195 260 265 267 425
89 92 156 173 214 284 364 397 485
118 159 217 287
75 153 170 214 372 388 393 414 416 437 461 474
47 48 95 193 245 351 444
34 163 352 373 408 410
103 134 327 409 411
22 59 63 84 89 93 110 367
247 249 326 438 439 487
113 208 319 331 336 429 471
15 58 83 109 110 428
93 142 211 473
35 84 183 270 408
1 102 211 223 254 324 358 360 375 431
8 18 26 37 69 250 355 416 436 498
26 37 54 170 187 286 475
44 61 184 189 218 290 299 308 321 385 392 412 429
75 107 179 238 246 271
37 64
49 61 63 147 381 462
130 299 362 474
20 42 45 51 125 209 345 364 394 410
168 354 364 425 427
15 16 56 195 208 266 351 352 364 437 460
8 44 108 180 205 243 394 441 452
30 31 43 47 88 203 299 313 347
136 140 143 157 178 220 223 328 394
46 84 89 126 140 210 234 440 448
22 187 260 271 275 307 426
5 11 291 301 348 418 480 489
100 104 122 171 217 231 258 277 305 452
104 347 385
114 121 149 159 244 368 481 484
21 182 256 326 410 465 499
25 28 42 65 81 92 106 160 184 436 474 480
11 34 41 52 73 87 154 193 216 225 230 317 402
22 253 286 340 343 355 425
230 295 385 397 457
9 48 122 170 271 326 479
189 309
90 158 277 285 347 362 409 459
169 183 216 258 268 353
9 109 124 147 158 425
151 156 360 412 493 497
99 134 161 226 260 296 317 325 367 368 406 408 473
49 61 258 382
50 79 154 213 362
26 56 100 155 218 260 270 352 384 442
5 7 107 146 147 299 308 309
152 434 472
202 334 421
7 166 198 200
150 173 283 337 432 486
91 282 296 346 457
202 231 344 385 401 419 477
9 32 39 73 86 124 277 314 430
48 69 111 135 207 245 266
1 27 69 84 92 127 133 147 232 423
28 68 108 116 131 189 290 450
7 33 144 205 361
198 246 288 310
50 227 259 298 429 448
9 21 82 198 387
160 168 314 437
22 83 147 302 376
29 107 186 287 341 389 398 416 455
103 123 274 283 326
33 247 252 315 322 335 364 429
74 203 291 364 418
39 74 162 246 250 255 263 394 458 471 483 485 488
63 174 224 338 342 387 424 477
50 83 119 250 259 407 464
15 73 84 112 294
86 134 146 360 361 363
11 43 165 191 197 239 308 362 448
49 92 260 388 404 411 470
63 80 214 376 390
2 134 233 258 448
20 207 246 278 304 440 450 485
18 269 278 383
49 104 116 175 187 290 357 432
115 213 360 434
16 42 59 98 193 267 334
67 100 148 255 256 428 436 437
21 138 322 357 424
48 222 297 465 477 494
98 146 286 295 329 381 462
184 216 265 362
2 29 110 329 347 457
86
112 220 306 351 420 427 431 437 454 483
3 37 197 209 246 341 455 464 487
25 52 94 96 109 297 314
17 146
212 500
3 10 36 46 77 155 188 274 305 349 368 372 471 486
224 238 263 268 296 405 432 437 488
45 60 70 114 115 146 192 236 377 432
256 331 352 400
56 111 170
283 331 345 351 361 368 417 435
9 144 239 275 328 378 431 434 454
99 129 144 182 361 442 467 473 477 491
74 162 193 213 336 391 438 456 494
38 152 163 280 312 350 425
45 81 274 297 338 359
47 128 154 157 239 249 396 412 433 454 492
84 180 224 282 369 408 460 470 489
66 69 163 211 335 458 464
196 413 415 488
12 130 266 267 464 499
63 135 153 182 295 321 322 436
73 112 219 406 484
77 194 199 202 407 430
105 107 115 143 173 223 255 284 428 487
18 24 38 41 131 173 174 214 356 445
82 283 363 375 451 481 490
184 255 261 270 283 417 446 475
89 151 208 214 259 417
112 197 210
38 42 135 151 191 334 355 437 454 474
32 41 45 49 182 234 237 253 320 330 350 382 462 483
66 124 155 192 211 253 277 362 398 412
142 161 313 371 421
58 252 461
108 122 169 183 266 325 388 418
43 51 136
8 23 118 217 310 314 332 340 368 394
51 146 188 229 243 435 477
81 94 145 308 322 424
19 77 87 97 145 150 219 235 243 273 311
16 48 61 111 178 213 303 332 363 467 497
3 17 43 111 136 147 173 194 229 250 276 375 410 425 451 461 469 484
49 105 276 303 346 361 442
122 138 175 187 251 252 253 298
56 75 99 374 431 478
161 405 470
1 46 237 274 354 363 483
12 25 41 262 274 325 330 441 492
48 72 336 337 387 413
86 196 201 383 427
44 46 54 144 348 353 421
158 164 183 207 224 233 325 451 490
127 157 166 171 205 224 235 436 474
57 75 124 164 207 423 446 450
10 18 134 226 243 362
83 86 123 220 294 299 378 382 439 500
356
79 155 285 331 376 398 423 427 455
18 22 26 131 134 140 197 249 270 297 327 444 482 498
80 119 132 169 210 262 419 426 430 458
16 137 249 316 407 459
5 46 73 81 91 220 235 275 436 439
16 17 31 309 370 400 476
8 52 144 326 432 459
104 206 267 284 345 378 422 424 478
1 5 429 471
28 111 300 499
45 110 178 216 233 305 355 461 478
43 58 148 190 448 476
266 306 394 468
6 135 162 191 218 228 497
15 156 182 445 450 492
97 110 233 411
98 99 114 210 251 254 256 299 304 350 390 410 432 443
23 47 171 189 200 235 377 462 492
14 24 29 54 188 193 228 271 492 495
50 153 154 231 267 360 362 451 454 478
37 38 40 295 378 404 438 452 470 473 484
83 114 244 403 468
7 29 68 328 437 482 493 497
15 42 96 284 365
30 83 265 328 408 479
16 274 362 399 422
4 305 398 420
67 99 145 176 217 222 326 364 366
449
46 152 188 286 343 381 422 425 498
84 166 216 428 475
18 28 93 108 116 186 204 236 264 270 305 308 448 461 478
3 141 193 203 208 235 263 354 362 394 414
47 79 96 132 160 209 236 305 356 393 438
98 131 210 246 336 415 465
196 339 369 471
8 30 83 147 213 303
31 99 159 187 189 255 339 373 412 431 469
123 158 233 244
78 330 347 348
18 37 116 223 259 300 355 494
97 155 284 380 475
2 125 192 224 422 452
44 135 183 210 234 280 353 371 479
79 171 283 318 385 403 407 420
144 160 162 287 374 378 427
300 314 359
17 160 230 252 272 334 362 407 446
7 28 141 258 372 461
49 64 252 320 370 378
29 37 146 166 186 187 240 313 344 408 455 482
60 97 170 209 246 318 386 449 460
155 285 343 380 475 498
126 128 189 243 320 365 415 433 455 485 486 490
26 34 148 161 188 223 224 282 310 326 394 466
52 66 96 121 385 464 486 495
37 65 73 75 76 86 122 279 311 331
53 77 203 213 330 358
3 26 40 42 78 125 157 219 244 264 313 341 373 382 464
19 39 212 217 253 293 313 320 326 350 438 474 489
54 147 238 323 398 411 437 485
26 110 202 224 238 376 382 421 454
11 81 157 190 349
27 49 61 254
46 59 134 145 166 214 277 304 449 470 496
5 10 80 174 189 192 372 394 409
70 133 160 234 457
96 104 392
74 110 143 343 347 370 425 475
85 226
23 100 215 224 291 304 307 389 409
160 370 427 442 493
2 24 47 102 116 308 392 442 458 474
30 124 137 178 346 372 474
74 146 260 292 420
44 79 89 96 117 308 344 474
135 178 200 238 331 350 439 487
12 16 35 64 119 220 295 321 428 431 462 491
268 333
29 41 136 318 377 444
153 222 299 380 450
141 219 270 370 381 417 495
45 54 78 83 159 253 276 288 337 443
31 62 93 102 179 233 362 409 453
31 123 146 221 249 316 351 395 419 455 461 497
165 229
40 131 155 169 193 216 301 321 338 340 433 436 474 494
81 109 142 192 263 315 490
62 127 176 224 284 485 490
64 228 332 361 371 431 437
61 156 295 390 399 452
3 26 34 130 362
43 54 125 221 337 366 398 442 465 484
133 239 299 325
91 123 147 178 197 213 359 365 482
54 241 274 398
94 138 166 250 318 350 450 451 493
63 104 245 302 408 419 430 446 500
19 144 146 179 281 358 383 389
58 70 177 271 284 300 315 332 358
43 71 77 110 329 365 385 388 409
7 24 49 58 131 134 157 161 216 256 352 402 421
78 100 111 135 167 186 215 221 259 264 337 487
213 262
24 31 58 225 379 385 428 462 472
111 117 320 351 367 369 497
52 89 96 153 262 342 362 398 470 478
87 137 299 308 466
105 230 312 379 433
133 238 321 344 348
61 79 138 176 201 225 299 318 326 339 469
10 87 145 183 259 337 437
169 175 346 372 431 465 466 470
48 63 80 102 152 186 332 455
80 147 368 392 396
194 260 273 400 449
39 195 269 333 335 464 477
37 56 61 281 396 499
65 149 338
22 142 183 272 361 391 400 462 483
135 206 222 244 370 379 407 430
90 145 232 263 387 495
53 124 138 162 176 376 475
