500 2802 0
62 69 106 129 143 159 182 322
242 313 395 418 429
45 136 390 445 463 497
217 271 305 307 372 447
32 104 208 216 325 442
9 32 251 364 477 492
88 117 171 209 212 242 460
85 251 267 271 284 336 381
63 71 105 174 197 199 311 457
161 170 214 272 293
19 56 288 295 449
36 258 272 297 379
45 70 133 189 256 268 408 472 486 491
92 142 208 478
335 383
61 114 156 265
111 312 330
1 170 369 387
90 241 251 401
134 315 381 489
72 212 264 421
9 45 79 201 262 413 500
54 105 265 316 404 482
75 142 217 228 249 284 385 463
94 200 262 307 390 472
14 92 116 239 270 308 357 482
4 164 239 246 260 359 373 385 407 498
103 240
96 169 227 390 491
49 65 71 207 317 356
54 183 295 496
5 6 134 185 196 244 261 356
59 67 71 91 149 376 437
49 82 83 160 363 454
70 135 374 375 460
12 215 222 279 298 318 358
477
137 235 241 310 395 406 450
245 270
42 171 228 234 434
109 331 367 442 499
40 78 110 144 169 346 468
148 310
88 101 114 269 316 321 436 466
3 13 22 101 203
68 205 219 230 234 244 280 300 468
23 59 78 90 458
158 193 222 284 290 489
30 77 131 271 277 403 428
52 347 386
32 167 319 370 373 480
139 200 287 308
92 123 164 402 499
23 31 143 288 392
312 341
11 13 58 99 191 377 414
110 258 259 406 473
56 89 102 106 200 409 435
33 252 465 491
167 260 398 466
178 264 265 329
119 184 209 249 303 338 361
9 115 174 215 243
73 245 456
30 370 383 397 461 477
38 123 158 207 220 290 348 354 459 487
52 135 261 338 458 461
26 46 96 241 332 411 422
1 72 133 154 166 194 211 249 390 405 456
35 122 156 184 231 302 447 468 484
9 30 33 90 246 328 355 396 484
21 69 198 263 351 357 421
64 145 203 287
61 113 173 184 446 454 483
24 114 346 458
187 201 286 330 473
49 84 162 212 329 392 434 455
42 47 353 358 446 471 484 497
22 80 125 158 286 370 386 441 494
67 79 226 252 323 476
119 241 341 497
34 130 302 309
34 103 409
77 136 144 150 267 271 354 391 403
4 8 144 291 373 385 439
206 219 238 311 342 373 424 483
88 214 229 357 358 395 398 483
7 87 164 207 461
58 68 183
47 71 165 308 466 479
224 327 385 398 452 470 472
14 115 157 166 372 373 376
188 240 270 291 411
25 128 144 162 210 215 244 264
285 334 432 433
29 68 113 133 146 226 248 283 301 307 313
11 158 442
224 276 311 320
56 136 138 163 493
91 209 244 337 352 392 471
44 45 132 180 212 231
58 157 245 292 489 494
28 31 83 324
5 111 264 271 349 409
9 23 113 195 200 240 268 291 311 316 431
196 322 350 421
116 205 213 424 430
45
41 390
39 57 69 144 159 228 266 297 389
17 104 234 378 475
189
74 96 105 122 136 277
16 17 44 75 149 365 382
62 92
26 107 135 236 247 490
7 130 314 337 373 476
198 245 345 363 387
37 62 81 322
114 123 242
112 279 299 333 481
70 135 198 228 304 331
66 120 161 420
19 270 339 355 435
79 137 198 203
134 187 302 317 412 496
245 320 345 425 490
94 197 471 485
160 211 224 230 389 410 456 491 494
82 105 117 170 174 207 251
158 168 195 214 234 251 259 405 465
224 275 298 371 412 453 462
13 69 96 203 357
32 75 98 126 147 218 266 411 438
35 41 67 116 122 171 208 321 332
3 84 99 113 199 262
38 243 247
99 267 389
52 187
254 479
72 215 217 251 254 349 394 477
14 23 24 220 268 273 448 470
1 54 219 265 403
42 84 85 94 110 207 265 351
151 284 394
96 187
16 134 291 379 385 404 416 468
43 75 80
114 161 172 187 390 394 427 431 478
80 84 302 329
330 353
40 159 177 178 371 392 435
324
127 194 204 359
328 465
12 16 50 70 84 326 385 410
102 200 272 312
48 66 79 97 138 200 283 355
1 110 152 232 233 284 317
34 208 260 299 355 445
10 37 123 149 238 272 299 322 428 436
77 94 260 268 302 353 415 423 498
63 253 371 473
27 53 88 179 209 264 288 442 443
90 167 249 270 481 491
33 69 92 329 344 457 460
60 165 173 258 275 420
131 136 288 451
42 268 333
10 258 267 330 341
40 53 57 135 157 180 217
149 205 219 274 286 451
62 74 80 409 436 471
9 63 130 182 216 283
79 249 376 439 450 451 455 467 484
52 269 303 406 415 425 450 481
152
61 152 251 309 479
164 207 277 351 470 497
101 171 256 294
324 408 492 496
174 389 427
89 138 334 452 473
62 70 74 345 371 428 447
32 259 307 342 458 484
150 171 195 347
76 126 139 146 149 190 280 426
93 277 427 491
13 112 254 369
187 218 347
189 272 348
39 423 447 478 493
48 52 194 249 343
69 154 193 233 250 494
50 58 75 105 131 186 258 491
106 152
9 128 242 317
72 118 122 125 260 352
9 136 216 469
25 58 105 157 158 238 261 311 347 495
8 22 76 380
210 307 388
2 45 125 133 201 352
222 299 318 488
46 107 172 231 363 453 491
75 86 254 292 300 373 471 477
30 66 130 144 179 321 333
5 14 135 213 232 289 290
7 62 100 376 421 440 447
94 179 202 428 492
13 69 135 214 261 289 331 465
7 21 77 101 177 245 282 457
47 107 208 292 345 364 463
61 131 211 247 354
36 63 94 141 151 299 331 396 399 451 462 476
5 174 199 239 290 474
4 24 141 171 279 291 406 449 475
134 246 324 334 380 460
46 86 102 143 246 265 335 343 357 418 492
142 264 314 372 390 455 465 475
331 481
45 204 303 357
237 238 306 430 454
32 91 129 132 321 394 410
154 322 419 488
80 96 311
19 323 325
24 40 110 313 402 424 447 497
87 264 275 418 443
46 51 310 467
101 205 308 335 388 424 462
159 208 422 455 469
159 270 380
40 46 111 131 243 256 343 414 475
38 266
93 116 241 350 411 488
223 244 321 431 435 489
161 162 200 223 312
26 210 216 246 249 272 379 409 477
93 274 331 333
68 81 90 236 310 360 490
2 7 120 150 197 282 312
234 256 435
32 46 94 100 237 250 405 435
102 118 127 166 212 292 320 483
71 218 219 277 281 431 458
116 137 140 214
279 351 374 435
24 69 175 193 239 331 476
194 243 465
6 8 19 130 131 141 162 178 352
233 493
348 429 440
140 141 189 319
49 249 345 379 388
13 180 233 234 243
173 270 355 382 397
12 57 167 170 195
131 185 299 393 433 478
27 60 160 162 198 272 330 377 454 479
67 200 211 332
22 25 136 268 389
5 72 500
21 61 104 160 164 220 229 286 352 358
16 23 61 116 143 171 181 414 455
110 134 235 326 329 388 404
8 25 84 170 363 435
13 105 142 169 262 332 406 488
44 287 356 440
26 76 93 124 165 197 233 257 372
4 8 55 84 104 443 500
10 12 161 191 239 260 331 398 422
51 142 353 466
26 172 240 415 475
132 300 342 363
98 439
49 113 179 188 280 348 377 399 469
104 327 422 435 443 472
36 217 248 288 396 465 480 486
46 187 277 451
242 294 467
212 242 419
96 158 174 372 454 457 468
8 24 28 48 159 382 388 440 487
312 346 382 387 390 498
33 76 79 172 264 301 390 419 499
52 53 73 103 356 359 412 448 480
11 164 168 279 330
208 211 348 400 414 425 472 494
3 41 51 66 208 216 319 341 365 383 457
93 105 121
59 102 206 213
341 360 365 372 429 456 497
180 274 337
11 31 339 376 381 427 449
320
12 110 434 468
36 349 399 444 499
121 160 204 215 242 259
46 206 257 275 329 401
96 286 319 339 396 420
70 126 150 415 452
62 176 222 421 449
33 58 312 395 437 477
4 425 452
223
4 25 185 202 487
26 52 231 383
57 82 178 307
38 224 241 391 477
9 62 105 127 226 332 384 452
17 55 157 238 242 285 304 340
96 187 228 398
220 225 399 421
20 330 391
23 44 156 211 393 471 496
30 126 159 197
36 204 216 369
51 254 301 335 409
70 98 127 245 329 353 481
180 207 224 237 275 333 414 468
1 106 119 161 225 406 408 460 471 485
80 227 302
103 153 181 218 399 425 432
5 227 272 441 486
103 111 156 266 391
278 381 390 473
71 155 225 329 403
61 77 150 284 300 320 328 410 415 443
151 170 260 288 307 315 465 470
41 122 211 215 221 240 272 427 498
57 68 135 261 311 356
121 151 169 207 240 321 373 409 438
40 95 218 383
203 319 378 398 411
43 126 375 440
100 117 294 297 345 370 493
62
50 124 129 147 295 301 451
117 312 390 396 397 495
17 55 80 81 170
86 185 275 388 432 438 488
193 219 234 457
196 201 370 411
118 127 184 213 255 305 337 357 383
42 201 285 404
50 186 190 200 220 250 329
123 191 277 289 359 408 410
104 237 298 373 393 394
106 236
72 144 179 248 368 406 451
100 264 362
78 224 273 320 383 407
52 66 84 140 214 377 390 497
124 158 160 257 465 478
30 269 287 319 351 384 401
26 72 87 108 133 219 222 419
36 78 87 96 457 482
27 154 238 287 348
219 231 404
62 108 369 455 477
352 380 419 493
34 118 267 369
213 481
290 293 370 457
390 447 465 485
41 403 500
351 370 399
18 318 361 363 382
51 79 191 337 344 365 368 392 430 464
132 152 163 325
4 270 283 293
27 51 80 85 86 92 206 287 333 349 365
20 35 81 209 248 314 376 473
35 71 336
33 92 158 175 209 374 395
56 260 277 354 404 481
335 485 486
12 24 62 147 239 255 438
4 8 201 233 362 419
8 20 51 181 228 288 295 452
114 261 284 285 369 413 456
65 290 308 334 345 353 381 387 459
311 356
24 85 91 147 156 335
50 54 79 198 260 366 425 449 493
18 57 118 205 383 396 439
20 202 231 255 266 284 342 433
37 129 138 182 262 398
3 25 29 69 109 149 220 285 286 340 366 498
84 223 253 315 326 407
54 77 100 152 275 297
110 316 349
141 149 349 433
2 19 38 87 100 304 306 376
71 125 215 340 387
56 78 257 340 475
60 87 91 203 313 335 471 490
161 277 298 324 421 485 492 493
67 289 405 457 461 463
19 300 356
29 53 228 478 499
49 84 86 328 367 414 490 498
23 147 266 346 360 377 410
69 244 400 427 459 475
38 176 217 268 322 351
27 353 391 493
13 181 322 456
44 58 83 104 173 239 319 333 350 452
129 156 170 224 305 329 348 404 451 474
68 93 102 134 228 236 335 467
126 216 236 287 487
22 382
234 243 265 289
162 176 234 302 329 442 474
21 147 177 443
118 190 407 423
2 219 439
225 286 357
123 168 301 451 488
21 209 314
68 272 278
162 192 221 310 417
86 107 152 228 443 458
127 176 303 305 386 498
434 489
45 149 182 188 295 331 405
49 161 184 345 375
2 98 178 214 253 293 320 443
370 442 448
105 149 220 237 246
95 107 133 324 342
60 78 95 129 259 388 394 464
40 77 297
58 124 152 237 243 388 484
44 161 438 466 484
109 259 304
333 342 379
160 175 418
153 168 209 253 284 336
48 79 296 325 375
5 41 97 164 329 430
56 164 229 271 329 424 480
38 298 495
3 7 160 167 488
78 469 496
4 59 70 184 192 366 473 479
142 287
11 217 295 303 386 483
38 175 176 454
168 172 215 280 339 351 390 410 420 497
91 183 305 381
132 205
74 223 260 283 450 465 476
77 175 191 232 265 361
69 94 293 382 481
9 212 283 290 343 358 365 479
47 67 75 185 246 424 493
405 469 498
7 35 166 218 322
65 67 86 88 156 199 400
132 167 404
3 24 208 213 318 400
18 370 396
131 155 211 220 279 330 366 396
44 60 273 406 436
175 230 281 411
147 283 297 485
188 199 232 277 459
91 142 179 330
78 100 128 173 206 316 322 398
13 25 91 278 480
76 163 183 374 447
216 410 415 473
217 220 397 405 482
80 117 215 249 354 434 454
6 37 65 141 206 239 304 361 365 483
14 87 110 149 192 259 355 402
90 260 447
41 51 287
165 176 221 320 364 456 464
23 26 209 234 358 475
74 86 87 245 449 477
70 71 78 89 175 194 432 435 436 488
103 128 322 399
13 279 325 378
66 412
204 236 268 420 445 484
20 48 426
116 127 129 210 403
19 82 165 188 195 205 434
6 219 399
252 337 362 386 399 407 458
79 129 194
22 111 200 330 340
31 126 162 316 446
78 88 179 228 354 451
27 59 162 208 285 312 390 403 425
53 298 402
22 263 271
