500 3653 0
170 276 333 352 419 424 453
62 72 144 183 256 306 330 343 415 427 445
15 35 142 152 207 261 403 452
99 130 133 197 216 231 240 277 308 309 331 334 411 486
105 116 119 122 181 300 365 425 483
19 137 152 159 239 275 490
117 164 198 203 221 276
32 33 184 189 199 347 482 494
39 94 108 196 215 303 305 314 441
30 46 90 104 137 312 340 443 483
32 37 48 117 234 299 450
45 99 124 276 279 319 324 352 359 417 440 445
185 186 250 272 397 443 446 449 464 481
92 154 166 245 298
3 25 171 197 319 333 386 492
23 207 231 393 429
150 214 311
63 141 235 243 266 284 331
6 48 51 121 297 326 419 442 449
40 77 186 333 335 414 469 488
152 184 197 340 383 389 468 469
3 120 158 252 261 270 332
16 95 293 454
56 209 228 235 330 345 446
15 37 143 151 192 214 272 347 358 477
167 217 224 317 363 381 420 423 442 485
19 59 123 212 283 318 366 445 486
71 75 101 209 254 257 285
247 294 359 395 445
10 110 126 154 225 242 250 337 384 476 496
105 113 295 324 459
161 176 178 209 234 258
8 148 243 264 315
66 382 397 496
3 101 106 341 459
130 170 184 205 266 310 320 461
11 119 181
108 153 165 200 297 333 364 367 397 434
40 211 260 267 491
20 58 103 142 222 239 278 299 398 413 415 455
55 97 98 196 259 269 281 285 312 330 334 415 442
152 209 269 468 500
50 95 99 227 231 299 305 321 354
13 249 377
12 78 159 226 331 385 494
10 141 332 353 397
10 190 284 340 365
11 19 105 165 225 240 278 323 364 467 490 498
74 121 189 237 287 288 320 323 385 444
208 215 236 335 395
19 71 254 264 430 470 482
211 327 329 458 466
170 284 336 434
39 93 96 142 267 293 329 382 440 483
41 65 107 126 141 244 485
24 317 479
40 209 301 321 346 397 418
56 84 260 344 360 411 459
1 27 108 133 170 224 435 451
103 123 256 264 319 320 365 444 450 475
88 134 204 227 244 259 278 412
2 252 380 428
75 233
73 120 152 167 266 269 348 365 446
55 67 106 205 212 257 305 335 449 467
34 68 194 314 453
78 116 244 296 316 335 342 353 418 445 489
20 66 85 151 264 329 379 421 430 440 453 495
61 151 270
101 225 325 415 448
51 260 261 266 481
2 133 297 342 361 427 458
64 75 139 189 238 292 345 360 422 460
49 337 373 432
28 63 73 478
32 148 172 333 375 395 446 453 492
131 219 225 275 305 355 366
45 53 60 101 124 230 388 394 412
78 107 177 241 376 421 450 474
104 138 182 243 278 478 479
303 456 481
26 54 103 107 115 132 134 135 175 240 255 322 352
85 127 137 157 342 435 485
58 66 116 180 181 285 287 393 464 492 500
68 83 175
92 238
45 153 202 236 286 382 414 419 469 481
49 53 82 183 217 398 456
93 139 386 486
10 112 280 333 382 438
184 218 362 478
14 86 140 192 233 328 405 413 465
54 89 133 177 202 268 321 442 491
9 83 291 299 484
43 135 141 142 203 289 319 334 382 389 494
54 199 403 422 428 437 461 473
109 265 328
41 138 150 242 295 359 362 443 500
43 105 201 281 346 375 403
182 245 380 383 472
7 28 35 78 254 269
232
40 60 63 104 116 292 391
80 103 115 145 156 213 278 287
5 48 66 99 364 417
35 65 123 206
46 55 79 82 103 145 152 205 268 302 378
9 10 21 59 103 159 194 236 273 317 366 406 433 469
97 143 180 191 232 243 341 429
30 117 127 232 362 407
13 307 318 355 462 479
90 188 297 303 355 391
31 231 233 239 386 417 448 458 491
120 154 224 309 355 373 412 425 458
82 104 157 168 287 311 321 330 354 485
5 84 96 196 256 288 379 383 431 460
11 110 127 250 300 318 378 499
23 154 188 193 286 314 334 335 453 454 475 486
5 37 236 252 346 400
226 264 360 418 467 479
40 49 212 254 294 313 352 428
32 78 139 239 319 320 323 369 389 409
27 60 216 227 335 346 412 424 497
12 78 162 393 461 480
140 191 343 372 384 455
30 55 128 326 475
83 110 117 253 323 457 478
126 335 398 419
9 149 167 321 353 468 480
4 36 97 140 174 288 425 438
333 353 439 457
35 82
4 59 93 173 288 324 345 415 472
37 47 61 82 271 352 438
82 95 142 148 155 214 238
68 140 153 177 185 217 419 431
6 10 156 293 299 338 426 427 453 489
80 98 165 271 279 461
89 151 229 270 319 344 386 415 422 493
92 136 139 262 327 361 416 482 486
55 215 322 365 465 496
3 92 135 250 357 455
109 135 165 194 324 376 406 468
2 94 177 191 287 334 335 432 470
40 56 72 227 277 318 385 397 401 404
168 245 263 272 275 301 312 388 392 453
157 208 346 448
33 70 76 135 314 340 392 394 481
43 105 129 258 299 356
17 98 365 496
1 17 68 69 112 139 183 208 289 295
3 6 21 64 107 197 204 278 288 333 361 442
79 136 194 258 326 483 484
30 186 211 246 335 443 476
135 141 168 199 487
133 137 196 205 247 255 256 277 332
83 92 147 248 302 413 445 450 483
22 157 172 216 261 382 407 456
6 45 108 211 404 477 485
195 228 259 382 453
32 209 275 325 396
18 199 207 229 345 417 427 476
404 413 420
7 191 232 251 276 360 400
18 38 48 138 143 203 251 276 379 434 439 442
4 14 48 144 187 386 450 480
26 64 129 296 453 475 488
115 146 155 326 418 425 455
114 332 395
1 36 53 272 306 402
15 193 264 268 294 298 460
76 106 158 270 283 427
18 133 178 352 358
132 256 308 364 413 414
85 179 182 184 189 244
32 294 297 497
74 79 144 286 291 373 459 484
32 173 291 329 399
175 272 292 493
109 164 199 211 278 293 306 368 472 477
17 37 84 240 331 340 435 462
80 175 203 262 381 429 450
14 88 149 151 232 451 455 465 471
8 21 36 91 175 231 243 318 414 465
13 253 271 314 416 433 436 474
13 20 84 96 102 154 372
75 90 166 275 324 436
1 61 111 118 207 229 269 332 406 475
8 49 73 168 175 367 389 417 454
24 304 314
67 121 144 164 209 243 396
25 78 92 210 227 324 435 476
8 66 84 118 171 223 318
66 108 143 153 238 309 354 398 400 473
103 140 160 178 213 226 271 322 352 377
9 41 116 205 238 250 291 305 434
4 11 69 101 147 413
7 21 215 299 352 354 394
8 96 155 180 230 257 271 404 416 495
38 202 295 320 440
134 167 306 316 432 462 487
87 101 200 276 325 330
7 95 165 182 387 446 497
54 61 234 259 330 350 382 406
65 78 107 196 422 481
77 208 357 405 413
3 151 162 188 216 318 347 401 410
50 91 145 151 163 205 206 213 238 251 337 440
24 28 57 91 191 225 242 255 271 322 483
95 352 368
39 154 179 180 217 406
307 379 388 450 486 488
104 350 381 477
17 135 241 274 282 352 389 419 457 485
50 117 141 171 192 198 287 327 371 373 384 424
123 158 292 416
88 131 136 255 287 332 338 339 392 404 439 469 476
65 91 173 238 337 429 436
77 226 297 497
174 323 326 372 435 464
7 258 400 422 492
184 228 232 276 328 499
355 496
275 330
43 47 77 193 209 252 330 352 471
120 219 223 369 377 439 466 469 488 498
43 61 110 123 192 256 390 404 420 458 497
156 241 279 393 436
60 139 162 188 277
78 296 357 438
2 16 43 113 166 184 337 366 382
7 102 109 110 120 164 176 183 222 299 379 382 443
92 113 297 484
11 32 83 204 368 452
18 24 414
108 196 254 289 366 399 432 479
49 102 208 353 406 444 492
67 73 86 135 194 196 208 218 233 314 359 412 463
6 40 122 149 224 308 373
4 48 82 246 249 467
79 214 282 293 373 424 443 452
30 209 251 259 285 289 337 379 401
18 33 80 109 184 191 248 367 398 433 449
55 61 175 184 297 353 375 413 469 476 493
14 146 218 260 281 289 334 438 454
171 240 325 351 422 469 491
29 156 353 426 434 445
157 188 243 284 474 479
6 44 85 213 214 300 311 331 352 413
13 87 117 142 241 430 486
22 165 242 317 431 470 478 494 496
62 225 260 439
127 185 303 349 441 456 478
51 121 123 298 308 333 405 485 486
156 209 350 488 496
116 174 204 227 288
26 28 32 65 269 291 300 320 348 379 493
32 109 153 180 221 230 356 374 477 481
41 61 150 278 323
32 39 58 71 184 190 252
3 71 158 321 371 378 383
140 182 348 350 449 480
37 386
33 51 68 97 171 180 354 362 405 440 496
82 347 373 421 443 487 498
36 61 64 286 340 371 419
39 54 155 235 445 468
5 118 171 369
12 23 41 101 188 257 343 374 478
22 69 139 243 280 398 456 458 488
134 195 209 409
13 25 57 146 162 170 179 262 277 387 455
1 99 107 108 164 172 229 313 393
1 214 340 364 384
3 6 146 161 203 224 232 295 357 396
1 7 12 164 165 184 190 202 222 295 336 341 448 458 459
4 104 156 220 229 272 290 381 406 440 496
40 61 80 152 159 270 311 340 348
228 363 410 483
85 344 411
41 99 172 245 364 380 391 426 455
97 115 214 240 241 310 382 431
27 172 288 301 319 328 346 458
18 47 220 248 308 338 404 421
65 239 291 410 470 491
118 177 266 267 450
49 59 84 104 144 215 217 275 335 396 410
18 49 133 152 415
7 95 99 151 236 245 246 270 280 398 437 487
277 323 356 359 393 426 432 480 494 495
94 150 177 196 233 257 285 368 422
337 338 407 438 500
23 348 361 388 481
121 171 176 345 411 434
31 98 183 275 300 303 310 394
94 119 167 230
19 38 72 112 219 233 497
171 319 435 483
11 40 43 149 198 232 387 474 489
5 117 257 270 323 333 392 398
40 250 278 283 321 410
98 157 319 347 411 441 453 491
9 85 112 253 295 311 391 398 431 461 480
48 190 321 457
9 43 77 196 336 340 352 365 406 469
2 56 170 180 201
11 104 163 436 461 474
4 174 254 284
125 420
36 40 48 101 282 295 370
115 249 303 369 445 476
41 146 248 336
35 121 129 217
9 66 99 148 185 190 238 334 366 378 418 427 485
33 330 402 472
67 173 190 201 341 435 439 471
56 108 173 282 370 398 411
117 145 184 193 207 280 374 379
15 60 72 82 92 95 122 243 283 298 302 426 429
36 60 122 148 200 257 333 365 369
43 57 93 301 304 342 397 441
82 195 209 413 426
15 48 220 259 290 356 443 479
12 31 171 187 321 351 360 382 414
225 246 339 415 478
19 62 113 126 153 163 168 220 287 369 382 394 398 411 446
140 141 215 270
97 131 133 150 151 222 283 402
52 54 68 178 349 387 412 497
2 24 115 161 202 204 224 315 352 387 436
4 18 45 249 381 457 458 475
13 46 156 169 188 231 241 480
1 15 20 21 152 300 320 422 472 487 493
4 41 95 118 144 245 302 480
50 65 123 144 154 287
53 112 305 312
30 64 139 211 218 231 242 500
5 256 284 355 393
101 112 217 338 355 406
10 21 86 95 148 181 274 278 308 328 348
35 109 161 175 266 278 316 354 464 475
56 67 72 321 378
253 269 296
139 280 435
24 73 162 294 441
119 123 283 363 375 380 434 460 477
8 25 37 133 207 265 443 454
64 278 340 424 445 466
123 253 274 329 357 372 388 488
19 204 234 255 262 321 355 379
14 246 324 421
12 82 93 121 134 210 214 225 330 362 401 485
46 67 188 289 427
43 115 129 198 264 284 336 341 380 455
77 111 112 286 339 496
149 165 167 290 351 393 491
51 82 142 181 275 307 349 387 407
25 54 70 349 422
29 98 174 238 290 293
138 305 312 324 399 402
287 457
110 126 132 264 346 369 483
26 202 365 393
38 48 105 274 309 423
36 60 64 141 150 224 363 403 425 441 466
2 66 108 221 231 314 412 449 458 489 494
56 63 189 243 262 419 427 472 494
180 210 234 370 390 393 470
122 185 190 203 226 268 269 311 320 324 326 362 424 471
201 243 317 486 492
40 206 261 418
41 61 186 212 220 273 349
114 154 389
258 269 318 331 386 393 405 493
42 68 99 244 281 327 346 357 469
143 368 392
44 277 321 327
117 261 314 342 450 481
68 212 232 242 257 318 350 364 457
100 196 495
26 123 168 170 182 213 219 277 331 339 475
34 54 87 90 139 160 204 231 232 278 282 329
21 37 100 120 186 309 493
30 125 202 232 274 370 372 422 432 490
45 49 58 145 154 189 457
3 15 113 166 374 464
102 203 254 272 329 330 430 500
146 212 217 293 338 435
95 173 196 214 292 373
16 192 199 227 402 406 408 478
103 112 154 195 303 415
146 148 152 162 189 217 376
4 16 124 228 253 273 290 338 345 363 374 396 405 498
22 63 78 102 148 198 270 295 326 426 495
29 50 76 78 104 169
42 191
13 34 38 46 203 216 321
88 128 194 243 270 289 300 303 317 326 379 422 429 477 486
360 408
119 164 194 221
29 56 145 207 233 242 426 427 433 484
170 315 328
96 206 334 365 439
55 145 163 199 410 411 433 435 493
92 173 206 264 341 374
14 108 143 203 211 237 277 312 339 390 466
27 241 439 445 447 488
208 373 399 455
122 271 428 449 499
18 199 279 285 287 361 404 417 438
58 294 302 317
61 78 114 158 238 265 329 366 379
40 86 92 143 163 174 197 244 249 322 443 497
20 87 184 235 274 435 442 464
4 40 41 64 70 133 139 297 308 325 447 452 462
51 140 185 199 216 346 444 489
12 105 113 162 189 380
57 67 84 120 168 314 371 456
1 19 87 128 136 158 214 266 283 343 367 460
26 62 163 227 309
17 68 79 247 351 455 457 474
47 96 197 219 221 259 291 333 358 396 398 399
364 439 441 442 466 467
1 106 185 215 241 348 369 490
114 365 444
5 49 137 281 290 319 330 373 394 396 401 412 476
72 162 247 296 314 367 401 454 484
96 121 409
16 40 109 182 218 319 329 398 445 454
46 51 68 250 257 421 445 493
136 196 230 251 282 303 363 444
144 170 186 201 236 384 492 493
108 156 185 197 208 401 477
38 53 165 196 247 252 294 346 408 496
59 129 192 220 229 298 316 344 414
85 187 218 228 307 330 375 409 438 474
39 96 289 295 302 416 468
90 134 156 201 410 473
113 131 155 226 252 262 344 403 407 423 426
12 36 200 208 230 277 487
9 54 114 302 345 499
19 26 41 93 100 143 152 165 423 453 488
154 238 241 265 323 347 413 456
17 43 49 169 172 416 425 431 456 473 491
12 27 52 125 267 348 407 429 430
13 14 24 64 76 203 473 500
36 80 224 290 407 415 496
113 147 292 411
13 19 262 366
60 62 79 139 157 212 286 345 378
39 59
138 241 293 458
66 76 85 116 118 123 146 160 188 198 495
23 119 189 245 260 276 347 427 472
109 125 142 168 272 354 408 421
11 81 88 158 212 243 253 270 418 443 444
100 127 131 214 304 361 385 386 421 460
52 113 114 127 142 227 276 283 331 366 452
31 177 276
11 21 93 171 346 419 457
36 96 124 268 303 307 476
111 201 235 361
2 41 142 238 348 440
13 84 132 220 341 386 419
106 144 183 184
24 52 163 226 330 365 406 423
36 65 120 209 240 299 412 423 461
21 129 143 237 267
20 21 72 87 101 142 204 246 283 375
50 51 144 285 491
257 316
133 180 333 367 454
96 270 438 444 446 476
80 185 230 248 299 355 421 436 498
118 167 188 331 341 381 491
73 192 217 244 311 388 426 459 461 473
25 112 180 213 258 398 433
75 80 91 168 253 269 325 390
79 80 120 236 313 478 490
21 113 124 129 166 262 290 295 302 334 472
71 293 378 401
279 455 477 499
5 26 157 158 197 334 338 362
94 153 177 233 282
83 159 224 281 319 472
27 89 118 250 254 290 370
155 289 333 440 486 490
212 226 255 270 349 442
67 161 299 366 416
6 384 424 479 481 487
11 31 39 93 113 203 285 302 444 470
15 76 84 229 276 370 432 442 470 483
147 179 244 383 404 430 432 496
2 8 34 45 251 255 290 366 385 404 433
9 59 92 93 164 233 290 394 453
30 32 34 141 223 251 255 277 434 447 493
123 203 219 227 329 360 361 413
9 19 129 164 362
55 117 321 365 398 409 441 482
42 84 98 137 167 197 292 337 387 440 446
