1225 2492 0
2
37
2 4
39
4 6
41
6 8
43
8 10
45
10 12 46
47
12 14
49
14 16
51
16 18
53
18 20
55
20 22
57
22 24
59
24 26
27 61
26 28
27 63
28 30
65
30 32
67
32 34
69
34
1 71
36 38 72
3 73
4 38 40
5 75
40 42 76
7 77
42 44
9 79
10 44 46
11 81
46 48
13 83
48 50
15 85
50 52
17 87
52 54
19 55 89
54 56
21 91
56 58
23 93
58 60
25 95
60 62
27 97
62 64
29 99
64 66
31 101
66 68
33 67 103
68 70
35 105
72
37 107
72 74 108
39 109
74 76
41 75 111
76 78
43 113
78 80
45 115
80 82
47 117
82 84
49 119
84 86
51 121
86 88
53 123
54 88 90
55 125
90 92
57 127
92 94
59 129
60 94 96
61 131
96 98
63 133
98 100
65 135
100 102 136
67 137
102 104
69 139
104
71 141
106 108
73 143
108 110
75 145
110 112
77 147
112 114
79 149
114 116
81 151
116 118
83 153
118 120
85 155
120 122
87 157
122 124
89 159
124 126 160
91 161
126 128
93 163
128 130
95 165
130 132
97 167
132 134
99 169
134 136
101 171
136 138
103 173
138 140
105 175
142
107 143 177
142 144
109 179
144 146
111 181
146 148
113 183
114 148 150
115 185
150 152
117 187
152 154
119 189
154 156
121 191
156 158
123 193
158 160
125 195
160 162
127 197
162 164
129 199
164 166
131 167 201
166 168
133 203
168 170 204
135 169 205
170 172
137 207
172 174
139 209
174
141 211
176 178
143 213
178 180
145 215
180 182
147 217
182 184
149 219
184 186
151 221
186 188
153 223
188 190
155 225
190 192
157 227
192 194 228
159 229
160 194 196
161 231
196 198
163 233
198 200
165 235
200 202
167 237
202 204
169 239
204 206
171 241
206 208
173 243
208 210
175 245
212
177 247
212 214
179 249
214 216
181 251
182 216 218
183 253
218 220
185 255
220 222
187 257
222 224
189 259
224 226
191 261
226 228
193 263
194 228 230
195 265
230 232
197 267
232 234
199 269
234 236
201 271
236 238
203 273
238 240
205 275
240 242
207 241 277
242 244
209 279
244
211 281
246 248
213 283
214 248 250
215 285
250 252
217 287
252 254
219 289
254 256
221 291
222 256 258 292
223 293
258 260
225 295
260 262
227 297
262 264
229 299
264 266
231 301
266 268
233 303
268 270
235 305
270 272
237 307
272 274
239 309
274 276
241 311
276 278
243 313
278 280
245 315
282
247 317
282 284
249 319
284 286
251 321
286 288
253 323
288 290
255 325
290 292
257 327
292 294
259 329
294 296
261 331
296 298
263 333
298 300
265 335
300 302
267 337
302 304
269 339
304 306
271 341
306 308
273 343
308 310
275 345
310 312
277 347
312 314
279 349
314
281 351
316 318
283 353
318 320
285 355
320 322
287 357
322 324
289 323 359
324 326
291 361
326 328
293 363
328 330
295 365
330 332
297 331 333 367
332 334
299 369
334 336
301 371
336 338
303 373
338 340 374
305 375
340 342
307 377
342 344
309 379
344 346
311 381
346 348
313 383
348 350
315 385
352
317 387
352 354
319 389
354 356
321 391
356 358
323 393
324 358 360
325 395
360 362
327 397
362 364
329 399
364 366
331 401
366 368
333 403
334 368 370
335 405
370 372
337 407
372 374
339 409
374 376
341 411
376 378
343 379 413
378 380
345 415
380 382
347 417
382 384
349 419
384
351 421
352 386 388
353 423
388 390
355 425
390 392
357 427
392 394 428
359 429
394 396
361 431
396 398
363 433
364 398 400
365 435
400 402
367 437
402 404
369 439
404 406
371 441
406 408
373 443
408 410
375 445
410 412
377 413 447
412 414
379 449
414 416
381 451
416 418
383 453
418 420
385 455
386 422
387 457
422 424
389 459
424 426 460
391 461
426 428
393 463
428 430
395 465
430 432
397 467
432 434
399 469
434 436
401 471
436 438 472
403 473
438 440
405 475
440 442 476
407 477
442 444
409 445 479
444 446
411 481
446 448
413 483
448 450
415 485
450 452
417 487
452 454
419 489
454
421 491
456 458
423 493
458 460
425 495
460 462 496
427 497
462 464
429 463 499
464 466
431 501
466 468
433 503
468 470
435 505
470 472
437 507
438 472 474
439 509
474 476
441 511
476 478
443 513
478 480
445 515
480 482
447 517
482 484
449 519
484 486
451 521
486 488
453 523
488 490
455 525
492
457 527
492 494
459 529
494 496
461 531
496 498
463 533
498 500
465 535
500 502
467 537
502 504
469 539
504 506
471 505 507 541
506 508
473 543
508 510
475 545
510 512
477 547
512 514
479 549
514 516
481 551
516 518
483 553
518 520
485 555
520 522
487 523 557
522 524 558
489 559
524
491 561
526 528
493 563
528 530
495 531 565
530 532
497 567
532 534
499 569
534 536 570
501 571
536 538
503 573
538 540 574
505 575
540 542
507 577
542 544
509 579
544 546
511 581
546 548
513 583
548 550
515 551 585
550 552
517 587
552 554
519 589
554 556
521 591
556 558
523 593
558 560
525 595
562
527 597
562 564
529 599
564 566
531 601
566 568
533 603
568 570
535 605
570 572
537 607
572 574
539 573 575 609
540 574 576
541 575 611
576 578
543 613
578 580
545 581 615
580 582
547 617
582 584
549 619
584 586
551 621
586 588
553 623
588 590
555 625
590 592
557 627
592 594
559 629
594
561 631
596 598
563 633
598 600
565 635
600 602
567 637
602 604
569 639
604 606
571 641
606 608
573 643
608 610
575 645
610 612
577 647
612 614
579 649
614 616
581 651
616 618
583 653
618 620
585 655
620 622
587 657
622 624
589 659
624 626
591 661
626 628
593 663
628 630
595 665
632
597 667
632 634
599 635 669
634 636
601 671
636 638
603 673
638 640
605 675
640 642
607 677
642 644
609 679
644 646
611 681
646 648 682
613 649 683
648 650
615 685
650 652
617 687
652 654
619 689
654 656
621 691
656 658
623 693
658 660
625 695
660 662
627 661 697
662 664
629 699
664
631 701
666 668
633 703
668 670
635 705
670 672
637 707
672 674
639 709
674 676
641 711
676 678
643 713
644 678 680
645 715
680 682
647 683 717
682 684
649 719
684 686
651 721
686 688
653 723
688 690
655 725
690 692
657 727
692 694
659 693 729
660 694 696
661 697 731
696 698
663 733
698 700
665 735
702
667 737
702 704
669 705 739
704 706
671 741
672 706 708
673 743
708 710
675 711 745
676 710 712
677 747
712 714
679 749
714 716
681 751
682 716 718
683 719 753
718 720
685 755
720 722
687 757
722 724
689 759
724 726
691 761
726 728
693 763
728 730
695 765
696 730 732
697 767
732 734
699 769
734
701 771
736 738
703 773
738 740
705 775
740 742
707 777
742 744 778
709 779
744 746
711 781
746 748
713 783
748 750
715 785
750 752
717 787
718 752 754
719 789
754 756
721 791
756 758
723 793
758 760
725 795
760 762
727 797
762 764
729 799
764 766
731 801
766 768
733 803
768 770
735 805
772
737 807
772 774
739 809
774 776
741 775 811
776 778
743 813
778 780
745 815
780 782
747 817
782 784
749 819
784 786
751 821
786 788
753 823
788 790
755 825
790 792
757 827
792 794
759 829
794 796
761 831
796 798
763 833
798 800
765 835
800 802
767 837
802 804
769 839
804
771 841
806 808
773 843
808 810
775 845
810 812
777 847
812 814
779 849
814 816
781 851
816 818
783 853
818 820
785 855
820 822
787 857
822 824
789 859
824 826
791 861
826 828
793 863
828 830
795 865
830 832 866
797 867
832 834
799 869
834 836
801 871
836 838
803 873
838 840
805 875
842
807 877
842 844
809 845 879
844 846
811 881
846 848
813 883
848 850
815 885
850 852
817 887
852 854
819 889
854 856
821 891
856 858
823 893
858 860
825 895
860 862
827 897
862 864
829 899
864 866
831 865 901
866 868
833 903
868 870
835 905
870 872
837 907
872 874
839 909
874
841 911
876 878
843 913
878 880
845 915
880 882
847 917
882 884
849 919
884 886
851 921
852 886 888
853 923
888 890
855 925
890 892
857 927
892 894
859 929
894 896
861 931
896 898
863 933
898 900
865 935
900 902
867 937
902 904
869 939
904 906
871 941
906 908
873 943
908 910
875 945
912
877 947
912 914
879 949
914 916
881 951
916 918
883 953
918 920
885 955
920 922
887 957
922 924
889 959
890 924 926
891 961
926 928
893 963
928 930
895 965
896 930 932
897 967
932 934
899 969
934 936
901 971
936 938
903 973
938 940
905 975
940 942
907 977
942 944
909 979
944
911 981
946 948
913 983
948 950
915 985
950 952
917 987
952 954
919 989
954 956
921 991
956 958
923 993
958 960
925 995
960 962
927 997
962 964
929 999
964 966
931 967 1001
966 968
933 1003
968 970
935 1005
970 972
937 973 1007
972 974
939 1009
974 976
941 1011
976 978
943 1013
978 980
945 1015
982
947 1017
982 984
949 1019
984 986
951 1021
986 988
953 987 1023
988 990
955 989 1025
990 992
957 1027
992 994
959 1029
994 996
961 1031
996 998 1032
963 1033
998 1000
965 1035
1000 1002
967 1037
1002 1004
969 1039
1004 1006
971 1041
1006 1008
973 1043
1008 1010
975 1045
1010 1012
977 1047
1012 1014
979 1049
1014
981 1051
1016 1018 1052
983 1053
984 1018 1020
985 1055
1020 1022
987 1057
1022 1024
989 1059
1024 1026
991 1061
1026 1028
993 1063
994 1028 1030
995 1065
1030 1032
997 1067
1032 1034
999 1033 1069
1034 1036
1001 1071
1036 1038
1003 1073
1038 1040
1005 1075
1040 1042
1007 1077
1042 1044
1009 1079
1044 1046
1011 1081
1046 1048
1013 1049 1083
1048 1050
1015 1085
1052
1017 1087
1052 1054
1019 1089
1054 1056
1021 1091
1056 1058
1023 1093
1058 1060
1025 1061 1095
1060 1062
1027 1097
1062 1064
1029 1099
1064 1066
1031 1101
1066 1068
1033 1103
1068 1070
1035 1071 1105
1070 1072
1037 1107
1072 1074
1039 1109
1074 1076
1041 1111
1076 1078
1043 1113
1044 1078 1080
1045 1115
1080 1082
1047 1117
1082 1084
1049 1119
1084
1051 1121
1086 1088
1053 1123
1088 1090
1055 1125
1090 1092
1057 1127
1092 1094
1059 1129
1094 1096
1061 1131
1096 1098
1063 1099 1133
1064 1098 1100
1065 1135
1100 1102
1067 1137
1102 1104
1069 1139
1104 1106
1071 1141
1106 1108 1142
1073 1143
1108 1110
1075 1145
1110 1112
1077 1147
1112 1114
1079 1149
1114 1116
1081 1151
1116 1118
1083 1153
1118 1120
1085 1155
1122
1087 1157
1122 1124
1089 1123 1159
1124 1126
1091 1161
1126 1128
1093 1129 1163
1128 1130
1095 1165
1130 1132
1097 1167
1132 1134
1099 1133 1169
1100 1134 1136
1101 1171
1136 1138
1103 1137 1173
1138 1140
1105 1175
1140 1142
1107 1177
1142 1144
1109 1179
1144 1146
1111 1181
1146 1148
1113 1183
1148 1150
1115 1185
1150 1152
1117 1187
1152 1154
1119 1189
1154
1121 1191
1122 1156 1158
1123 1193
1158 1160
1125 1195
1160 1162
1127 1197
1162 1164
1129 1199
1164 1166
1131 1201
1166 1168
1133 1203
1168 1170
1135 1205
1170 1172
1137 1207
1138 1172 1174
1139 1209
1174 1176
1141 1211
1176 1178
1143 1213
1178 1180
1145 1215
1180 1182
1147 1217
1182 1184
1149 1183 1219
1184 1186 1220
1151 1221
1186 1188
1153 1223
1188 1190
1155 1225
1192
1157
1192 1194
1159
1194 1196
1161
1196 1198
1163
1198 1200
1165
1200 1202
1167
1202 1204
1169
1204 1206
1171
1206 1208
1173
1208 1210
1175
1210 1212
1177 1213
1212 1214
1179
1214 1216
1181
1216 1218
1183
1218 1220
1185 1219
1220 1222
1187
1222 1224
1189
1224
