2401 8462 0
2 50
1 3 51
2 4
3 53
4 6
5 7 55
6 8 56
7 9 57
8 10 58
9 11 59
10 12 60
11 61
12 14
15 63
14 16
15 65
16 18 66
17 19 67
18 20 68
19 69
20 22
21 23 71
22 24 72
25 73
24 26 74
25 27 75
26 28
29 77
28 30 78
29 31 79
30 32 80
31 33 81
32 34 82
33 83
34 36 84
35 37 85
36 38 86
37 39 87
38 40
39 41 89
40 42 90
41 43 91
42 44
43 45 93
44 46
45 47 95
46 48 96
49 97
48 98
1 51 99
2 50 52 100
3 51 53 101
4 52 54 102
5 53 55 103
54 56 104
7 55 57 105
8 56 58 106
9 57 107
10 58 60 108
11 61 109
12 60 62
13 61 63 111
14 62 64 112
15 65 113
16 64 66
17 65 67 115
18 66 68 116
19 67 69 117
20 68 70 118
21 69 71 119
70 72 120
23 71 73 121
72 74 122
25 73 123
74 76 124
27 75 77 125
28 76 78
29 77 79 127
30 78 80
31 79 81 129
32 80 82 130
33 81 83 131
34 82 84 132
35 83 133
36 84 86 134
37 87 135
86 88 136
39 87 89 137
40 88 90 138
41 89 91 139
42 90 92 140
43 91 93 141
44 92 94
45 93 143
46 94 96
47 95 97 145
48 96 98 146
49 97 147
50 100 148
51 101 149
52 100 102 150
53 101 103 151
102 104 152
55 105 153
56 104 106 154
57 105 155
58 106 108 156
59 109 157
60 108 110 158
61 109 111 159
110 112
63 111 113 161
64 112 114 162
65 115 163
66 114 116 164
67 115 165
68 116 118 166
69 117 119 167
70 118 120 168
71 119 121 169
72 120 122 170
73 123 171
74 122 124 172
75 123 173
76 124 126 174
77 125 127 175
78 126 128 176
79 127 177
80 128 130 178
81 131 179
82 130 132
83 131 133 181
84 132 134 182
85 133 135 183
86 134 136 184
87 135 137 185
88 136 138 186
89 137 139 187
138 140 188
91 141 189
92 140 142 190
93 141 143 191
94 142 144 192
95 143 193
144 146
97 145 195
98 146 196
99 149 197
148 150 198
101 149 151 199
102 150 152 200
103 151 153 201
152 154 202
105 155 203
106 154 156
107 155 157 205
108 156 158 206
109 157 159 207
110 158 160 208
111 159 209
112 160 162 210
113 161 211
162 164 212
115 163 165 213
116 164 166 214
117 167 215
118 166 168 216
119 167 169 217
120 168 170 218
121 171 219
170 172 220
123 171 221
124 172 174
125 173 175 223
126 174 176 224
127 175 177 225
128 176 178 226
129 177 179 227
130 178 180 228
131 179 181 229
132 180 182
133 181 183 231
182 184 232
135 183 185 233
136 184 186 234
137 185 187 235
138 186 188 236
139 187 189 237
140 188 190 238
141 191 239
142 190 192
143 193 241
144 192 194 242
145 193 195 243
146 194 196
147 195 245
148 198 246
149 199 247
150 198 200 248
151 201 249
152 200 202 250
153 203 251
154 202 204 252
155 203 205 253
156 204 206
157 255
158 206 208 256
159 207 257
160 208 210 258
161 209 211 259
162 210 212 260
163 213 261
212 214
165 213 215 263
166 214 216
167 265
168 216 218 266
169 217 219 267
218 220
171 219 221 269
172 220 222 270
173 223 271
174 222 224 272
175 223 273
176 224 226
177 275
226 228 276
179 227 229 277
180 228 230 278
181 229 231 279
182 230 232 280
183 231 233 281
184 232 234 282
185 235 283
186 234 236 284
187 235 237 285
188 236 238 286
189 237 287
190 238 240
191 239 241 289
192 240 242
193 241 243 291
194 242 244
195 243 245 293
196 244
197 247 295
246 248 296
199 247 249 297
200 248 250 298
201 249 251 299
250 252 300
203 251 253 301
204 252 254 302
205 253 255 303
254 256 304
207 255 257 305
208 256 258 306
209 259 307
258 260 308
211 259 261 309
212 260 262 310
213 261 311
214 262 264
215 313
216 264 266
217 265 267 315
218 266 268 316
219 267 269 317
268 270
221 269 271 319
222 270 272 320
223 271 273 321
224 272 274 322
225 273 275 323
274 276 324
227 277 325
276 278
229 277 279 327
230 278 280 328
231 279 281 329
232 280 282 330
233 281 331
234 282 284 332
235 285 333
236 284 286 334
237 285 287 335
238 286 288 336
239 287 289 337
240 288 290 338
241 289 291 339
290 292 340
243 291 293 341
244 292 294 342
245 293 343
296 344
247 295 345
296 298 346
249 297 299 347
250 298 300 348
251 299 349
300 302 350
253 301 351
254 302 304 352
255 303 305 353
256 304 306 354
257 307 355
258 306 308 356
259 307 309 357
260 308 310 358
261 311 359
262 310 312 360
263 313 361
312 314 362
265 313 363
314 316
267 315 317 365
268 316 318 366
269 317 319 367
270 318 320
271 321 369
272 320 322 370
273 321 323 371
274 322 324 372
275 323 373
276 324 326 374
277 325 327 375
278 326 328 376
279 327 329 377
280 328 330 378
281 329 331 379
282 330 332 380
283 331 333 381
284 332 334 382
285 333 335 383
286 334 336 384
287 335 337 385
288 336 338 386
289 337 339 387
290 338 340 388
291 339 341 389
340 342 390
293 341 391
294 342 392
295 345 393
296 344 346 394
297 345 395
298 346 348
299 347 397
300 348 350 398
301 349 399
302 350 352 400
303 351 401
304 352 354 402
305 353 355 403
354 356 404
307 355 357 405
308 356 358 406
309 357 359 407
310 358 360
311 359 361 409
312 360 362 410
313 361 363 411
314 362 364 412
315 363 365 413
316 364 366
317 365 415
318 366 368 416
319 367 417
368 370
321 369 371 419
322 370 372 420
323 371 373 421
324 372 374 422
325 373 375 423
326 374 376
327 375 425
328 376 378 426
329 377 427
378 380 428
331 379 381 429
380 382 430
333 381 431
334 382 384
335 383 385 433
336 384 386 434
337 385 387 435
386 388 436
339 387 389 437
340 388 390 438
341 389 391 439
390 392 440
343 441
394 442
345 395 443
346 394 396 444
347 445
348 396 398 446
349 397 399 447
398 400 448
351 399 401 449
400 402 450
353 401 403 451
354 402 404
355 403 405 453
404 406 454
357 405 407 455
358 406 408 456
359 409 457
360 408 410 458
361 409 411 459
362 410 412 460
363 411 413 461
364 412 414
365 413 415 463
366 414 416 464
367 415 417 465
368 416 418 466
369 417 467
370 418 420 468
371 419 421 469
420 422 470
373 423 471
374 422 424 472
375 423 425 473
376 424 426 474
377 425 475
378 426 428 476
379 429 477
380 428 430 478
381 429 479
430 432 480
383 431 433 481
384 432 434
385 433 435 483
386 434 436 484
387 435 485
436 438 486
389 437 439 487
390 438 440
391 439 441 489
392 440
393 491
394 442 444
395 445 493
396 444 446
397 445 447 495
398 446 448
399 447 449 497
448 450 498
401 449 451 499
402 450 452 500
403 451 453 501
404 452 454 502
405 453 455 503
406 454 456 504
407 455 457 505
456 458 506
409 457 459 507
410 458 460 508
411 459 461 509
412 460 462 510
413 461 463 511
414 462 464 512
415 463 465 513
416 464 466 514
417 467 515
466 468 516
419 467 469 517
468 470 518
421 469 471 519
422 470 472
423 471 473 521
424 472 474 522
425 475 523
426 474 476
427 475 477 525
428 476 478 526
429 477 479 527
430 478 480 528
431 479 481 529
432 480 482 530
433 481 483 531
434 482 484
435 483 485 533
436 484 486 534
437 485 487 535
438 486 488 536
439 487 489 537
488 490 538
441 489 539
442 492 540
443 491 493 541
444 492 494
445 493 495 543
446 494 496 544
447 495 545
448 496 498 546
449 497 499 547
450 498 500 548
451 499 549
452 500 502 550
453 501 503 551
454 502 504 552
455 503 505 553
456 504 506 554
457 505 555
506 508
459 507 509 557
460 508 510 558
461 509 511 559
510 512 560
463 511 513 561
464 512 514 562
465 513 563
466 514 516 564
467 515 517 565
468 516 518
469 517 567
470 518 520 568
471 519 521 569
472 520 522 570
473 521 571
474 522 524
475 525 573
476 524 526 574
477 525 527 575
478 526 528 576
479 527 529 577
480 528 530 578
481 531 579
482 530 532
483 531 581
484 532 534 582
485 533 583
486 534 536 584
487 537 585
488 536 538 586
489 537 539 587
538 588
491 589
492 540 542 590
493 543 591
494 542 544 592
495 545 593
496 544 546 594
497 595
498 546 548 596
499 547 549 597
500 548 550 598
501 551 599
502 550 552
503 551 553 601
504 552 554 602
505 555 603
506 554 556 604
507 555 557 605
508 556 558 606
509 557 559 607
510 558 560 608
511 559 561 609
512 560 562 610
513 563 611
562 564
515 563 565 613
516 564 566 614
517 565 567 615
518 566 568 616
519 567 569 617
520 568 570 618
521 619
522 570 572 620
523 621
524 572 574 622
525 573 623
526 574 576 624
527 575 577 625
576 578 626
529 577 579 627
530 578 580 628
531 579 581 629
532 580 582 630
533 581 583 631
534 582 584 632
535 633
536 584 586 634
537 585 587 635
538 586 588 636
539 587 637
540 590 638
541 589 591 639
542 590 592 640
543 591 593 641
544 592 594 642
545 593 643
546 594 596 644
547 595 597 645
548 596 598 646
549 597 599 647
598 600
551 599 601 649
600 602 650
553 601 603 651
554 602 604 652
555 603 605 653
556 604 606
557 605 607 655
606 608 656
559 607 609 657
608 610 658
561 609 611 659
562 610 612 660
563 611 613 661
564 612 614 662
565 613 615 663
566 614 616 664
567 617 665
568 616 618 666
569 617 667
570 618 620 668
571 619 621 669
572 620 622 670
573 621 623 671
574 622 624 672
575 623 625 673
624 626
577 625 627 675
578 626 628
579 627 677
580 628 630 678
581 629 679
582 630 632
583 631 633 681
584 632 634 682
585 633 683
586 634 636 684
587 635 637 685
588 636
589 639 687
638 640 688
591 639 641 689
592 640 642 690
593 641 691
594 642 644 692
595 643 645 693
596 644 646 694
597 647 695
598 646 648 696
599 647 697
600 648 650 698
601 649 699
602 650 652 700
603 653 701
604 652 654
605 655 703
606 654 656 704
607 655 657 705
608 656 658 706
609 657 659 707
658 660 708
611 659 661 709
612 660 662 710
613 661 663 711
614 662 664
615 663 665 713
664 666 714
617 665 667 715
618 666 668 716
619 667 669 717
620 668 670 718
621 671 719
670 672 720
623 673 721
624 672 674
625 673 723
674 676 724
627 677 725
628 676 678 726
629 679 727
630 678 680
631 681 729
632 680 682 730
633 731
682 684 732
635 683 685 733
636 684 686
637 735
638 688 736
639 687 689 737
640 688 690 738
641 689 691 739
642 690 692 740
643 691 693 741
692 694
645 693 743
694 696 744
647 697 745
648 696 698 746
649 697 699 747
650 698 700 748
651 699 701 749
652 700 702 750
653 701 703 751
654 702 704 752
655 703 753
656 704 706 754
657 705 707 755
658 706 708 756
659 709 757
660 708 710
661 711 759
662 710 712 760
663 711 713 761
664 712 714
665 713 763
714 716 764
667 715 717 765
668 716 718 766
669 717 767
718 720
671 719 721 769
672 720 722 770
673 721 723 771
674 722 724
675 723 725 773
676 724 726 774
677 725 727 775
678 726 728 776
679 727 729 777
680 728 730 778
681 729 731 779
682 730 732 780
683 731 733 781
684 732 734 782
685 733 735 783
686 734 784
687 737 785
688 736 738 786
689 737 739 787
738 740 788
691 741 789
692 740 742 790
693 741 743 791
694 742 744 792
695 743 745 793
696 744 746 794
697 745 747 795
698 746 748 796
699 747 749 797
748 750
701 749 751 799
750 752 800
703 751 753 801
704 752 754 802
705 753 755 803
706 754 756 804
707 755 805
708 756 758 806
709 757 807
710 758 760 808
711 759 761 809
712 760 762 810
713 763 811
714 762 764 812
715 765 813
716 764 766 814
717 765 767 815
718 766 768
719 767 817
720 768 770
721 769 771 819
722 770 772
723 771 773 821
724 772 774
725 775 823
726 774 776 824
727 775 777 825
728 776 778
729 777 827
730 778 780 828
731 781 829
780 782 830
733 781 783 831
734 782 784
735 783 833
736 786 834
737 785 787 835
738 786 788
739 787 789 837
788 790 838
741 789 839
742 790 792 840
743 791 793 841
744 792 794
745 793 843
746 794 796 844
747 795 797 845
748 796 798 846
749 797 799 847
750 798 800 848
751 799 801 849
752 800 802 850
753 803 851
754 802 804 852
755 803 805 853
804 806 854
757 855
806 808 856
759 807 809 857
808 810
761 811 859
810 812
763 811 813 861
764 812 814
765 813 815 863
814 816
767 815 817 865
768 816 818 866
769 817 819 867
770 818 820 868
771 819 821 869
772 820 822 870
773 821 823 871
822 824 872
775 823 825 873
776 824 826 874
777 825 827 875
778 826 828
779 827 877
828 830
781 831 879
782 830 832 880
783 831 833 881
832 882
785 835 883
786 834 836 884
787 837 885
788 836 838 886
789 837 887
790 838 840
791 839 889
840 842 890
793 841 843 891
794 842 844 892
795 843 845 893
844 846 894
797 845 847 895
798 846 848 896
799 847 849 897
848 850 898
801 849 899
850 852 900
803 851 853 901
804 852 854 902
805 853 855 903
854 856 904
807 857 905
856 858 906
809 857 859 907
810 858 860 908
811 859 861 909
812 860 862 910
813 861 911
814 862 864 912
815 913
864 866 914
817 865 867 915
818 866 868 916
819 867 869 917
820 868 870 918
821 919
822 870 872 920
823 873 921
872 874
825 873 875 923
826 874 876 924
827 875 877 925
828 876 878 926
829 877 879 927
830 878 880
831 879 929
832 880 882
833 881 931
834 884 932
835 883 885 933
836 884 886 934
837 885 887 935
838 886 888 936
839 887 937
840 888 890 938
841 889 891 939
890 892 940
843 891 893 941
892 894
845 893 895 943
846 894 896 944
847 895 897 945
848 896 898 946
849 897 947
898 900 948
851 899 901 949
852 900 902 950
853 901 903 951
854 902 904 952
855 903 905 953
856 904 906 954
857 905 955
906 908 956
859 907 909 957
908 910 958
861 909 959
862 910 912 960
863 911 961
864 912 914 962
865 913 915 963
866 914 916
867 915 917 965
868 916 918
869 917 919 967
918 920 968
871 919 921 969
920 922
873 921 923 971
922 924 972
875 925 973
876 924 926 974
877 925 975
878 926 928 976
879 927 929 977
928 930 978
881 929 931 979
930 980
883 933 981
884 932 934 982
885 935 983
934 936
887 935 937 985
888 936 938 986
889 987
890 938 940 988
891 939 941 989
892 940 942 990
893 941 943 991
894 942 944
895 943 945 993
896 944 946
897 945 947 995
898 946 948 996
899 947 949 997
900 948 950 998
901 949 951 999
902 950 952 1000
903 951 953 1001
904 952 954 1002
905 955 1003
954 956 1004
907 955 1005
908 956 958 1006
909 957 1007
910 958 960 1008
911 959 961 1009
912 960 962 1010
913 961 1011
914 962 964 1012
915 963 965 1013
916 964 966 1014
917 965 1015
918 966 968
919 967 1017
920 968 970 1018
921 969 971 1019
922 970 972
923 1021
924 972 974 1022
925 973 1023
926 974 976 1024
927 975 1025
928 976 978 1026
929 977 979 1027
978 980
931 979 1029
932 982 1030
933 981 1031
934 982 984 1032
935 983 985 1033
936 984 986
937 985 987 1035
938 986 988 1036
939 987 989 1037
940 988 990 1038
941 991 1039
942 990 992 1040
943 991 1041
944 992 994 1042
945 993 995 1043
946 994 996 1044
947 997 1045
948 996 998 1046
949 997 999 1047
950 998 1000 1048
951 999 1001 1049
1000 1002 1050
953 1001 1003 1051
1002 1004 1052
955 1003 1005 1053
956 1004 1006 1054
957 1005 1007 1055
958 1006 1008 1056
959 1007 1009 1057
960 1008 1010 1058
961 1009 1011 1059
962 1010 1012 1060
963 1013 1061
964 1012 1014
965 1063
966 1014 1016 1064
967 1015 1065
1016 1018 1066
969 1017 1019 1067
970 1018 1020 1068
971 1021 1069
972 1020 1022
973 1021 1023 1071
1022 1024 1072
975 1023 1025 1073
976 1024 1026 1074
977 1025 1027 1075
978 1026 1028
979 1027 1029 1077
980 1028 1078
981 1031 1079
982 1030 1032
983 1031 1033 1081
984 1032 1034 1082
985 1033 1083
986 1034 1036
987 1035 1037 1085
988 1036 1038 1086
989 1039 1087
990 1038 1040 1088
991 1039 1041 1089
992 1040 1042 1090
993 1043 1091
1042 1044
995 1043 1093
996 1044 1046 1094
997 1047 1095
998 1046 1048 1096
999 1097
1000 1048 1050 1098
1001 1049 1099
1002 1050 1052 1100
1003 1051 1101
1052 1054 1102
1005 1053 1055 1103
1006 1054 1056
1007 1055 1057 1105
1008 1056 1058 1106
1009 1059 1107
1010 1058 1060
1011 1059 1061 1109
1012 1060 1062 1110
1013 1111
1014 1062 1064 1112
1015 1063 1065 1113
1016 1064 1066 1114
1017 1065 1115
1018 1066 1068 1116
1019 1069 1117
1068 1070 1118
1021 1071 1119
1070 1072
1023 1071 1073 1121
1024 1072 1074 1122
1025 1073 1075 1123
1026 1074 1076 1124
1027 1075 1125
1028 1076 1078 1126
1029 1077 1127
1030 1080 1128
1031 1079 1081 1129
1032 1080 1082 1130
1033 1081 1083 1131
1034 1082 1084
1035 1083 1085 1133
1036 1084 1086 1134
1037 1085 1087 1135
1086 1088 1136
1039 1137
1040 1088 1090 1138
1041 1089 1091 1139
1042 1090 1092 1140
1043 1091 1093 1141
1044 1092 1094 1142
1045 1093 1095 1143
1046 1094 1096
1047 1095 1097 1145
1048 1096 1098 1146
1049 1097 1099 1147
1050 1098 1100 1148
1051 1101 1149
1100 1102 1150
1053 1101 1151
1102 1104
1055 1103 1105 1153
1056 1104 1106 1154
1057 1107 1155
1058 1106 1108
1059 1107 1109 1157
1060 1108 1110 1158
1061 1109 1111 1159
1110 1112
1063 1113 1161
1064 1112 1114 1162
1065 1113 1115 1163
1114 1116 1164
1067 1115 1117 1165
1068 1116 1118 1166
1069 1117 1119 1167
1070 1118 1120
1071 1119 1121 1169
1072 1120 1122 1170
1073 1121 1171
1074 1122 1124
1075 1123 1125 1173
1076 1124 1126 1174
1077 1125 1175
1078 1126
1079 1129 1177
1128 1130 1178
1081 1129 1131 1179
1082 1130 1132 1180
1083 1133 1181
1084 1132 1134 1182
1085 1135 1183
1086 1134 1136 1184
1087 1185
1088 1136 1138 1186
1089 1137 1139 1187
1090 1138 1140 1188
1091 1141 1189
1092 1140 1142 1190
1093 1141 1143 1191
1094 1142 1144 1192
1095 1143 1145 1193
1096 1144 1146
1097 1147 1195
1098 1146 1148
1099 1149 1197
1100 1148 1150 1198
1101 1149 1151 1199
1102 1150 1152 1200
1103 1151 1201
1152 1154 1202
1105 1153 1155 1203
1106 1154 1156
1107 1155 1157 1205
1108 1156 1158 1206
1109 1159 1207
1158 1160 1208
1111 1159 1161 1209
1112 1160 1162 1210
1113 1163 1211
1114 1162 1164
1115 1163 1165 1213
1116 1164 1166 1214
1117 1165 1167 1215
1118 1166 1168 1216
1119 1167 1217
1120 1168 1170 1218
1121 1169 1171 1219
1122 1170 1172
1123 1171 1173 1221
1172 1174 1222
1125 1173 1175 1223
1126 1174 1176 1224
1127 1175 1225
1128 1178 1226
1129 1177 1179 1227
1130 1178 1180 1228
1131 1179 1181 1229
1132 1180 1182 1230
1133 1231
1134 1182 1184 1232
1135 1183 1233
1136 1184 1186 1234
1137 1185 1187 1235
1138 1186 1188 1236
1139 1187 1189 1237
1140 1188 1190 1238
1141 1189 1239
1142 1190 1192 1240
1143 1241
1144 1192 1194
1145 1195 1243
1146 1194 1196
1147 1245
1148 1196 1198 1246
1149 1197 1247
1150 1198 1200 1248
1151 1199 1201 1249
1152 1200 1202 1250
1153 1201 1203 1251
1154 1202 1204 1252
1155 1205 1253
1156 1204 1206
1157 1205 1207 1255
1206 1208 1256
1159 1207 1209 1257
1160 1208 1210 1258
1161 1211 1259
1162 1210 1212 1260
1163 1211 1213 1261
1164 1212 1214 1262
1165 1213 1263
1166 1214 1216 1264
1167 1215 1217 1265
1168 1216 1218
1169 1217 1267
1170 1218 1220 1268
1171 1221 1269
1172 1220 1222 1270
1173 1221 1223 1271
1174 1222 1224 1272
1175 1223 1225 1273
1176 1224 1274
1177 1227 1275
1226 1228 1276
1179 1227 1229 1277
1180 1228 1230 1278
1181 1231 1279
1182 1230 1232 1280
1183 1231 1233 1281
1184 1232 1234
1185 1233 1235 1283
1186 1234 1236 1284
1187 1235 1237 1285
1188 1236 1238 1286
1189 1237 1239 1287
1190 1238 1240
1191 1239 1241 1289
1192 1240 1242
1193 1241 1243 1291
1242 1244 1292
1195 1243 1245 1293
1196 1244 1246
1197 1245 1247 1295
1198 1246 1248 1296
1199 1249 1297
1200 1248 1250 1298
1201 1249 1251 1299
1250 1252 1300
1203 1251 1301
1204 1252 1254
1205 1253 1255 1303
1206 1254 1256 1304
1207 1255 1257 1305
1208 1256 1258 1306
1209 1257 1259 1307
1210 1258 1260 1308
1211 1259 1309
1212 1260 1262 1310
1213 1261 1263 1311
1214 1262 1264 1312
1215 1263 1265 1313
1216 1264 1266 1314
1217 1265 1315
1218 1266 1268 1316
1219 1267 1317
1220 1268 1270
1221 1269 1271 1319
1222 1270 1272
1223 1271 1273 1321
1224 1272 1274 1322
1225 1273 1323
1276 1324
1227 1325
1228 1276 1278 1326
1229 1277 1327
1230 1278 1280 1328
1231 1279 1329
1280 1282 1330
1233 1281 1283 1331
1234 1282 1284
1235 1283 1333
1236 1284 1286 1334
1237 1285 1287 1335
1238 1286 1288 1336
1239 1287 1289 1337
1240 1288 1290 1338
1241 1289 1339
1242 1290 1292
1243 1291 1293 1341
1244 1292 1294 1342
1245 1293 1295 1343
1246 1294 1296
1247 1295 1297 1345
1248 1296 1298 1346
1249 1297 1299 1347
1250 1298 1300 1348
1251 1299 1301 1349
1252 1300 1302
1253 1301 1303 1351
1254 1302 1304 1352
1255 1303 1305 1353
1256 1304 1306 1354
1257 1305 1307 1355
1258 1306 1308 1356
1259 1309 1357
1260 1308 1310 1358
1261 1311 1359
1310 1312
1263 1311 1313 1361
1312 1314 1362
1265 1313 1315 1363
1266 1314 1316 1364
1267 1315 1317 1365
1316 1318 1366
1269 1319 1367
1270 1318 1320
1271 1319 1321 1369
1272 1320 1322
1273 1321 1323 1371
1274 1322
1275 1325 1373
1276 1324 1326 1374
1277 1325 1327 1375
1278 1326 1328 1376
1279 1327 1329 1377
1280 1328 1330 1378
1281 1329 1379
1282 1330 1332 1380
1283 1333 1381
1284 1332 1334 1382
1285 1333 1335 1383
1286 1334 1336 1384
1287 1335 1385
1288 1336 1338 1386
1289 1337 1387
1338 1340 1388
1291 1339 1389
1292 1340 1342 1390
1293 1341 1343 1391
1342 1344 1392
1295 1343 1345 1393
1296 1344 1346 1394
1297 1345 1347 1395
1298 1346 1348 1396
1299 1347 1349 1397
1300 1348 1350 1398
1301 1349 1351 1399
1302 1350 1352 1400
1303 1351 1353 1401
1304 1352 1354 1402
1305 1353 1355 1403
1306 1354 1356 1404
1307 1405
1308 1356 1358 1406
1309 1357 1359 1407
1310 1358 1360
1311 1361 1409
1312 1360 1362 1410
1313 1361 1363 1411
1314 1362 1364 1412
1315 1365 1413
1316 1364 1366 1414
1317 1365 1415
1318 1366 1368 1416
1319 1367 1369 1417
1368 1370 1418
1321 1369 1371 1419
1322 1370 1372
1323 1371 1421
1324 1374 1422
1325 1373 1423
1326 1374 1376
1327 1375 1377 1425
1328 1376 1378 1426
1329 1377 1379 1427
1330 1378 1380
1331 1379 1381 1429
1380 1382 1430
1333 1381 1383 1431
1334 1382 1384 1432
1335 1385 1433
1336 1384 1386 1434
1337 1435
1338 1386 1388 1436
1339 1387 1389 1437
1340 1388 1390
1341 1389 1391 1439
1390 1392 1440
1343 1391 1393 1441
1344 1392 1394 1442
1345 1393 1395 1443
1346 1394 1396 1444
1347 1395 1397 1445
1348 1396 1398 1446
1349 1397 1447
1350 1398 1400 1448
1351 1399 1449
1352 1400 1402 1450
1353 1403 1451
1354 1402 1404
1355 1403 1405 1453
1356 1404 1406 1454
1357 1405 1407 1455
1358 1406 1408 1456
1359 1407 1409 1457
1408 1410 1458
1361 1409 1459
1362 1410 1412 1460
1363 1411 1413 1461
1364 1412 1414 1462
1365 1413 1415 1463
1366 1414 1416 1464
1367 1415 1417 1465
1368 1416 1418 1466
1369 1417 1419 1467
1418 1420 1468
1371 1419 1421 1469
1372 1420 1470
1373 1423 1471
1374 1422 1424 1472
1375 1423 1425 1473
1376 1424 1426 1474
1377 1425 1475
1378 1426 1428
1379 1429 1477
1380 1428 1430 1478
1381 1431 1479
1382 1430 1432 1480
1383 1431 1433 1481
1384 1432 1434 1482
1385 1435 1483
1434 1436
1387 1435 1437 1485
1388 1436 1438
1389 1439 1487
1390 1438 1440
1391 1439 1489
1392 1440 1442 1490
1393 1441 1443 1491
1442 1444
1395 1443 1493
1396 1444 1446 1494
1397 1447 1495
1398 1446 1448 1496
1399 1447 1449 1497
1400 1448 1450 1498
1401 1449 1451 1499
1402 1450 1452 1500
1403 1451 1453 1501
1404 1452 1454 1502
1405 1453 1455 1503
1406 1454 1456 1504
1407 1505
1408 1456 1458 1506
1409 1457 1507
1410 1458 1460 1508
1411 1459 1509
1412 1460 1462 1510
1413 1461 1511
1414 1462 1464 1512
1415 1463 1465 1513
1416 1464 1466 1514
1417 1467 1515
1418 1466 1468 1516
1419 1467 1469 1517
1420 1468 1470 1518
1421 1469 1519
1422 1472 1520
1423 1471 1473 1521
1424 1472 1474
1425 1475 1523
1426 1474 1476 1524
1427 1475 1477 1525
1476 1478 1526
1429 1477 1479 1527
1430 1478 1480 1528
1431 1479 1481 1529
1432 1480 1482 1530
1433 1481 1531
1434 1482 1484 1532
1435 1485 1533
1436 1484 1486 1534
1437 1485 1487 1535
1438 1486 1488 1536
1439 1487 1537
1440 1488 1490 1538
1441 1489 1491 1539
1442 1490 1492 1540
1443 1491 1493 1541
1492 1494 1542
1445 1495 1543
1446 1494 1496 1544
1447 1495 1497 1545
1496 1498 1546
1449 1497 1547
1450 1498 1500 1548
1451 1499 1501 1549
1452 1500 1502 1550
1453 1501 1503 1551
1454 1502 1504 1552
1455 1503 1505 1553
1456 1504 1506 1554
1457 1505 1507 1555
1458 1506 1508 1556
1459 1507 1509 1557
1460 1508 1510
1461 1509 1559
1462 1510 1512 1560
1463 1511 1513 1561
1464 1512 1514 1562
1465 1513 1515 1563
1466 1514 1516
1467 1515 1517 1565
1468 1516 1518 1566
1469 1519 1567
1470 1518 1568
1471 1521 1569
1472 1520 1522 1570
1473 1521 1523 1571
1474 1522 1524 1572
1475 1523 1525 1573
1476 1524 1526 1574
1477 1527 1575
1526 1528 1576
1479 1527 1577
1480 1528 1530 1578
1481 1529 1579
1482 1530 1532 1580
1483 1531 1533 1581
1484 1532 1534 1582
1485 1535 1583
1486 1534 1536 1584
1487 1535 1537 1585
1488 1536 1538 1586
1489 1537 1539 1587
1490 1538 1540 1588
1491 1539 1541 1589
1492 1540 1542
1493 1541 1543 1591
1494 1542 1544 1592
1495 1543 1545 1593
1496 1544 1546 1594
1497 1545 1547 1595
1498 1546 1548 1596
1499 1547 1549 1597
1500 1548 1550 1598
1501 1549 1599
1502 1550 1552 1600
1503 1551 1553 1601
1504 1552 1554
1505 1553 1555 1603
1506 1554 1556 1604
1507 1555 1557 1605
1508 1556 1558 1606
1509 1557 1559 1607
1510 1558 1560 1608
1511 1559 1561 1609
1512 1560 1562 1610
1513 1561 1563 1611
1514 1562 1564 1612
1515 1565 1613
1516 1564 1566
1517 1565 1567 1615
1518 1566 1568 1616
1519 1567 1617
1570 1618
1521 1569 1571 1619
1522 1570 1572 1620
1523 1571 1573 1621
1524 1572 1574 1622
1525 1573 1575 1623
1526 1574 1576 1624
1527 1575 1577 1625
1576 1578
1529 1579 1627
1530 1578 1580 1628
1531 1579 1581 1629
1532 1580 1582 1630
1533 1631
1582 1584
1535 1583 1585 1633
1536 1584 1586 1634
1537 1635
1586 1588 1636
1539 1587 1637
1540 1588 1590 1638
1541 1589 1591 1639
1590 1592
1543 1591 1641
1592 1594
1545 1593 1595 1643
1546 1594 1596 1644
1547 1595 1597 1645
1548 1596 1598 1646
1549 1597 1599 1647
1550 1598 1600 1648
1551 1599 1601 1649
1552 1600 1602 1650
1553 1601 1603 1651
1554 1602 1604 1652
1555 1603 1605 1653
1556 1604 1606
1557 1605 1607 1655
1558 1606 1608
1559 1607 1609 1657
1560 1608 1610 1658
1561 1609 1611 1659
1562 1610 1612 1660
1563 1611 1613 1661
1564 1612 1614
1565 1613 1615 1663
1566 1614 1616 1664
1567 1665
1568 1616 1666
1569 1619 1667
1570 1618 1620 1668
1571 1619 1621 1669
1620 1622 1670
1573 1623 1671
1574 1622 1624 1672
1575 1623 1673
1576 1624 1626 1674
1577 1625 1627 1675
1626 1628
1579 1627 1677
1580 1628 1630 1678
1581 1629 1631 1679
1582 1630 1632 1680
1583 1631 1633 1681
1584 1632 1634 1682
1585 1633 1683
1586 1634 1636 1684
1587 1635 1637 1685
1636 1638 1686
1589 1637 1639 1687
1590 1638 1640 1688
1591 1639 1641 1689
1592 1640 1642
1593 1643 1691
1594 1642 1644
1595 1643 1645 1693
1596 1644 1646
1597 1645 1647 1695
1598 1646 1648
1599 1647 1649 1697
1600 1648 1650 1698
1601 1649 1651 1699
1602 1650 1652 1700
1603 1651 1653 1701
1604 1652 1654 1702
1605 1653 1655 1703
1606 1654 1656 1704
1607 1655 1657 1705
1608 1656 1658 1706
1609 1657 1659 1707
1610 1658 1660
1611 1661 1709
1612 1660 1662
1613 1661 1711
1614 1662 1664
1615 1665 1713
1616 1664 1666 1714
1617 1665 1715
1618 1668
1619 1667 1669 1717
1620 1668 1670
1621 1669 1671 1719
1622 1670 1672 1720
1623 1671 1673 1721
1624 1672 1674 1722
1625 1673 1675 1723
1626 1674 1676 1724
1627 1675 1677 1725
1628 1676 1678 1726
1629 1677 1727
1630 1678 1680 1728
1631 1681 1729
1632 1680 1682 1730
1633 1683 1731
1634 1682 1684 1732
1635 1683 1685 1733
1636 1684 1686 1734
1637 1685 1687 1735
1638 1686 1688
1639 1687 1689 1737
1640 1688 1690
1641 1689 1691 1739
1642 1690 1692 1740
1643 1693 1741
1692 1694 1742
1645 1693 1695 1743
1646 1694 1696 1744
1647 1697 1745
1696 1698 1746
1649 1697 1699 1747
1650 1698 1700 1748
1651 1699 1749
1652 1700 1702 1750
1653 1701 1751
1702 1704 1752
1655 1753
1656 1704 1706
1657 1707 1755
1706 1708 1756
1659 1707 1709 1757
1660 1708 1710 1758
1661 1709 1711 1759
1662 1710 1712 1760
1663 1761
1664 1712 1714 1762
1665 1713 1763
1666 1714 1764
1667 1717 1765
1668 1716 1718 1766
1669 1717 1719 1767
1718 1720 1768
1671 1719 1769
1672 1720 1722 1770
1673 1721 1723 1771
1674 1722 1724 1772
1675 1723 1725 1773
1676 1724 1726 1774
1677 1725 1775
1726 1728 1776
1679 1727 1729 1777
1680 1728 1730 1778
1681 1731 1779
1682 1730 1732 1780
1683 1731 1733 1781
1684 1732 1734 1782
1685 1733 1735 1783
1686 1734 1736
1687 1735 1737 1785
1736 1738 1786
1689 1739 1787
1690 1738 1740 1788
1691 1739 1741 1789
1740 1742
1693 1741 1743 1791
1694 1742 1744 1792
1695 1743 1745 1793
1696 1744 1746 1794
1697 1795
1746 1748 1796
1699 1749 1797
1748 1750 1798
1701 1749 1751 1799
1702 1750 1752 1800
1703 1751 1753 1801
1704 1752 1754 1802
1705 1753 1755 1803
1706 1754 1756 1804
1707 1755 1757 1805
1756 1758 1806
1709 1757 1759 1807
1710 1758 1760 1808
1711 1759 1761 1809
1712 1760 1762 1810
1713 1761 1763 1811
1714 1762 1764 1812
1715 1763 1813
1716 1766 1814
1717 1765 1767 1815
1718 1766 1768 1816
1719 1767 1769 1817
1720 1768 1770 1818
1721 1769 1819
1722 1770 1772
1723 1771 1773 1821
1724 1772 1774 1822
1725 1775 1823
1774 1776 1824
1727 1775 1777 1825
1728 1776 1778
1729 1827
1730 1778 1780 1828
1731 1781 1829
1780 1782
1733 1781 1783 1831
1734 1782 1784 1832
1735 1783 1785 1833
1736 1784 1786
1737 1785 1787 1835
1786 1788 1836
1739 1787 1837
1740 1788 1790 1838
1741 1789 1791 1839
1742 1790 1792 1840
1743 1791 1793 1841
1744 1792 1794 1842
1745 1793 1843
1746 1794 1796
1747 1795 1797 1845
1748 1796 1798 1846
1749 1797 1799 1847
1750 1798 1800
1751 1799 1801 1849
1752 1800 1802 1850
1753 1801 1803 1851
1754 1802 1804 1852
1755 1803 1805 1853
1756 1804 1806
1757 1805 1807 1855
1758 1806 1808 1856
1759 1807 1809 1857
1760 1808 1810 1858
1761 1809 1811 1859
1762 1810 1812 1860
1763 1811 1813 1861
1764 1812 1862
1765 1815 1863
1814 1816 1864
1767 1815 1817 1865
1768 1816 1818
1769 1817 1819 1867
1818 1820 1868
1771 1819 1869
1772 1820 1822 1870
1773 1821 1823 1871
1774 1822 1824 1872
1775 1823 1825 1873
1776 1824 1826 1874
1777 1825 1875
1778 1826 1828 1876
1779 1827 1877
1780 1828 1830 1878
1781 1831 1879
1782 1830 1832 1880
1783 1833 1881
1784 1832 1834 1882
1785 1833 1835 1883
1834 1836 1884
1787 1835 1837 1885
1788 1836 1838 1886
1789 1837 1839 1887
1790 1838 1840 1888
1791 1839 1841 1889
1792 1840 1842 1890
1793 1841 1843 1891
1794 1842 1844 1892
1795 1843 1845 1893
1796 1844 1846 1894
1797 1847 1895
1798 1846 1848 1896
1799 1847 1849 1897
1800 1848 1850 1898
1801 1849 1851 1899
1802 1850 1852 1900
1803 1853 1901
1804 1852 1854 1902
1805 1853 1855 1903
1806 1854 1856
1807 1855 1857 1905
1808 1856 1858 1906
1809 1857 1859 1907
1810 1858 1860 1908
1811 1859 1861 1909
1860 1862 1910
1813 1861 1911
1814 1864 1912
1815 1865 1913
1864 1866 1914
1817 1865 1867 1915
1818 1866 1868 1916
1819 1867 1869 1917
1820 1868 1870 1918
1821 1869 1871 1919
1822 1870 1872
1823 1871 1873 1921
1824 1872 1874 1922
1825 1875 1923
1874 1876 1924
1827 1875 1925
1828 1876 1878
1829 1877 1927
1830 1878 1880 1928
1831 1879 1881 1929
1832 1880 1882 1930
1833 1881 1883 1931
1834 1882 1884 1932
1835 1883 1885 1933
1884 1886 1934
1837 1885 1887 1935
1838 1886 1888 1936
1839 1889 1937
1888 1890
1841 1889 1939
1842 1890 1892 1940
1843 1891 1893 1941
1844 1892 1894
1845 1893 1895 1943
1846 1894 1896 1944
1847 1895 1897 1945
1848 1896 1898 1946
1849 1897 1899 1947
1850 1898 1900 1948
1851 1899 1901 1949
1900 1902 1950
1853 1951
1902 1904 1952
1855 1903 1905 1953
1856 1904 1906 1954
1857 1905 1955
1858 1906 1908
1859 1907 1909 1957
1908 1910 1958
1861 1909 1911 1959
1862 1910 1960
1863 1913 1961
1912 1914 1962
1865 1913 1915 1963
1866 1914 1916 1964
1867 1915 1965
1868 1916 1918 1966
1869 1917 1919 1967
1870 1918 1920 1968
1871 1919 1921 1969
1872 1920 1922 1970
1873 1921 1923 1971
1874 1922 1924 1972
1875 1923 1925 1973
1876 1924 1926 1974
1877 1975
1878 1926 1928 1976
1879 1927 1929 1977
1880 1928 1930 1978
1881 1979
1882 1930 1932
1883 1931 1933 1981
1884 1932 1934 1982
1885 1933 1935 1983
1886 1934 1936 1984
1887 1935 1937 1985
1888 1936 1938 1986
1889 1937 1939 1987
1890 1938 1940 1988
1891 1941 1989
1892 1940 1942 1990
1893 1941 1991
1942 1944 1992
1895 1943 1993
1896 1944 1946 1994
1897 1947 1995
1898 1946 1948
1899 1947 1997
1948 1950 1998
1901 1951 1999
1950 1952 2000
1903 1951 1953 2001
1904 1952 1954 2002
1905 1953 2003
1906 1954 1956 2004
1907 1955 1957 2005
1908 1956 1958 2006
1909 1957 1959 2007
1910 1958 1960 2008
1911 1959 2009
1912 1962 2010
1913 1963 2011
1914 1962 1964 2012
1915 1965 2013
1916 1964 1966 2014
1917 1967 2015
1966 1968 2016
1919 2017
1920 1968 1970
1921 1969 1971 2019
1922 1970 1972
1923 1971 1973 2021
1924 1972 1974
1925 1973 1975 2023
1926 1974 1976 2024
1927 1975 1977 2025
1928 1976 1978 2026
1929 1977 1979 2027
1930 1978 1980 2028
1931 1979 1981 2029
1932 1980 1982 2030
1933 1981 2031
1934 1982 1984 2032
1935 1983 1985 2033
1936 1984 1986
1937 1985 1987 2035
1938 1986 1988
1939 1987 1989 2037
1988 1990 2038
1941 1991 2039
1990 1992 2040
1943 1991 1993 2041
1992 1994 2042
1945 1993 1995 2043
1994 1996 2044
1947 2045
1948 1996 1998 2046
1949 1999 2047
1950 1998 2000 2048
1951 2001 2049
2000 2002 2050
1953 2001 2003 2051
1954 2002 2004 2052
1955 2003 2053
1956 2004 2006 2054
1957 2005 2007 2055
2006 2008 2056
1959 2007 2057
1960 2008 2058
1961 2011 2059
1962 2010 2012 2060
1963 2011 2013 2061
1964 2012 2014 2062
1965 2013 2015 2063
1966 2014 2016 2064
1967 2015 2017 2065
1968 2016 2018 2066
1969 2019 2067
1970 2018 2020 2068
1971 2021 2069
1972 2020 2022 2070
1973 2021 2023 2071
2022 2024 2072
1975 2023 2025 2073
1976 2024 2026 2074
1977 2025 2075
1978 2026 2028
1979 2027 2029 2077
1980 2028 2030 2078
1981 2029 2031 2079
1982 2030 2032 2080
1983 2031 2033 2081
1984 2032 2034 2082
1985 2035 2083
1986 2034 2036 2084
1987 2035 2085
1988 2036 2038 2086
1989 2037 2039 2087
1990 2038 2040 2088
1991 2039 2089
1992 2040 2042
1993 2041 2043 2091
1994 2042 2044 2092
1995 2043 2045 2093
1996 2044 2046
1997 2045 2047 2095
1998 2046 2048 2096
1999 2047 2049 2097
2000 2048 2050 2098
2001 2051 2099
2002 2050 2052 2100
2003 2051 2101
2004 2052 2054
2005 2053 2103
2006 2054 2056 2104
2007 2055 2105
2008 2056 2058
2009 2057 2107
2010 2060 2108
2011 2059 2061 2109
2012 2060 2062 2110
2013 2061 2063 2111
2014 2062 2064
2015 2063 2065 2113
2016 2064 2066
2017 2065 2067 2115
2018 2066 2068 2116
2019 2117
2020 2068 2070 2118
2021 2071 2119
2070 2072 2120
2023 2071 2073 2121
2024 2072 2074
2025 2073 2075 2123
2026 2074 2076
2027 2075 2077 2125
2028 2076 2078 2126
2029 2077 2079 2127
2030 2078 2080 2128
2031 2129
2080 2082
2033 2081 2083 2131
2034 2082 2084 2132
2035 2083 2085 2133
2036 2084 2086 2134
2037 2087 2135
2038 2086 2088 2136
2039 2087 2089 2137
2040 2088 2090 2138
2041 2091 2139
2042 2090 2092 2140
2043 2091 2093 2141
2044 2092 2094 2142
2045 2093 2095 2143
2046 2094 2096 2144
2047 2095 2097 2145
2048 2096 2098 2146
2049 2097 2099 2147
2050 2098 2100 2148
2051 2099 2101 2149
2052 2100 2102 2150
2053 2103 2151
2054 2102 2104 2152
2055 2103 2105 2153
2104 2106
2057 2107 2155
2058 2106 2156
2059 2109 2157
2060 2108 2110 2158
2061 2109 2111 2159
2062 2110 2112 2160
2063 2111 2113 2161
2064 2112 2114 2162
2065 2113 2115 2163
2114 2116
2067 2115 2117 2165
2116 2118 2166
2069 2117 2119 2167
2070 2118 2120 2168
2071 2119 2121 2169
2120 2122 2170
2073 2121 2171
2074 2122 2124 2172
2075 2123 2125 2173
2076 2124 2126
2077 2125 2127 2175
2126 2128
2079 2129 2177
2080 2128 2130 2178
2081 2129 2131 2179
2082 2130 2132 2180
2083 2131 2133 2181
2084 2132 2134 2182
2085 2133 2135 2183
2134 2136 2184
2087 2135 2137 2185
2088 2136 2138 2186
2089 2137 2139 2187
2090 2138 2140 2188
2091 2139 2141 2189
2092 2140 2142 2190
2093 2141 2143 2191
2094 2142 2144 2192
2095 2145 2193
2096 2144 2146 2194
2097 2145 2147 2195
2098 2146 2148 2196
2099 2147 2149 2197
2100 2148 2150 2198
2101 2149 2151 2199
2102 2150 2152 2200
2103 2201
2104 2152 2154
2105 2153 2155 2203
2106 2154 2156 2204
2107 2155 2205
2108 2158
2109 2157 2207
2110 2158 2160
2111 2159 2209
2112 2160 2162
2113 2161 2211
2162 2164 2212
2115 2165 2213
2116 2164 2166 2214
2117 2165 2167 2215
2118 2166 2168 2216
2119 2167 2169 2217
2120 2168 2170 2218
2121 2169 2171 2219
2122 2170 2172 2220
2123 2171 2173 2221
2172 2174
2125 2175 2223
2126 2174 2176
2127 2175 2177 2225
2128 2176 2178
2129 2177 2227
2130 2178 2180
2131 2179 2181 2229
2132 2180 2182 2230
2133 2181 2231
2134 2182 2184 2232
2135 2183 2233
2136 2184 2186 2234
2137 2187 2235
2138 2186 2188 2236
2139 2237
2188 2190 2238
2141 2189 2239
2142 2190 2192
2143 2191 2241
2144 2192 2194 2242
2145 2193 2243
2146 2194 2196 2244
2147 2195 2197 2245
2148 2196 2198 2246
2149 2197 2199 2247
2150 2198 2200 2248
2151 2199 2201 2249
2152 2200 2202 2250
2153 2203 2251
2202 2204 2252
2155 2203 2253
2156 2204 2254
2157 2207 2255
2158 2206 2208 2256
2159 2207 2209 2257
2160 2208 2210 2258
2161 2209 2211 2259
2162 2210 2212 2260
2163 2211 2213 2261
2164 2212 2214
2165 2215 2263
2166 2214 2216 2264
2167 2215 2265
2216 2218
2169 2217 2219 2267
2170 2218 2220
2171 2219 2269
2172 2220 2222
2173 2221 2223 2271
2174 2222 2224 2272
2175 2223 2225 2273
2176 2224 2226 2274
2177 2225 2227 2275
2178 2226 2228 2276
2179 2229 2277
2228 2230 2278
2181 2231 2279
2182 2230 2232
2183 2231 2233 2281
2232 2234 2282
2185 2233 2235 2283
2234 2236 2284
2187 2235 2237 2285
2188 2236 2238 2286
2189 2237 2239 2287
2190 2238 2240 2288
2191 2239 2241 2289
2192 2240 2242 2290
2193 2241 2291
2242 2244 2292
2195 2243 2245 2293
2196 2244 2246 2294
2197 2245 2247 2295
2198 2246 2248
2199 2247 2249 2297
2248 2250 2298
2201 2249 2251 2299
2250 2252 2300
2203 2253 2301
2204 2252 2254 2302
2205 2253 2303
2206 2256 2304
2207 2305
2208 2256 2258 2306
2209 2257 2259 2307
2210 2258 2260
2211 2259 2261 2309
2212 2260 2262 2310
2213 2261 2263 2311
2214 2262 2264 2312
2215 2263 2265 2313
2264 2266 2314
2217 2265 2267 2315
2266 2268 2316
2219 2269 2317
2220 2268 2270 2318
2221 2319
2222 2270 2272 2320
2223 2271 2273 2321
2224 2272 2274
2225 2273 2275 2323
2226 2274 2276 2324
2227 2275 2277 2325
2228 2276 2278 2326
2229 2277 2279 2327
2230 2278 2280
2231 2279 2281 2329
2280 2282 2330
2233 2281 2283 2331
2234 2282 2284 2332
2235 2283 2285 2333
2236 2284 2286 2334
2237 2285 2287 2335
2238 2286 2288 2336
2239 2287 2289 2337
2240 2288 2290 2338
2241 2289 2291 2339
2242 2290 2292 2340
2243 2291 2341
2292 2294 2342
2245 2293 2295 2343
2246 2294 2296 2344
2247 2297 2345
2248 2296 2298 2346
2249 2297 2299 2347
2298 2300 2348
2251 2301 2349
2252 2300 2302 2350
2253 2301 2303 2351
2254 2302
2255 2305 2353
2256 2304 2306 2354
2257 2305 2307 2355
2258 2306 2308 2356
2259 2307 2357
2260 2308 2310 2358
2261 2359
2262 2310 2312 2360
2263 2311 2313 2361
2264 2312 2314
2265 2313 2315 2363
2266 2314 2316
2267 2365
2268 2316 2318 2366
2269 2317 2319 2367
2270 2318 2320 2368
2271 2319 2321 2369
2320 2322 2370
2273 2323 2371
2274 2322 2324 2372
2275 2323 2325 2373
2276 2324 2326
2277 2325 2327 2375
2278 2326 2328 2376
2279 2327 2329 2377
2280 2328 2330 2378
2281 2379
2282 2330 2332
2283 2333 2381
2284 2332 2334 2382
2285 2333 2335 2383
2286 2334 2336
2287 2335 2337 2385
2288 2336 2338 2386
2289 2339 2387
2290 2338 2340 2388
2291 2339 2341 2389
2292 2340 2342 2390
2293 2341 2343 2391
2342 2344
2295 2343 2345 2393
2296 2344 2346
2297 2345 2347 2395
2346 2348 2396
2299 2347 2397
2348 2350 2398
2301 2349 2351 2399
2350 2352
2303 2351 2401
2304 2354
2305 2355
2306 2354 2356
2307 2357
2308 2356 2358
2309 2357 2359
2310 2358 2360
2311 2359 2361
2312 2360 2362
2313
2314 2362 2364
2315 2363 2365
2316 2364 2366
2317 2367
2318 2366 2368
2319 2367 2369
2368 2370
2321 2369 2371
2322 2370 2372
2323 2371 2373
2372 2374
2325 2373
2326 2374 2376
2327 2375 2377
2328 2376 2378
2329 2377 2379
2330 2378 2380
2331 2379 2381
2332 2380 2382
2333 2381 2383
2334 2382 2384
2335 2383 2385
2336 2384 2386
2337 2385
2338 2386 2388
2339 2387 2389
2340 2388 2390
2341 2389 2391
2342 2390 2392
2343 2393
2344 2392 2394
2345 2393 2395
2346 2394 2396
2347 2397
2348 2396 2398
2349 2397 2399
2350 2398 2400
2351 2399
2352 2400
