2601 8668 0
2
1 53
2 4 54
3 5 55
4 6 56
5 57
6 8
7 9 59
8 10 60
9 61
10 12
11 13 63
12 14
65
14 16 66
15 17 67
16 18 68
69
18 20 70
19 71
20 22 72
21 23 73
22 24 74
23 25 75
24 26 76
25 27 77
26 28 78
27 79
28 30 80
29 31 81
30 32
31 33 83
32 34 84
33 85
34 36 86
87
36 38 88
39 89
38 40
39 41 91
40 42 92
41 43 93
42 44 94
43 95
44 46 96
45 47 97
46 48 98
47 99
48 50 100
51 101
50 102
1 53 103
52 54 104
3 53 55 105
54 56
5 55 57 107
6 56 58
7 57 59 109
8 58 60
9 61 111
10 60 62
11 61 113
12 62 64 114
13 63 65 115
14 64 66
15 65 67 117
16 66 68 118
17 67 69 119
18 68 70 120
19 69 71 121
70 72
21 123
22 72 74 124
23 73 125
74 76
25 75 77 127
76 78 128
27 77 79 129
28 78 80 130
29 79 131
80 82 132
31 81 133
82 84 134
33 83 135
34 84 86
35 87 137
36 86 88
37 87 89 139
38 88 90
39 89 141
90 92 142
41 91 93 143
92 94 144
43 93 95 145
44 94 96
45 95 147
46 96 98 148
47 97 149
98 100 150
49 101 151
100 102
51 101 153
104
53 103 105 155
54 104 106 156
55 107 157
106 108
57 107 109 159
108 110 160
59 109 161
110 112 162
61 111 113 163
112 114 164
63 115 165
64 114 116 166
65 115 117 167
66 116 118 168
67 117 119 169
118 120 170
69 121 171
70 120 122
71 121 173
72 122 124 174
73 125 175
124 126 176
75 125 127 177
76 126 128 178
77 179
78 128 130
79 129 131 181
80 130 132 182
81 131 183
82 132 134
83 135 185
84 134 136
85 135 137 187
86 136 138 188
87 189
88 138 140 190
89 139 191
90 140 142 192
91 141 143 193
92 142 144 194
93 143 145 195
94 144 146
95 145 147 197
96 146 148
97 147 149 199
98 148 150 200
99 149 151 201
100 150 152 202
101 153 203
102 152
103 205
104 154 156 206
105 155 157 207
106 156 158 208
107 157 159 209
158 160 210
109 159 161 211
110 160 162 212
111 161 163 213
112 162 164
113 165 215
114 164 166 216
115 165 217
116 166 168
117 167 169 219
118 168 170
119 171 221
170 172 222
121 171 173 223
122 172 174 224
123 173 175 225
124 174 176 226
125 227
126 176 178 228
127 179 229
128 178 180
129 179 181 231
130 180 182 232
131 181 183 233
132 182 184 234
133 235
184 186 236
135 185 187 237
136 186 188
137 187 189 239
138 188 190 240
139 189 241
140 190 192
141 191 193 243
142 192 194 244
143 193 245
194 196 246
145 195 197 247
146 196 198
147 249
148 198 200 250
149 199 201 251
150 200 202
151 201 253
152 202 204 254
153 203 255
206 256
155 205 207 257
206 208 258
157 259
158 208 210 260
159 209 211 261
210 212 262
161 211 213 263
162 212 214
163 213 265
164 214 216 266
165 215 267
216 218 268
167 217 219 269
168 218 220 270
169 219 221 271
170 220 222 272
171 221 273
222 224 274
173 223 225 275
174 224 226 276
175 227 277
176 226 228
177 227 229 279
178 228 230 280
179 229 281
230 232 282
181 283
232 234 284
183 233 235 285
234 236
185 235 237 287
236 238
187 237 239 289
188 238 240 290
189 239 241 291
190 240 242
191 243 293
192 242 244 294
193 243 245 295
194 244 246 296
195 245 247 297
196 246 248
197 247 249 299
248 250
199 251 301
250 252
201 251 253 303
202 252 254
203 253 255 305
254
205 257 307
256 258 308
207 257 259 309
258 260 310
209 259 261 311
210 260 262
211 313
212 262 264 314
213 263 265 315
264 266
215 267 317
266 268 318
217 269 319
268 270 320
219 269 271 321
220 270 272 322
221 271 323
272 274 324
223 275 325
274 276
225 275 277 327
226 276 278 328
227 277 329
228 278 280
229 279 281 331
280 282 332
231 281 333
232 282 284 334
233 283 285 335
234 284 286
235 285 287 337
286 288 338
237 287 289 339
238 288 290 340
239 291 341
240 290 292 342
241 291 343
292 294 344
243 293 295 345
294 296 346
245 295 347
296 298
247 349
298 300 350
249 299 301 351
250 300 302 352
251 301 303 353
252 302 304 354
253 303 355
304 306
255 305 357
256 308 358
257 307 359
258 308 310 360
259 311 361
260 310 312 362
261 313 363
262 312 314 364
263 313 365
264 314 316 366
265 315 317 367
266 316 318
267 317 369
268 318 320 370
269 319 371
270 320 322 372
271 321 323 373
272 322 324 374
273 375
274 324 326 376
275 327 377
276 326 328 378
277 379
278 328 330 380
279 329 331 381
280 330 332 382
281 331 333 383
282 332 334 384
283 333 335 385
284 334 336
285 335 387
336 338
287 337 339 389
288 338 340 390
289 339 391
290 340 342
291 341 343 393
292 342 344
293 343 345 395
294 344 346 396
295 345 347 397
296 346 348 398
297 399
298 348 350 400
299 349 351 401
300 350 352 402
301 351 353 403
302 352 354
303 353 355 405
304 354 356
305 355 407
306 356 408
307 359 409
308 358 360 410
309 359 411
310 360 362 412
311 361 363 413
362 364 414
313 363 365 415
364 366 416
315 365 367 417
316 366 368 418
317 367 419
318 368 370
319 369 371 421
320 370 372
321 371 423
322 372 374 424
323 373 425
324 374 376 426
325 375 377 427
326 376 378 428
327 379 429
328 378 380 430
329 381 431
330 380 382
331 381 383 433
332 382 384 434
333 383 435
384 386
335 385 387 437
386 388
337 387 389 439
388 390 440
339 391 441
340 390 392 442
341 391 443
342 392 394 444
343 393 395 445
344 394 396 446
345 395 397 447
346 396 398 448
347 397 399 449
398 400 450
349 451
400 402 452
351 401 403 453
352 402 404
353 403 455
354 404 406 456
355 405 407 457
356 406 408 458
357 459
358 410 460
359 461
360 410 412
361 413 463
362 412 414 464
363 413 465
364 414 416 466
365 415 467
366 416 418
367 417 469
368 418 420 470
369 419 421 471
370 420 422 472
371 421 423 473
422 424 474
373 423 425 475
424 426 476
375 425 427 477
426 428 478
377 427 479
378 428 430
379 429 431 481
380 430 432
381 431 433 483
382 432 434 484
383 435 485
434 436 486
385 435 437 487
436 438 488
387 439 489
388 438 440
389 491
440 442
391 493
392 442 444 494
393 443 445 495
444 446 496
395 445 447 497
396 446 448 498
397 447 449 499
398 448 450 500
399 449 451 501
400 450 452 502
401 451 453 503
402 452 454
403 453 455 505
404 454 456
405 455 457 507
456 458 508
407 457 509
458 510
409 461 511
410 460 462 512
411 461 513
412 462 464 514
413 465 515
464 466
415 465 517
416 466 468 518
417 469 519
418 468 470
419 521
420 470 472 522
421 473 523
472 474 524
423 475 525
424 474 476
425 475 477 527
426 476 478 528
427 479 529
428 478 480 530
429 481 531
430 480 482 532
431 483 533
432 482 484 534
433 485 535
484 486 536
435 485 537
436 486 488
437 489 539
488 490 540
439 489 541
490 492 542
441 491 493 543
442 492 494 544
443 493 495 545
494 496 546
445 547
496 498 548
447 497 499 549
448 498 500 550
449 551
450 500 502
451 553
452 502 504 554
453 505 555
504 506 556
455 505 557
456 506 508 558
457 509 559
508 510 560
459 509 561
460 512
461 511 563
462 512 514 564
463 513 515 565
464 514 516 566
465 515 567
516 518
467 517 569
468 518 520
469 519 521 571
470 520 522 572
471 521 523 573
472 522 524 574
473 525 575
474 524 526 576
475 525 527 577
526 528
477 527 579
478 528 530 580
479 529 531 581
480 530 532 582
481 533 583
482 532 534 584
483 533 585
484 534 536 586
485 537 587
486 536 538
487 537 539 589
488 538 540 590
489 539 541 591
490 540 542 592
491 593
492 542 544 594
493 543 545 595
494 544 546 596
495 545 597
496 546 548 598
497 549 599
548 550
499 551 601
500 550 552
501 551 553 603
552 554
503 553 555 605
504 554 556 606
505 555 557 607
506 556 558 608
507 557 609
508 558 560
509 559 561 611
510 560 612
511 563 613
562 564 614
513 563 615
564 566 616
515 565 567 617
566 568 618
517 567 569 619
568 570 620
519 569 571 621
570 572
521 573 623
522 572 574 624
523 573 575 625
524 574 576
525 575 577 627
526 576 578 628
527 577 629
528 578 580
529 579 581 631
530 580 582
531 581 633
532 582 584 634
533 583 585 635
534 584 586 636
535 585 587 637
536 586 588 638
537 587 589 639
538 588 590
539 589 591 641
540 590 592 642
541 591 643
542 592 594
543 593 595 645
594 596 646
545 595 597 647
546 596 598 648
547 597 649
548 598 600 650
549 599 651
550 600 602 652
551 601 603 653
552 602 604 654
553 603 605 655
554 604 606 656
555 607 657
556 606 608
557 607 609 659
608 610 660
559 661
560 610 612 662
561 663
614
563 613 615 665
564 614 616
565 615 667
616 618 668
567 619 669
568 618 620 670
569 621 671
570 620 622
571 621 673
572 622 624
573 623 675
574 624 626 676
575 625 677
576 626 628 678
577 627 679
578 628 630
579 631 681
630 632 682
581 633 683
582 632 634 684
583 633 635 685
634 636 686
585 637 687
636 638 688
587 637 689
638 640 690
589 641 691
590 640 642 692
591 641 643 693
592 642 644
593 643 645 695
594 644 646
595 647 697
596 646 648 698
597 649 699
598 648 650
599 701
600 650 652 702
601 653 703
602 652 654 704
603 653 655 705
604 654 656
605 655 657 707
656 658 708
607 659 709
658 660
609 711
610 660 662 712
611 663 713
662 714
613 715
614 664 666
615 665 667 717
666 668 718
617 667 719
618 668 670 720
619 669 671 721
620 670 672 722
621 671 723
622 672 674 724
623 673 725
674 676 726
625 675 727
626 676 678 728
627 679 729
678 680
629 681 731
630 680 682 732
631 681 683 733
632 682 684 734
633 683 735
684 686 736
635 685 687 737
636 686 688
637 689 739
638 688 690 740
639 689 691 741
640 690 692 742
641 691 743
642 692 694 744
643 693 695 745
644 694 696 746
645 695 697 747
646 696 698 748
647 697 699 749
648 698 700 750
649 699 701 751
700 702
651 703 753
702 704 754
653 703 755
654 704 706 756
655 705 707 757
656 706 708 758
657 707 709 759
708 710 760
659 709 711 761
660 710 712 762
661 711 763
662 712 714 764
663 713 765
664 716 766
665 715 767
666 716 718 768
667 719 769
668 718 720
669 719 721 771
720 722
671 721 723 773
722 724 774
673 723 775
674 724 726 776
675 777
676 726 728 778
677 727 729 779
678 728 730 780
679 729 781
680 730 732
681 733 783
732 734 784
683 735 785
684 734 736
685 737 787
686 736 738 788
687 737 739 789
688 738 740
689 739 741 791
690 740 742 792
691 741 743 793
742 744 794
693 743 795
744 746
695 797
696 746 748 798
697 799
698 748 750
699 751 801
700 750 752 802
701 751 753 803
752 754 804
703 755 805
754 756 806
705 757 807
706 756 758 808
707 759 809
758 760 810
709 759 761 811
710 760 762 812
711 761 763 813
712 762 764 814
713 763 765 815
714 764 816
715 767 817
766 768
717 819
768 770
719 769 821
720 770 772 822
721 771 773 823
772 774
723 825
724 774 776 826
725 775 777 827
776 778 828
727 777 829
728 778 780 830
729 781 831
730 780 782 832
731 783 833
732 782 784 834
733 783 785 835
734 784 786 836
735 785 787 837
736 786 788 838
737 787 789 839
738 788 790 840
739 789 841
790 792 842
741 791 793 843
742 792 794 844
743 793 845
744 794 796 846
745 795 797 847
746 796 798 848
747 797 849
748 798 800 850
749 799 801 851
750 800 802 852
751 801 803 853
752 802 804
753 803 805 855
754 804 806 856
755 805 807 857
806 808
757 807 859
758 808 810 860
759 811 861
810 812 862
761 811 863
812 814 864
763 813 815 865
814 816 866
765 867
766 818 868
767 817 819 869
818 820 870
769 819 821 871
820 822
771 821 823 873
772 822 824 874
773 825 875
824 826 876
775 825 877
776 826 828 878
777 827 879
778 828 830 880
779 829 831 881
780 830 832
781 883
782 832 834 884
783 835 885
784 834 836
785 887
786 836 838 888
787 837 889
788 838 840 890
789 841 891
790 840 842 892
791 841 843 893
842 844
793 843 845 895
794 844 846 896
795 847 897
796 846 848 898
797 899
798 848 850 900
799 851 901
800 850 852
801 851 853 903
802 852 854 904
803 853 855 905
854 856 906
805 855 857 907
806 856 858 908
807 857 859 909
808 858 860 910
809 859 911
860 862 912
811 861 863 913
862 864
813 863 865 915
814 864 866 916
815 865 917
866 918
817 869 919
818 868 870 920
819 871 921
820 870 872
821 871 873 923
872 874 924
823 873 875 925
824 874 876 926
825 875 927
876 878 928
827 877 879 929
828 878 880 930
829 879 881 931
830 880 882 932
831 881 883 933
882 884 934
833 883 935
884 886
835 885 937
836 886 888 938
837 887 889 939
838 888 890 940
839 941
840 890 892
841 891 943
842 892 894
843 895 945
844 894 896 946
845 897 947
846 896 898 948
847 897 899 949
848 898 900
849 899 901 951
850 900 902
851 901 903 953
852 902 904
853 905 955
854 904 906 956
855 905 907 957
856 906 908 958
857 909 959
858 908 910 960
859 909 911 961
860 910 912 962
861 911 963
862 912 914 964
863 965
864 914 916 966
865 915 917 967
916 918
867 917 969
920
869 919 921 971
920 922 972
871 923 973
872 922 924
873 975
874 924 926 976
875 927 977
876 926 928 978
877 927 929 979
878 928 930 980
879 981
880 930 932 982
881 931 933 983
882 932 934
883 935 985
884 934 936 986
885 987
886 936 938
887 937 939 989
938 940 990
889 939 941 991
890 940 942 992
891 993
892 942 944 994
893 943 945 995
944 946 996
895 945 947 997
896 946 948 998
897 999
898 948 950 1000
899 951 1001
900 950 952 1002
901 951 953 1003
952 954 1004
903 953 955 1005
954 956 1006
905 1007
956 958 1008
907 957 959 1009
908 958 960
909 959 1011
910 960 962 1012
911 961 963 1013
912 962 964 1014
913 963 1015
964 966
915 965 1017
916 966 968
917 967 1019
918 968 1020
919 1021
920 970 972 1022
921 971 973 1023
922 972 974 1024
923 973 975 1025
924 974 976
925 975 977 1027
926 976 978 1028
927 977 979 1029
978 980 1030
929 979 981 1031
930 980 982 1032
931 983 1033
982 984 1034
933 983 1035
934 984 986 1036
935 985 987 1037
986 988 1038
937 987 1039
938 988 990 1040
939 989 1041
940 990 992 1042
941 991 993 1043
942 992 994 1044
943 995 1045
944 994 996 1046
945 1047
946 996 998 1048
947 997 999 1049
998 1000 1050
949 1001 1051
950 1000 1002 1052
951 1003 1053
952 1002 1004 1054
953 1003 1005 1055
954 1004 1006
955 1005 1007 1057
1006 1008 1058
957 1007 1009 1059
1008 1010 1060
959 1009 1061
1010 1012 1062
961 1011 1013 1063
962 1012 1014 1064
963 1015 1065
964 1014 1016 1066
965 1015 1067
966 1016 1018 1068
967 1069
968 1018 1020 1070
969 1019 1071
1022
971 1021 1023 1073
972 1022 1024
973 1023 1025 1075
974 1024 1026 1076
975 1025 1027 1077
976 1026 1028
977 1029 1079
978 1028 1030 1080
979 1029 1081
1030 1032 1082
981 1031 1083
982 1032 1034 1084
983 1035 1085
984 1034 1036
985 1035 1087
1036 1038 1088
987 1039 1089
988 1038 1040
989 1039 1041 1091
990 1040 1042 1092
991 1041 1093
1042 1044
993 1043 1095
994 1044 1046 1096
995 1045 1097
1046 1048 1098
997 1049 1099
998 1048 1050 1100
999 1049 1051 1101
1000 1050 1052 1102
1001 1053 1103
1052 1054 1104
1003 1053 1055 1105
1004 1054 1056
1005 1055 1107
1006 1056 1058 1108
1007 1057 1109
1008 1058 1060
1009 1059 1111
1010 1060 1062 1112
1011 1061 1063 1113
1012 1062 1064 1114
1013 1063 1065 1115
1014 1064 1066
1015 1065 1117
1016 1066 1068 1118
1017 1067 1069 1119
1018 1068 1070 1120
1019 1069 1071 1121
1020 1070 1122
1021 1123
1022 1072 1074
1023 1073 1075 1125
1074 1076
1025 1075 1077 1127
1026 1076 1078 1128
1027 1129
1028 1078 1080 1130
1029 1079 1131
1030 1080 1082
1031 1083 1133
1082 1084 1134
1033 1083 1135
1034 1084 1086 1136
1035 1085 1087 1137
1036 1086 1088 1138
1037 1087 1139
1088 1090 1140
1039 1089 1091 1141
1040 1090 1092
1041 1091 1093 1143
1092 1094
1043 1145
1044 1094 1096 1146
1045 1095 1147
1096 1098
1047 1097 1149
1098 1100
1049 1099 1101 1151
1050 1100 1102
1051 1101 1153
1052 1102 1104
1053 1105 1155
1054 1104 1106
1055 1105 1157
1106 1108 1158
1057 1109 1159
1058 1108 1110 1160
1059 1109 1111 1161
1060 1110 1112
1061 1111 1113 1163
1062 1112 1114 1164
1063 1113 1165
1064 1114 1116 1166
1065 1115 1117 1167
1066 1116 1118 1168
1067 1169
1068 1118 1120 1170
1069 1119 1171
1070 1120 1122 1172
1071 1173
1124
1073 1123 1125 1175
1074 1124 1126 1176
1075 1125 1177
1126 1128
1077 1127 1179
1078 1128 1130
1079 1129 1131 1181
1080 1130 1132
1081 1131 1183
1082 1132 1134 1184
1083 1185
1134 1136 1186
1085 1135 1187
1086 1136 1138 1188
1087 1137 1189
1088 1138 1140 1190
1089 1139 1141 1191
1140 1142 1192
1091 1141 1143 1193
1092 1142 1144 1194
1093 1143 1145 1195
1094 1144 1146 1196
1095 1145 1147 1197
1096 1146 1148
1097 1199
1098 1148 1150 1200
1099 1149 1151 1201
1100 1150 1152
1101 1151 1153 1203
1102 1152 1154 1204
1103 1153 1155 1205
1104 1154 1156 1206
1105 1155 1157 1207
1106 1156 1158 1208
1107 1157 1159 1209
1108 1158 1160 1210
1109 1159 1161 1211
1110 1160 1162 1212
1111 1161 1163 1213
1162 1164
1113 1163 1215
1164 1166
1115 1167 1217
1116 1166 1168
1117 1219
1168 1170 1220
1119 1169 1221
1170 1172
1121 1171 1173 1223
1122 1172 1224
1123 1175 1225
1174 1176
1125 1175 1177 1227
1126 1176 1178 1228
1127 1177 1229
1128 1178 1180
1129 1179 1181 1231
1130 1180 1182
1131 1183 1233
1182 1184 1234
1133 1183 1185 1235
1184 1186 1236
1135 1187 1237
1186 1188 1238
1137 1187 1239
1138 1188 1190 1240
1139 1189 1191 1241
1190 1192 1242
1141 1243
1142 1192 1194
1143 1193 1195 1245
1144 1194 1196 1246
1145 1197 1247
1196 1198
1147 1197 1199 1249
1148 1198 1200 1250
1149 1199 1251
1150 1200 1202 1252
1151 1201 1203 1253
1202 1204
1153 1203 1205 1255
1154 1204 1206 1256
1155 1205 1207 1257
1156 1206 1208 1258
1157 1207 1209 1259
1158 1208 1210 1260
1159 1209 1211 1261
1210 1212 1262
1161 1211 1213 1263
1162 1212 1214 1264
1163 1213 1215 1265
1164 1214 1216 1266
1165 1215 1267
1166 1216 1218 1268
1167 1217 1219 1269
1168 1218 1220 1270
1169 1219 1221 1271
1170 1220 1222
1171 1221 1223 1273
1222 1224 1274
1173 1223 1275
1226 1276
1175 1227 1277
1226 1228 1278
1177 1229 1279
1228 1230 1280
1179 1281
1230 1232
1181 1231 1233 1283
1182 1232 1234
1183 1233 1235 1285
1234 1236
1185 1235 1237 1287
1186 1236 1238 1288
1187 1237 1239 1289
1188 1238 1240 1290
1189 1239 1241 1291
1190 1240 1242 1292
1191 1243 1293
1242 1244
1193 1243 1245 1295
1244 1246 1296
1195 1245 1247 1297
1246 1248 1298
1197 1247 1249 1299
1198 1248 1250 1300
1199 1249 1251 1301
1250 1252 1302
1201 1251 1253 1303
1202 1252 1254 1304
1203 1253 1255 1305
1204 1254 1256
1205 1257 1307
1206 1256 1258 1308
1207 1259 1309
1258 1260 1310
1209 1259 1261 1311
1210 1260 1262 1312
1211 1263 1313
1212 1262 1264 1314
1213 1263 1315
1264 1266
1215 1267 1317
1266 1268 1318
1217 1267 1269 1319
1218 1268 1270
1219 1271 1321
1220 1270 1272
1221 1323
1222 1272 1274
1223 1275 1325
1224 1274 1326
1225 1277 1327
1276 1278
1227 1277 1329
1228 1278 1280 1330
1229 1281 1331
1230 1280 1282 1332
1231 1281 1333
1232 1282 1284 1334
1233 1285 1335
1284 1286 1336
1235 1285 1337
1286 1288 1338
1237 1287 1339
1238 1288 1290 1340
1239 1291 1341
1290 1292 1342
1241 1291 1343
1242 1292 1294 1344
1243 1295 1345
1294 1296 1346
1245 1295 1297 1347
1296 1298
1247 1349
1248 1298 1300
1249 1299 1351
1250 1300 1302 1352
1251 1353
1302 1304 1354
1253 1303 1305 1355
1304 1306 1356
1255 1357
1256 1306 1308 1358
1257 1307 1359
1308 1310 1360
1259 1309 1311 1361
1260 1310 1312 1362
1261 1313 1363
1312 1314 1364
1263 1315 1365
1314 1316 1366
1265 1315 1367
1266 1316 1318 1368
1267 1319 1369
1318 1320 1370
1269 1319 1321 1371
1270 1320 1322
1271 1321 1373
1272 1322 1324 1374
1273 1323 1325 1375
1324 1326 1376
1275 1325 1377
1276 1328 1378
1277 1327 1329 1379
1278 1328 1330 1380
1279 1329 1331 1381
1330 1332 1382
1281 1331 1333 1383
1332 1334 1384
1283 1333 1385
1284 1334 1336
1285 1335 1387
1336 1338 1388
1287 1337 1389
1338 1340 1390
1289 1391
1340 1342 1392
1291 1341 1393
1292 1342 1344 1394
1293 1343 1395
1294 1344 1346 1396
1295 1347 1397
1346 1348
1297 1347 1349 1399
1298 1348 1350 1400
1299 1349 1351 1401
1300 1350 1352 1402
1301 1351 1403
1302 1352 1354 1404
1303 1353 1355 1405
1304 1354 1356 1406
1305 1355 1407
1356 1358 1408
1307 1357 1409
1358 1360 1410
1309 1359 1411
1310 1360 1362 1412
1311 1361 1363 1413
1312 1362 1364 1414
1313 1363 1365 1415
1364 1366 1416
1315 1367 1417
1366 1368
1317 1367 1369 1419
1318 1368 1370
1319 1369 1421
1370 1372 1422
1321 1371 1373 1423
1372 1374
1323 1373 1375 1425
1374 1376 1426
1325 1377 1427
1376 1428
1327 1429
1328 1378 1380 1430
1329 1379 1431
1330 1380 1382 1432
1331 1381 1383 1433
1332 1382 1384
1333 1385 1435
1384 1386 1436
1335 1385 1387 1437
1336 1386 1388 1438
1337 1387 1439
1338 1388 1390 1440
1339 1391 1441
1340 1390 1392 1442
1341 1391 1393 1443
1392 1394 1444
1343 1393 1445
1344 1394 1396 1446
1345 1395 1397 1447
1346 1396 1398 1448
1347 1449
1398 1400
1349 1399 1451
1400 1402
1351 1401 1403 1453
1352 1402 1404 1454
1353 1405 1455
1354 1404 1406
1355 1405 1407 1457
1356 1406 1408 1458
1357 1407 1409 1459
1358 1408 1410 1460
1359 1461
1360 1410 1412
1361 1411 1413 1463
1362 1412 1414 1464
1363 1413 1415 1465
1364 1414 1416 1466
1365 1417 1467
1366 1416 1418
1367 1469
1368 1418 1420 1470
1369 1419 1471
1370 1420 1422 1472
1371 1423 1473
1372 1422 1424 1474
1373 1475
1374 1424 1426 1476
1375 1425 1427 1477
1426 1428
1377 1427 1479
1378 1430
1379 1429 1481
1380 1430 1432 1482
1381 1431 1433 1483
1382 1432 1434
1383 1433 1485
1384 1434 1436 1486
1385 1435 1487
1436 1438 1488
1387 1437 1439 1489
1438 1440 1490
1389 1439 1441 1491
1390 1440 1442 1492
1391 1443 1493
1392 1442 1444 1494
1393 1443 1445 1495
1444 1446 1496
1395 1445 1447 1497
1396 1446 1448 1498
1397 1447 1449 1499
1398 1448 1450
1399 1449 1501
1400 1450 1452
1401 1453 1503
1402 1452 1454 1504
1403 1453 1455 1505
1404 1454 1456 1506
1405 1455 1457 1507
1406 1456 1458 1508
1407 1457 1509
1408 1458 1460 1510
1409 1459 1461 1511
1410 1460 1462 1512
1411 1463 1513
1412 1462 1464 1514
1413 1463 1465 1515
1414 1464 1466 1516
1415 1465 1517
1416 1466 1468 1518
1417 1467 1469 1519
1418 1468 1470 1520
1419 1469 1521
1470 1472 1522
1421 1471 1473 1523
1422 1472 1474 1524
1423 1525
1424 1474 1476 1526
1425 1527
1426 1476 1478
1427 1479 1529
1428 1478 1530
1429 1481 1531
1430 1480 1482 1532
1431 1483 1533
1482 1484
1433 1483 1485 1535
1434 1484 1486
1435 1485 1487 1537
1436 1486 1488 1538
1437 1487 1489 1539
1438 1488 1490
1439 1489 1491 1541
1440 1490 1492
1441 1543
1442 1492 1494 1544
1443 1495 1545
1444 1494 1496
1445 1547
1446 1496 1498 1548
1447 1497 1499 1549
1448 1498 1500 1550
1449 1499 1501 1551
1500 1502 1552
1451 1501 1503 1553
1452 1502 1504
1453 1505 1555
1504 1506 1556
1455 1505 1507 1557
1456 1506 1508 1558
1457 1559
1458 1508 1510 1560
1459 1509 1511 1561
1460 1510 1512 1562
1461 1511 1563
1462 1512 1514 1564
1463 1513 1565
1464 1514 1516 1566
1465 1515 1517 1567
1466 1516 1518 1568
1467 1517 1519 1569
1518 1520 1570
1469 1519 1521 1571
1470 1520 1522 1572
1471 1521 1523 1573
1472 1522 1524 1574
1473 1575
1474 1524 1526 1576
1475 1525 1527 1577
1476 1526 1528 1578
1477 1579
1478 1528 1530 1580
1479 1529 1581
1480 1532
1481 1533 1583
1532 1534 1584
1483 1533 1585
1534 1536
1485 1535 1537 1587
1486 1536 1538 1588
1487 1589
1538 1540 1590
1489 1539 1541 1591
1540 1542 1592
1491 1541 1543 1593
1492 1542 1544 1594
1493 1543 1545 1595
1544 1546
1495 1545 1547 1597
1496 1546 1548 1598
1497 1547 1549 1599
1498 1548 1550
1499 1549 1601
1500 1550 1552 1602
1501 1553 1603
1502 1552 1554 1604
1503 1553 1555 1605
1504 1554 1556 1606
1505 1555 1607
1556 1558
1507 1557 1559 1609
1508 1558 1560
1509 1561 1611
1510 1560 1562 1612
1511 1561 1563 1613
1512 1562 1564 1614
1513 1563 1565 1615
1564 1566 1616
1515 1565 1567 1617
1516 1566 1568
1517 1619
1568 1570 1620
1519 1569 1571 1621
1520 1570 1572 1622
1521 1573 1623
1572 1574 1624
1523 1625
1524 1574 1576 1626
1525 1627
1526 1576 1578 1628
1527 1579 1629
1528 1578 1580 1630
1529 1579 1581 1631
1530 1580
1531 1633
1532 1582 1584
1533 1583 1635
1584 1586
1535 1585 1587 1637
1536 1586 1588 1638
1537 1587 1589 1639
1588 1590 1640
1539 1591 1641
1590 1592 1642
1541 1591 1643
1542 1592 1594 1644
1543 1593 1595 1645
1544 1594 1596
1545 1595 1597 1647
1546 1596 1598 1648
1547 1597 1599 1649
1548 1598 1600 1650
1549 1601 1651
1550 1600 1602 1652
1551 1601 1653
1602 1604 1654
1553 1603 1655
1554 1604 1606
1555 1605 1657
1556 1606 1608 1658
1557 1607 1659
1558 1608 1610 1660
1559 1661
1610 1612 1662
1561 1663
1612 1614 1664
1563 1613 1615 1665
1564 1614 1616 1666
1565 1617 1667
1566 1616 1618
1567 1669
1568 1618 1620
1569 1619 1621 1671
1570 1620 1622
1571 1621 1673
1572 1622 1624
1573 1623 1675
1574 1624 1626 1676
1575 1625 1627 1677
1626 1628 1678
1577 1627 1629 1679
1628 1630
1579 1681
1630 1632 1682
1581 1683
1582 1634 1684
1583 1685
1584 1634 1636
1585 1635 1637 1687
1636 1638 1688
1587 1689
1588 1638 1640 1690
1589 1639 1641 1691
1590 1640 1642 1692
1591 1641 1643 1693
1592 1642 1644 1694
1593 1643 1645 1695
1644 1646
1595 1645 1697
1596 1646 1648 1698
1597 1647 1699
1598 1648 1650 1700
1599 1649 1651 1701
1600 1650 1652 1702
1601 1651 1653 1703
1602 1652 1654 1704
1603 1653 1655 1705
1604 1654 1656 1706
1605 1657 1707
1606 1656 1658 1708
1607 1659 1709
1608 1658 1660 1710
1609 1711
1660 1662 1712
1611 1661 1663 1713
1662 1664 1714
1613 1715
1614 1664 1666 1716
1615 1717
1616 1666 1668 1718
1617 1667 1669 1719
1618 1668 1670 1720
1619 1669 1671 1721
1670 1672
1621 1671 1673 1723
1622 1672 1674 1724
1623 1673 1675 1725
1624 1674 1676 1726
1625 1675 1677 1727
1676 1678
1627 1677 1679 1729
1678 1680
1629 1679 1681 1731
1630 1680 1682 1732
1631 1681 1733
1632 1682
1633 1685 1735
1634 1684 1686 1736
1635 1737
1686 1688
1637 1689 1739
1638 1688 1690 1740
1639 1741
1640 1690 1692 1742
1641 1743
1642 1692 1694 1744
1643 1693 1695 1745
1644 1694 1696 1746
1645 1695 1697 1747
1646 1696 1698 1748
1647 1699 1749
1698 1700 1750
1649 1701 1751
1700 1702 1752
1651 1701 1703 1753
1652 1702 1704
1653 1703 1705 1755
1654 1704 1706 1756
1655 1705 1707 1757
1656 1706 1708 1758
1657 1707 1709 1759
1708 1710
1659 1709 1761
1660 1710 1712 1762
1661 1711 1713 1763
1712 1714 1764
1663 1715 1765
1664 1714 1716
1665 1715 1717 1767
1666 1716 1718 1768
1667 1717 1719 1769
1718 1720
1669 1719 1721 1771
1670 1720 1722
1671 1723 1773
1672 1722 1724 1774
1673 1775
1674 1724 1726 1776
1675 1727 1777
1676 1726 1728 1778
1677 1727 1779
1678 1728 1730 1780
1679 1729 1731 1781
1680 1730 1732 1782
1681 1733 1783
1732 1734
1683 1785
1736
1685 1735 1737 1787
1686 1736 1738 1788
1687 1737 1739 1789
1738 1740 1790
1689 1739 1791
1690 1740 1742
1691 1741 1743 1793
1692 1742 1744
1693 1745 1795
1744 1746 1796
1695 1747 1797
1696 1746 1748 1798
1697 1749 1799
1698 1748 1750 1800
1699 1751 1801
1700 1750 1752 1802
1701 1751 1753 1803
1752 1754 1804
1703 1753 1755 1805
1704 1754 1756 1806
1705 1757 1807
1706 1756 1758 1808
1707 1757 1759 1809
1758 1760 1810
1709 1759 1761 1811
1710 1760 1762 1812
1711 1763 1813
1762 1764
1713 1763 1765 1815
1714 1764 1766 1816
1715 1765 1817
1716 1766 1768
1717 1769 1819
1718 1768 1770 1820
1719 1769 1771 1821
1720 1770 1772 1822
1721 1773 1823
1772 1774
1723 1773 1775 1825
1724 1774 1776 1826
1725 1775 1777 1827
1726 1776 1778 1828
1727 1777 1779 1829
1778 1780 1830
1729 1779 1781 1831
1730 1780 1782 1832
1731 1781 1783 1833
1732 1782 1784 1834
1733 1783 1785 1835
1734 1784
1735 1837
1736 1786 1788
1737 1787 1789 1839
1738 1788 1790 1840
1739 1789 1841
1790 1792
1741 1791 1793 1843
1742 1792 1794 1844
1743 1793 1795 1845
1794 1796
1745 1795 1797 1847
1746 1796 1798
1747 1797 1799 1849
1798 1800 1850
1749 1799 1801 1851
1750 1800 1802 1852
1751 1803 1853
1752 1802 1804
1753 1805 1855
1754 1804 1806
1755 1805 1857
1756 1806 1808 1858
1757 1809 1859
1758 1808 1810 1860
1759 1809 1811 1861
1760 1810 1812 1862
1761 1813 1863
1812 1814 1864
1763 1813 1865
1764 1814 1816 1866
1765 1815 1817 1867
1766 1816 1818 1868
1767 1819 1869
1768 1818 1820 1870
1769 1819 1821 1871
1770 1820 1822 1872
1771 1821 1823 1873
1822 1824 1874
1773 1825 1875
1774 1824 1826 1876
1775 1825 1877
1776 1826 1828
1777 1827 1829 1879
1778 1828 1830 1880
1779 1829 1831 1881
1830 1832
1781 1831 1833 1883
1832 1834 1884
1783 1835 1885
1784 1834 1836 1886
1785 1835 1887
1786 1838 1888
1787 1889
1788 1838 1840
1789 1839 1891
1790 1840 1842
1791 1841 1843 1893
1842 1844
1793 1843 1845 1895
1844 1846 1896
1795 1845 1847 1897
1796 1846 1848 1898
1797 1847 1849 1899
1798 1848 1850 1900
1799 1849 1851 1901
1800 1850 1852 1902
1801 1851 1853 1903
1802 1852 1854 1904
1803 1855 1905
1804 1854 1856
1805 1855 1857 1907
1856 1858 1908
1807 1857 1859 1909
1808 1858 1860
1809 1859 1861 1911
1810 1860 1862
1811 1861 1913
1862 1864 1914
1813 1863 1915
1814 1864 1866
1815 1865 1867 1917
1816 1866 1868
1817 1867 1869 1919
1868 1870 1920
1819 1869 1871 1921
1820 1870 1872 1922
1821 1871 1873 1923
1822 1872 1874
1823 1873 1925
1824 1874 1876
1825 1875 1877 1927
1826 1876 1878 1928
1827 1877 1879 1929
1878 1880
1829 1879 1881 1931
1830 1880 1882 1932
1831 1881 1883 1933
1882 1884 1934
1833 1883 1885 1935
1834 1884 1886 1936
1835 1885 1887 1937
1886 1938
1837 1889 1939
1838 1888 1890 1940
1839 1891 1941
1840 1890 1892 1942
1841 1891 1943
1892 1894 1944
1843 1895 1945
1894 1896 1946
1845 1895 1947
1896 1898
1847 1899 1949
1848 1898 1900
1849 1899 1951
1850 1900 1902 1952
1851 1901 1903 1953
1902 1904
1853 1903 1905 1955
1854 1904 1906
1855 1957
1856 1906 1908
1857 1959
1858 1908 1910 1960
1859 1909 1911 1961
1860 1910 1912
1861 1911 1913 1963
1862 1912 1914
1863 1913 1915 1965
1914 1916 1966
1865 1915 1917 1967
1916 1918 1968
1867 1917 1969
1868 1918 1920
1869 1919 1921 1971
1870 1920 1922
1871 1921 1923 1973
1872 1922 1924 1974
1873 1923 1925 1975
1874 1924 1926
1875 1925 1977
1876 1926 1928 1978
1877 1927 1929 1979
1878 1928 1930 1980
1879 1929 1931 1981
1880 1930 1932 1982
1881 1931 1933 1983
1932 1934
1883 1933 1935 1985
1934 1936 1986
1885 1935 1987
1936 1938
1887 1989
1940
1889 1939 1991
1940 1942 1992
1891 1941 1943 1993
1892 1942 1944
1893 1943 1995
1894 1944 1946
1895 1945 1947 1997
1896 1946 1948 1998
1897 1947 1949 1999
1948 1950
1899 1949 1951 2001
1900 1950 1952
1901 1951 1953 2003
1902 1952 1954
1903 1953 1955 2005
1904 1954 1956
1905 1955 1957 2007
1956 1958
1907 1959 2009
1908 1958 1960 2010
1909 1961 2011
1910 1960 1962
1911 1961 2013
1912 1962 1964 2014
1913 1963 1965 2015
1914 1964 1966
1915 1965 2017
1966 1968
1917 2019
1918 1968 1970 2020
1919 2021
1920 1970 1972 2022
1921 1973 2023
1972 1974 2024
1923 1973 1975 2025
1974 1976 2026
1925 1975 1977 2027
1976 1978
1927 2029
1928 1978 1980 2030
1929 1979 1981 2031
1930 1980 1982 2032
1931 1981 1983 2033
1932 1982 1984 2034
1933 2035
1934 1984 1986 2036
1935 1985 1987 2037
1936 1986 1988
1937 1987 1989 2039
1988 2040
1939 1991 2041
1940 1990 1992 2042
1941 1991 1993 2043
1942 1992 1994 2044
1943 1993 1995 2045
1944 1994 1996
1945 1995 1997 2047
1946 1996 1998 2048
1947 1997 2049
1948 1998 2000 2050
1949 1999 2051
1950 2000 2002 2052
1951 2001 2003 2053
2002 2004
1953 2005 2055
1954 2004 2006
1955 2005 2007 2057
1956 2006 2008
1957 2007 2009 2059
1958 2008 2010 2060
1959 2009 2061
2010 2012
1961 2013 2063
2012 2014
1963 2013 2015 2065
1964 2014 2016
1965 2015 2017 2067
1966 2016 2018 2068
1967 2017 2019 2069
1968 2018 2020 2070
1969 2019 2071
1970 2020 2022
1971 2021 2023 2073
1972 2022 2024 2074
1973 2025 2075
1974 2024 2026
1975 2025 2077
2026 2028 2078
1977 2027 2029 2079
1978 2028 2030
1979 2029 2031 2081
1980 2030 2032 2082
1981 2031 2033 2083
1982 2032 2034 2084
1983 2033 2085
2034 2036
1985 2035 2037 2087
1986 2036 2038 2088
1987 2037 2039 2089
1988 2038 2040 2090
1989 2039 2091
1990 2042 2092
1991 2043 2093
1992 2042 2044
1993 2043 2095
1994 2044 2046 2096
1995 2045 2047 2097
1996 2046 2048 2098
1997 2047 2049 2099
1998 2048 2050 2100
1999 2049 2051 2101
2000 2050 2052
2001 2051 2053 2103
2002 2052 2054 2104
2003 2053 2055 2105
2004 2054 2056 2106
2005 2107
2006 2056 2058 2108
2007 2057 2109
2008 2058 2060
2009 2059 2061 2111
2010 2060 2062 2112
2011 2061 2063 2113
2062 2064 2114
2013 2063 2115
2014 2064 2066 2116
2015 2067 2117
2016 2066 2068 2118
2017 2067 2069 2119
2018 2068 2070 2120
2019 2069 2071 2121
2020 2070 2072 2122
2021 2073 2123
2022 2072 2074 2124
2023 2073 2125
2024 2074 2076 2126
2025 2075 2077 2127
2026 2076 2078 2128
2027 2077 2079 2129
2078 2080 2130
2029 2079 2081 2131
2030 2080 2082 2132
2031 2081 2083 2133
2032 2082 2084 2134
2033 2083 2085 2135
2034 2084 2086
2035 2085 2087 2137
2036 2086 2088 2138
2037 2089 2139
2088 2090
2039 2089 2141
2040 2090 2142
2041 2093 2143
2092 2094 2144
2043 2093 2145
2044 2094 2096 2146
2045 2097 2147
2046 2096 2098 2148
2047 2097 2149
2048 2098 2100 2150
2049 2099 2101 2151
2050 2100 2102 2152
2051 2101 2103 2153
2052 2102 2104
2053 2103 2155
2054 2104 2106 2156
2055 2107 2157
2056 2106 2108 2158
2057 2159
2058 2108 2110
2059 2109 2111 2161
2060 2110 2112 2162
2061 2163
2112 2114 2164
2063 2113 2165
2064 2114 2116 2166
2065 2115 2117 2167
2066 2116 2118
2067 2117 2169
2068 2118 2120 2170
2069 2121 2171
2070 2120 2122 2172
2071 2121 2123 2173
2072 2122 2124 2174
2073 2123 2125 2175
2074 2124 2126 2176
2075 2125 2177
2076 2126 2128 2178
2077 2127 2129 2179
2128 2130
2079 2129 2131 2181
2080 2130 2132 2182
2081 2131 2183
2082 2132 2134 2184
2083 2185
2084 2134 2136 2186
2085 2135 2137 2187
2086 2136 2138 2188
2087 2139 2189
2088 2138 2140 2190
2089 2139 2141 2191
2090 2140 2142 2192
2091 2141 2193
2092 2144 2194
2093 2195
2094 2144 2146 2196
2095 2145 2147 2197
2096 2146 2148 2198
2097 2149 2199
2098 2148 2150 2200
2099 2149 2151 2201
2150 2152 2202
2101 2151 2203
2102 2152 2154 2204
2103 2153 2155 2205
2154 2156 2206
2105 2155 2157 2207
2156 2158 2208
2107 2157 2159 2209
2108 2158 2160 2210
2109 2159 2161 2211
2110 2160 2162 2212
2111 2161 2213
2112 2162 2164 2214
2113 2163 2215
2114 2164 2166
2115 2165 2217
2116 2166 2168 2218
2117 2167 2219
2168 2170
2119 2169 2171 2221
2120 2170 2172 2222
2121 2173 2223
2122 2172 2174
2123 2173 2175 2225
2124 2174 2176
2125 2227
2126 2176 2178 2228
2127 2177 2229
2128 2178 2180 2230
2129 2179 2231
2130 2180 2182 2232
2131 2181 2183 2233
2132 2182 2184
2133 2183 2235
2134 2184 2186 2236
2135 2185 2187 2237
2186 2188
2137 2189 2239
2138 2188 2190
2139 2241
2190 2192 2242
2141 2191 2243
2192
2143 2245
2194 2196
2145 2197 2247
2146 2196 2198
2147 2197 2199 2249
2148 2198 2200
2149 2251
2150 2200 2202
2151 2201 2203 2253
2202 2204 2254
2153 2205 2255
2204 2206
2155 2205 2207 2257
2156 2206 2208 2258
2157 2207 2209 2259
2158 2208 2210 2260
2159 2209 2261
2160 2210 2212 2262
2161 2211 2213 2263
2162 2212 2214 2264
2163 2213 2215 2265
2164 2214 2216 2266
2165 2215 2217 2267
2166 2216 2218 2268
2167 2217 2269
2168 2218 2220 2270
2169 2271
2220 2222
2171 2223 2273
2172 2222 2224 2274
2173 2223 2225 2275
2224 2226 2276
2175 2225 2227 2277
2176 2226 2228
2177 2227 2279
2178 2228 2230
2179 2229 2281
2180 2230 2232
2181 2283
2232 2234 2284
2183 2233 2285
2184 2234 2236
2185 2237 2287
2186 2236 2238 2288
2187 2289
2188 2238 2240 2290
2189 2239 2291
2240 2242 2292
2191 2241 2243 2293
2242 2244 2294
2193 2243 2295
2246 2296
2195 2245 2297
2196 2246 2248 2298
2197 2299
2198 2248 2250 2300
2199 2249 2251 2301
2200 2250 2252 2302
2201 2251 2253 2303
2202 2252 2254 2304
2203 2253 2255 2305
2254 2256 2306
2205 2255 2257 2307
2256 2258 2308
2207 2257 2259 2309
2208 2258 2260
2209 2311
2210 2260 2262
2211 2261 2263 2313
2262 2264 2314
2213 2265 2315
2214 2264 2266 2316
2215 2265 2267 2317
2216 2266 2268 2318
2217 2267 2269 2319
2218 2268 2270
2219 2269 2321
2220 2270 2272 2322
2221 2273 2323
2222 2272 2274 2324
2223 2273 2325
2224 2274 2276 2326
2225 2277 2327
2226 2276 2278 2328
2227 2277 2279 2329
2278 2280 2330
2229 2279 2281 2331
2230 2280 2282 2332
2231 2281 2283 2333
2232 2282 2284 2334
2233 2283 2285 2335
2234 2284 2286
2235 2287 2337
2236 2286 2288
2237 2287 2339
2238 2288 2290
2239 2291 2341
2290 2292 2342
2241 2343
2242 2292 2294 2344
2243 2295 2345
2244 2294
2245 2297 2347
2296 2298
2247 2349
2248 2298 2300 2350
2249 2301 2351
2250 2300 2302 2352
2251 2301 2303 2353
2252 2302 2304
2253 2305 2355
2254 2304 2306 2356
2255 2305 2307 2357
2306 2308 2358
2257 2307 2309 2359
2258 2308 2310
2259 2309 2361
2260 2310 2312 2362
2261 2311 2313 2363
2312 2314 2364
2263 2315 2365
2314 2316
2265 2315 2367
2266 2316 2318
2267 2317 2319 2369
2268 2318 2320 2370
2269 2319 2321 2371
2270 2320 2322 2372
2271 2321 2323 2373
2272 2322 2324 2374
2273 2375
2274 2324 2326 2376
2275 2327 2377
2276 2326 2328 2378
2277 2379
2278 2328 2330 2380
2279 2331 2381
2280 2330 2332 2382
2281 2331 2383
2282 2332 2334
2283 2333 2335 2385
2284 2334 2336 2386
2285 2387
2286 2336 2338
2287 2339 2389
2338 2340 2390
2289 2339 2341 2391
2340 2342 2392
2291 2341 2343 2393
2292 2342 2344 2394
2293 2345 2395
2344 2346 2396
2295 2345 2397
2296 2348 2398
2297 2349 2399
2348 2350 2400
2299 2349 2351 2401
2300 2350 2352 2402
2301 2353 2403
2302 2352 2354 2404
2303 2353 2355 2405
2304 2354 2356
2305 2407
2306 2356 2358
2307 2357 2409
2308 2358 2360 2410
2309 2359 2361 2411
2310 2360 2362 2412
2311 2363 2413
2312 2362 2364
2313 2365 2415
2364 2366 2416
2315 2365 2367 2417
2316 2366 2368 2418
2317 2369 2419
2318 2368 2370
2319 2369 2371 2421
2320 2370 2372 2422
2321 2373 2423
2372 2374 2424
2323 2373 2375 2425
2324 2374 2376 2426
2325 2377 2427
2326 2376 2378
2327 2377 2379 2429
2378 2380 2430
2329 2381 2431
2330 2380 2382
2331 2433
2332 2382 2384 2434
2333 2385 2435
2384 2386 2436
2335 2385 2437
2336 2386 2388
2337 2387 2389 2439
2338 2388 2390 2440
2339 2391 2441
2340 2390 2392 2442
2341 2391 2443
2342 2392 2394
2343 2393 2445
2394 2396 2446
2345 2395 2397 2447
2346 2396 2448
2347 2399 2449
2398 2400 2450
2349 2399 2451
2350 2400 2402 2452
2351 2403 2453
2402 2404
2353 2403 2405 2455
2354 2404 2406 2456
2355 2407 2457
2356 2406 2408 2458
2357 2459
2358 2408 2410
2359 2411 2461
2360 2410 2412
2361 2411 2413 2463
2362 2412 2414 2464
2363 2413 2415 2465
2414 2416 2466
2365 2415 2417 2467
2416 2418
2367 2417 2469
2418 2420
2369 2419 2471
2420 2422 2472
2371 2421 2473
2372 2422 2424 2474
2373 2475
2374 2424 2426 2476
2375 2425 2427 2477
2426 2428 2478
2377 2429 2479
2428 2430
2379 2429 2431 2481
2380 2430 2432
2381 2431 2483
2382 2432 2434
2383 2433 2485
2434 2436 2486
2385 2435 2437 2487
2436 2438 2488
2387 2437 2489
2388 2438 2440
2389 2439 2441 2491
2390 2440 2442 2492
2391 2441 2493
2392 2442 2444 2494
2393 2443 2495
2394 2444 2446 2496
2395 2445 2447 2497
2396 2446 2448 2498
2397 2447 2499
2398 2450 2500
2399 2449 2451 2501
2450 2452 2502
2401 2451 2453 2503
2402 2452 2454
2403 2453 2505
2454 2456 2506
2405 2457 2507
2456 2458
2407 2457 2459 2509
2408 2458 2460
2409 2461 2511
2460 2462 2512
2411 2461 2463 2513
2462 2464 2514
2413 2463 2465 2515
2414 2464 2466 2516
2415 2467 2517
2416 2466 2468 2518
2417 2469 2519
2418 2468 2470 2520
2419 2469 2521
2420 2470 2472 2522
2421 2471 2473 2523
2472 2474 2524
2423 2473 2525
2424 2474 2476 2526
2425 2475 2477 2527
2476 2478 2528
2427 2477 2479 2529
2428 2478 2480 2530
2429 2479 2481 2531
2430 2480 2482 2532
2431 2481 2483 2533
2482 2484
2433 2483 2485 2535
2434 2484 2486 2536
2435 2485 2487 2537
2436 2486 2488
2437 2487 2489 2539
2488 2490
2439 2489 2491 2541
2490 2492 2542
2441 2491 2493 2543
2492 2494
2443 2495 2545
2444 2494 2496 2546
2445 2547
2446 2496 2498 2548
2447 2499 2549
2498 2550
2449 2501 2551
2450 2500 2502 2552
2451 2501 2503 2553
2452 2502 2504 2554
2453 2503 2505 2555
2454 2504 2506
2455 2505 2507 2557
2456 2506 2508 2558
2457 2507 2509 2559
2508 2510 2560
2459 2509 2511 2561
2460 2510 2512
2461 2511 2513 2563
2462 2512 2514 2564
2463 2565
2464 2514 2516 2566
2465 2515 2517 2567
2466 2516 2518
2467 2517 2519 2569
2468 2518 2520 2570
2469 2521 2571
2470 2520 2522 2572
2471 2523 2573
2472 2522 2524 2574
2473 2525 2575
2474 2524 2526 2576
2475 2525 2527 2577
2476 2526 2528
2477 2527 2529 2579
2478 2528 2530 2580
2479 2529 2531 2581
2530 2532
2481 2531 2583
2482 2532 2534 2584
2483 2533 2535 2585
2534 2536 2586
2485 2537 2587
2536 2538
2487 2537 2589
2488 2538 2540
2489 2539 2591
2490 2540 2542 2592
2491 2543 2593
2492 2542 2544 2594
2493 2595
2494 2544 2546
2495 2547 2597
2496 2546 2548
2497 2547 2549 2599
2498 2548 2550 2600
2499 2549 2601
2500 2552
2501 2551 2553
2552 2554
2503
2504 2554 2556
2505 2555
2506 2556 2558
2507 2557
2508 2558 2560
2509 2559 2561
2510 2560 2562
2511
2512 2562 2564
2513 2565
2514 2564 2566
2515 2565 2567
2516 2566 2568
2517 2569
2518 2568 2570
2519 2569 2571
2520 2570 2572
2521 2571 2573
2522 2572 2574
2523 2575
2524 2574 2576
2525 2575 2577
2526 2576 2578
2527 2577 2579
2528 2578 2580
2529 2579 2581
2580 2582
2531 2581 2583
2582 2584
2533 2585
2534 2584 2586
2535 2585 2587
2536 2586 2588
2537 2589
2588 2590
2539 2589 2591
2590 2592
2541 2591 2593
2542 2592 2594
2543 2593 2595
2544 2594 2596
2545 2595 2597
2546 2596 2598
2547 2597
2548 2598 2600
2549 2599
2600
