2809 9696 0
2 54
1 3 55
2 4
3 5 57
4 6
7 59
6 8 60
7 61
8 10
9 11 63
10 12 64
11 13 65
12 14 66
15 67
14 16 68
69
16 18
19 71
18 20 72
19 21 73
20 22
21 23 75
22 24 76
23 77
24 26
25 27 79
26 28
27 29 81
28 30
31 83
30 32 84
33 85
32 34
33 35 87
34 36 88
35 37 89
36 38 90
37 39 91
38 40 92
39 41 93
40 42 94
41 43 95
42 44 96
43 45 97
44 46 98
45 47 99
46 48
47 101
48 50 102
49 51 103
50 52 104
51 105
52 106
1 55 107
2 54 56 108
3 55 57 109
56 58 110
5 57 59 111
6 58 60 112
7 59 113
8 60 62 114
9 61 63 115
62 64 116
11 63 65 117
12 64 66 118
13 65 119
66 68 120
15 69 121
16 68 70 122
17 69 71 123
18 70 72
19 71 73 125
20 72 74 126
21 73 75 127
74 76 128
23 129
24 76 78 130
25 79 131
26 78 80 132
27 79 81 133
28 80 82 134
29 81 135
82 84
31 83 85 137
32 84 86 138
33 85 87 139
34 86 88 140
35 87 141
36 88 90 142
37 89 91 143
38 90 92 144
39 91 145
40 92 94 146
41 93 95 147
94 96 148
43 95 97 149
44 96 98 150
45 99 151
46 98 100 152
47 101 153
48 100 102 154
49 101 103 155
102 104 156
51 105 157
104 106
53 105 159
108 160
55 107 109 161
56 108 110 162
57 109 111 163
110 112 164
59 111 165
60 112 114 166
61 113 115 167
62 114 116 168
63 115 169
64 116 118 170
65 117 119 171
66 118 120
67 119 121 173
68 120 122
69 121 123 175
70 122 124 176
71 123 125 177
72 124 126 178
73 125 127 179
74 126 128 180
75 129 181
76 128 130 182
77 129 131 183
78 130 132 184
79 131 133 185
80 132 134 186
81 133 187
82 134 136 188
83 135 137 189
136 138
85 137 139 191
86 138 140 192
87 141 193
88 140 142 194
89 141 195
90 142 144
91 143 145 197
92 144 146 198
93 145 147 199
94 146 148
95 201
96 148 150 202
97 149 151 203
150 152
99 151 153 205
100 152 154
101 153 155 207
102 154 156 208
103 155 157 209
156 158 210
105 157 159 211
106 158 212
107 161 213
108 160 162 214
109 161 163 215
110 162 164 216
111 163 165 217
164 166 218
113 167 219
114 166 168 220
115 167 169 221
116 168 170 222
117 171 223
118 170 172 224
119 173 225
172 174 226
121 175 227
174 176 228
123 177 229
124 176 178 230
125 177 231
126 178 180 232
127 179 181 233
128 180 182
129 181 235
182 184
131 185 237
132 184 186 238
133 185 239
134 186 188 240
135 187 189 241
136 188 190 242
137 189 191 243
138 190 192 244
139 193 245
140 192 194 246
141 193 247
142 194 196 248
143 195 249
196 198 250
145 199 251
146 198 200 252
147 201 253
148 200 202 254
149 255
150 202 204 256
151 203 205 257
152 204 206
153 205 207 259
206 208 260
155 209 261
156 208 210 262
157 209 211 263
158 210 212
159 211 265
160 214 266
161 213 267
162 214 216 268
163 215 217 269
164 216 218 270
165 271
166 218 220 272
167 219 221 273
168 220 222 274
169 223 275
170 222 224 276
171 223 225 277
172 224 226 278
173 225 227 279
174 226 228 280
175 227 229 281
176 228 230 282
177 231 283
178 230 232 284
179 233 285
180 232 234 286
181 233 235 287
182 234 236 288
183 235 237 289
236 238 290
185 237 291
238 240 292
187 239 241 293
188 240 242 294
189 241 243 295
190 242 244 296
191 243 297
192 244 246 298
193 245 247 299
194 246 248 300
195 247 301
196 248 250
197 251 303
198 250 252 304
199 251 253 305
200 252 254
201 307
202 254 256 308
203 257 309
204 256 258 310
205 311
258 260 312
207 261 313
260 262 314
209 261 263 315
210 262 264 316
211 263 265 317
212 264
213 267 319
214 266 268 320
215 267 269 321
268 270 322
217 269 323
218 270 272 324
219 271 273 325
272 274 326
221 273 275 327
222 274 276 328
223 275 329
224 276 278
225 279 331
278 280 332
227 281 333
228 280 282 334
229 281 283 335
230 282 284 336
231 283 337
284 286 338
233 285 339
234 286 288
235 287 289 341
236 288 290 342
237 289 291 343
290 292 344
239 291 293 345
240 292 294
241 293 295 347
242 294 296 348
243 295 297 349
244 296 298 350
245 297 299 351
246 298 300 352
247 299 353
300 302 354
249 301 303 355
250 302 304 356
251 303 305 357
252 304 306 358
253 305 307 359
254 306 308
255 307 309 361
308 310 362
257 309 311 363
258 310 312 364
259 311 365
260 312 314 366
261 313 367
262 314 316 368
263 315 317 369
264 316 318 370
265 317 371
266 320 372
267 319 321 373
268 320 322 374
269 321 323 375
322 324 376
271 323 325 377
272 324 326
273 325 379
326 328 380
275 327 381
276 328 330 382
277 329 331 383
278 330 332 384
279 331 333 385
280 332 334 386
281 333 387
282 334 336
283 335 389
336 338 390
285 337 339 391
286 338 340 392
287 341 393
340 342 394
289 341 395
290 342 344 396
291 345 397
292 344 346 398
293 345 347 399
294 346 348 400
295 347 349 401
296 348 350 402
297 349 351 403
298 350 352
299 351 405
300 352 354 406
301 353 355 407
302 354 356 408
303 355 357 409
304 356 358 410
305 359 411
306 358 360 412
307 359 361 413
308 360 362 414
309 363 415
310 362 364 416
311 363 365 417
364 366 418
313 365 419
314 366 368 420
315 367 369 421
316 368 370
317 369 423
318 370 424
319 373 425
372 374 426
321 373 375 427
322 374 376
323 375 429
324 376 378 430
325 377 379 431
326 378 380 432
327 379 381 433
380 382 434
329 381 383 435
330 382 384 436
331 383 385 437
332 384 386 438
333 385 387 439
334 386 388 440
335 387 389 441
388 390
337 389 391 443
338 390 392 444
339 391 393 445
340 392 394 446
341 393 395 447
342 394 396 448
343 395 397 449
344 396 398 450
345 397 399 451
346 398 400 452
347 453
348 400 402 454
349 401 403 455
350 402 404 456
351 403 457
404 406 458
353 405 407 459
354 406 408 460
355 407 461
356 408 410 462
357 409 463
358 410 412
359 411 465
360 412 414 466
361 413 415 467
414 416 468
363 415 417 469
364 416 418
365 417 471
366 418 420 472
367 421 473
368 420 422
369 421 423 475
422 424 476
371 423 477
372 426
373 425 479
426 428
375 427 481
376 428 430
377 431 483
430 432 484
379 431 485
380 432 434 486
381 433 435 487
382 434 436 488
383 437 489
436 438
385 437 439 491
386 438 440
387 493
388 440 442 494
389 441 443 495
442 444
391 443 445 497
392 444 446 498
393 445 447 499
394 446 448 500
395 447 501
448 450
397 449 451 503
450 452 504
399 453 505
400 452 454 506
401 453 455 507
402 454 456 508
403 455 509
456 458 510
405 457 459 511
406 458 460
407 459 461 513
408 460 462
409 461 515
410 462 464 516
411 463 465 517
464 466 518
413 467 519
414 466 468 520
415 467 469 521
416 468 470 522
417 469 471 523
418 470 472 524
419 471 525
472 474 526
421 473 475 527
474 476 528
423 475 529
424 476 530
425 479 531
478 480
427 479 533
428 480 482 534
429 481 483 535
430 482 484 536
431 483 537
432 484 486 538
433 539
434 486 488 540
435 487 489 541
436 488 490 542
437 489 543
490 492 544
439 491 493 545
492 494 546
441 493 547
442 494 496 548
443 495 549
496 498 550
445 499 551
498 500
447 499 553
448 500 502
449 501 503 555
450 502 504 556
451 503 505 557
504 506 558
453 505 507 559
454 506 508 560
455 509 561
508 510 562
457 511 563
458 510 512 564
459 511 513 565
460 512 514 566
461 513 515 567
514 516
463 515 517 569
516 518
465 519 571
518 520 572
467 519 521 573
468 520 522 574
469 521 523 575
470 522 524 576
471 523 525 577
472 524 526 578
473 525 527 579
474 526 528 580
475 527 529 581
476 528 530 582
477 529 583
478 532 584
479 533 585
532 534 586
481 535 587
482 534 536 588
483 535 537 589
484 536 538 590
485 591
486 538 540 592
487 539 541 593
488 540 542 594
489 543 595
490 542 544 596
491 545 597
492 544 546 598
493 545 547 599
494 546 548 600
495 547 549 601
496 548 550 602
497 549 551 603
498 550 552
499 551 605
552 554 606
501 553 555 607
502 554 556 608
503 555 557 609
504 556 558 610
505 557 559 611
506 558 560 612
507 559 561 613
508 560 562 614
509 561 563 615
562 564 616
511 563 565 617
512 564 566 618
513 565 567 619
566 568
515 567 569 621
516 568 570
517 569 623
570 572
519 571 573 625
520 572 574
521 573 575 627
574 576 628
523 575 577 629
524 576 578 630
525 577 579 631
526 578 580 632
527 581 633
528 580 582 634
529 581 635
530 582
531 585 637
532 584 586 638
533 587 639
534 586 588 640
535 587 641
588 590
537 589 591 643
590 592 644
539 591 593 645
540 592 594
541 593 595 647
542 594 596 648
543 595 597 649
544 596 598 650
545 597 599 651
546 598 600 652
547 599 601 653
548 600 602 654
549 601 655
602 604 656
551 603 605 657
604 606 658
553 605 607 659
554 606 608
555 609 661
556 608 610 662
557 609 611 663
558 610 612 664
559 611 613 665
560 612 614 666
561 613 667
614 616
563 669
564 616 618 670
565 619 671
566 618 620 672
567 619 673
620 622 674
569 621 623 675
570 622 624
571 625 677
572 624 626 678
573 679
574 626 628 680
575 629 681
576 628 630
577 629 631 683
578 630 632 684
579 633 685
580 632 634 686
581 635 687
582 634 636 688
583 635 689
584 638 690
585 637 639 691
586 638 640
587 639 641 693
588 640 642
589 641 643 695
590 642 644 696
591 645 697
592 644 646 698
593 645 647 699
594 646 648
595 647 701
648 650 702
597 649 651 703
650 652 704
599 651 705
600 652 654
601 707
654 656 708
603 655 657 709
604 656 658
605 711
658 660 712
607 659 661 713
660 662 714
609 661 663 715
610 662 664 716
611 665 717
612 664 666 718
613 665 719
666 668 720
615 667 721
668 670
617 723
618 670 672 724
619 725
620 672 674 726
621 673 675 727
622 674 676 728
623 675 677 729
676 678
625 677 679 731
678 680 732
627 681 733
628 680 682 734
629 681 683 735
630 682 684 736
631 683 685 737
632 684 686 738
633 685 687 739
634 686 688 740
635 687 689 741
636 688 742
637 691 743
638 690 692
639 691 745
640 692 694 746
641 693 695 747
642 694 696 748
643 695 697 749
644 696 698 750
645 697 699 751
646 698 700 752
647 699 701 753
648 700 702 754
649 701 755
702 704
651 703 757
704 706 758
653 705 707 759
654 706 708 760
655 707 709 761
656 708 710 762
657 709 763
658 710 712
659 711 713 765
660 712 714 766
661 713 715 767
662 714 716 768
663 715 717 769
664 716 718 770
665 771
718 720 772
667 719 721 773
668 720 722
669 721 723 775
670 722 724 776
671 723 725 777
672 724 726 778
673 779
726 728 780
675 727 729 781
728 730
677 729 731 783
730 732
679 731 733 785
680 732 734 786
681 733 787
682 734 736 788
683 737 789
684 736 738 790
685 737 739 791
686 738 740 792
687 741 793
688 740 742 794
689 795
690 744
691 743 745 797
692 744 746 798
693 745 747 799
694 746 748 800
695 747 749 801
696 748 750 802
697 749 751 803
698 750 752 804
699 751 805
752 754
701 753 755 807
702 754 756 808
703 755 757 809
704 756 758 810
705 757 759 811
706 758 760
707 761 813
708 760 762 814
709 761 763 815
710 762 764 816
711 765 817
764 766 818
713 819
714 766 768 820
715 769 821
716 768 770
717 769 771 823
718 770 772 824
719 771 773 825
720 772 774
721 773 827
722 774 776
723 775 777 829
776 778 830
725 777 779 831
726 778 780 832
727 779 781 833
728 780 782 834
729 781 783 835
730 782 784 836
731 783 785 837
732 784 786 838
733 839
734 786 788 840
735 787 789 841
736 788 790 842
737 843
738 790 792 844
739 791 793 845
740 792 794 846
741 847
742 794
743 797 849
744 796 798 850
745 797 799 851
798 800 852
747 801 853
748 800 802
749 801 855
802 804 856
751 803 805 857
752 804 806 858
753 805 807 859
806 808
755 861
808 810 862
757 809 811 863
758 810 812 864
759 811 865
760 812 814 866
761 813 815 867
762 814 816
763 815 817 869
764 816 818 870
765 817 871
766 818 820
767 819 821 873
768 820 822 874
769 823 875
770 822 824 876
771 823 877
824 826
773 825 827 879
826 828
775 827 829 881
776 828 830 882
777 829 831 883
778 830 832
779 831 885
780 832 834 886
781 833 835 887
782 834 836 888
783 835 837 889
784 836 838
785 837 839 891
786 838 840 892
787 839 893
840 842 894
789 843 895
790 842 844
791 845 897
792 844 846 898
793 845 847 899
794 846 848
795 847 901
796 850 902
797 849 903
798 850 852 904
799 851 853 905
800 852 854 906
801 853 907
854 856 908
803 855 857 909
804 856 858 910
805 857 911
806 858 860 912
807 861 913
860 862 914
809 861 863 915
862 864
811 863 917
812 864 866 918
813 865 867 919
866 868
815 869 921
816 868 870 922
817 869 871 923
818 870 872 924
819 871 873 925
872 874 926
821 873 875 927
874 876 928
823 875 877 929
876 878 930
825 877 879 931
878 880 932
827 879 881 933
828 880 882
829 881 883 935
830 882 884 936
831 883 885 937
832 884 886
833 885 887 939
834 886 888
835 887 889 941
836 888 890
837 889 891 943
890 892 944
839 893 945
840 892 894 946
841 893 947
842 894 896 948
843 895 897 949
844 896 898 950
845 897 899 951
846 898 900 952
847 899 901 953
900 954
849 903 955
850 902 904 956
851 903 957
852 904 906
853 905 907 959
906 908
855 909 961
856 908 910 962
857 909 911 963
910 912 964
859 965
860 912 914 966
861 915 967
862 914 916 968
863 915 917 969
916 918 970
865 971
918 920 972
867 919 921 973
868 920 922 974
869 923 975
870 922 924 976
871 977
872 924 926 978
873 925 927 979
926 928
875 927 929 981
876 928 930 982
877 929 931 983
878 930 932
879 931 933 985
880 932 934
881 933 935 987
934 936
883 935 937 989
884 936 938 990
885 937 939 991
886 938 940 992
887 939 941 993
940 942 994
889 941 995
890 942 944 996
891 943 945 997
892 944 946 998
893 945 999
894 946 948
895 947 1001
948 950 1002
897 951 1003
950 952 1004
899 953 1005
900 952 954 1006
901 953 1007
956 1008
903 955 957 1009
904 956 958 1010
905 957 959 1011
958 960 1012
907 959 961 1013
908 960 962 1014
909 961 963 1015
910 962 964 1016
911 963 1017
912 964 966 1018
913 965 967 1019
914 966 968 1020
915 969 1021
916 968 970 1022
917 969 971 1023
918 970 972 1024
919 971 973 1025
920 972 974 1026
921 973 975 1027
922 974 976 1028
923 975 977 1029
924 976 978 1030
925 977 979 1031
926 978 980 1032
927 979 981 1033
928 980 982 1034
929 983 1035
930 982 984 1036
931 983 985 1037
932 984 986 1038
933 985 987 1039
986 988 1040
935 987 989 1041
936 988 990 1042
937 991 1043
938 990 992 1044
939 993 1045
940 992 994 1046
941 993 995 1047
994 996
943 995 997 1049
944 996 998 1050
945 997 1051
998 1000 1052
947 999 1001 1053
1000 1002 1054
949 1001 1055
1002 1004 1056
951 1057
952 1004 1006 1058
953 1005 1059
954 1006 1060
955 1009 1061
956 1008 1010 1062
957 1011 1063
958 1010 1012 1064
959 1011 1013 1065
960 1012 1014 1066
961 1013 1015 1067
1014 1016 1068
963 1015 1017 1069
964 1016 1018 1070
965 1019 1071
966 1018 1020 1072
967 1019 1021 1073
968 1020 1022 1074
969 1023 1075
970 1022 1024 1076
971 1025 1077
972 1024 1026 1078
973 1025 1027 1079
974 1026 1028
975 1029 1081
976 1028 1030
977 1029 1031 1083
978 1030 1032 1084
979 1031 1085
980 1032 1034 1086
981 1033 1035 1087
982 1034 1036 1088
983 1035 1037 1089
984 1036 1038 1090
985 1039 1091
986 1038 1040 1092
987 1039 1041 1093
988 1040 1042
989 1041 1043 1095
990 1042 1044 1096
991 1045 1097
992 1044 1046
993 1047 1099
1046 1048 1100
995 1049 1101
996 1048 1050 1102
997 1049 1103
998 1050 1052 1104
999 1051 1053 1105
1000 1052 1054
1001 1053 1055 1107
1002 1054 1056 1108
1003 1055 1109
1004 1056 1058 1110
1005 1057 1059 1111
1006 1058 1060 1112
1007 1059 1113
1008 1062 1114
1009 1115
1010 1062 1064 1116
1011 1117
1012 1064 1066 1118
1013 1067 1119
1014 1066 1068 1120
1015 1067 1069 1121
1016 1068 1070 1122
1017 1069 1071 1123
1070 1072 1124
1019 1071 1073 1125
1020 1072 1074 1126
1021 1073 1075 1127
1022 1074 1076 1128
1023 1075 1077 1129
1024 1076 1078
1025 1131
1026 1078 1080 1132
1027 1079 1081 1133
1028 1080 1082
1029 1081 1083 1135
1030 1082 1084 1136
1031 1083 1137
1032 1084 1086
1033 1085 1087 1139
1034 1086 1088 1140
1035 1087 1141
1088 1090 1142
1037 1089 1091 1143
1090 1092 1144
1039 1145
1040 1092 1094 1146
1041 1093 1095 1147
1042 1094 1096 1148
1043 1095 1149
1044 1096 1098 1150
1045 1097 1099 1151
1046 1098 1100 1152
1047 1099 1153
1048 1100 1102 1154
1049 1101 1103 1155
1050 1102 1104 1156
1051 1105 1157
1052 1104 1106 1158
1053 1105 1107 1159
1054 1106 1108 1160
1055 1107 1109 1161
1056 1108 1110 1162
1057 1111 1163
1110 1112 1164
1059 1113 1165
1060 1112
1061 1115 1167
1062 1114 1116 1168
1063 1115 1117 1169
1064 1116 1118 1170
1065 1117 1119 1171
1066 1118 1120
1067 1119 1121 1173
1068 1120 1122 1174
1069 1121 1123 1175
1070 1122 1124 1176
1071 1125 1177
1072 1124 1126 1178
1073 1179
1074 1126 1128 1180
1075 1129 1181
1076 1128 1130 1182
1077 1131 1183
1130 1132 1184
1079 1133 1185
1080 1132 1134 1186
1081 1133 1135 1187
1134 1136
1083 1135 1189
1084 1136 1138 1190
1085 1137 1191
1086 1138 1140
1087 1139 1141 1193
1088 1140 1142 1194
1089 1141 1143 1195
1090 1142 1144 1196
1091 1143 1145 1197
1092 1144 1146
1093 1199
1094 1146 1148
1095 1147 1149 1201
1096 1148 1150
1097 1149 1151 1203
1150 1152 1204
1099 1205
1100 1152 1154 1206
1101 1207
1102 1154 1156 1208
1103 1155 1157 1209
1104 1156 1158 1210
1105 1157 1211
1106 1158 1160 1212
1107 1161 1213
1108 1160 1162
1109 1161 1163 1215
1162 1164 1216
1111 1163 1165 1217
1112 1164 1166
1113 1219
1114 1168 1220
1115 1167 1169 1221
1116 1168 1170 1222
1117 1169 1223
1118 1170 1172 1224
1119 1171 1173 1225
1120 1172 1174 1226
1121 1173 1175 1227
1122 1174 1176
1123 1175 1177 1229
1124 1176 1178 1230
1125 1179 1231
1126 1178 1180 1232
1127 1179 1181 1233
1180 1182 1234
1129 1183 1235
1130 1182 1184 1236
1131 1183 1185 1237
1132 1184 1186 1238
1133 1239
1134 1186 1188
1135 1187 1189 1241
1136 1188 1190 1242
1137 1189 1191 1243
1138 1190 1192 1244
1139 1191 1193 1245
1192 1194 1246
1141 1195 1247
1194 1196 1248
1143 1195 1249
1196 1198 1250
1145 1197 1199 1251
1146 1198 1200 1252
1147 1253
1200 1202 1254
1149 1201 1203 1255
1202 1204
1151 1203 1205 1257
1152 1204 1206
1153 1205 1207 1259
1154 1206 1208 1260
1155 1207 1209 1261
1156 1208 1210 1262
1157 1211 1263
1158 1210 1212 1264
1159 1213 1265
1160 1212 1214 1266
1161 1213 1215 1267
1162 1214 1216 1268
1163 1215 1217 1269
1164 1216 1218 1270
1165 1217 1219 1271
1166 1218 1272
1167 1221 1273
1168 1220 1222 1274
1169 1221 1223 1275
1170 1222 1224 1276
1171 1223 1225 1277
1224 1226 1278
1173 1225 1227 1279
1226 1228 1280
1175 1227 1229 1281
1228 1230 1282
1177 1229 1231 1283
1178 1230 1232 1284
1179 1233 1285
1180 1232 1234 1286
1181 1233 1235 1287
1182 1234 1236
1183 1235 1237 1289
1184 1236 1238 1290
1185 1237 1239 1291
1186 1238 1240 1292
1187 1239 1241 1293
1240 1242 1294
1189 1295
1242 1244 1296
1191 1243 1245 1297
1192 1244 1246
1193 1245 1247 1299
1194 1246 1248 1300
1195 1247 1249 1301
1248 1250
1197 1249 1251 1303
1198 1250 1252 1304
1199 1251 1253 1305
1200 1252 1254 1306
1201 1255 1307
1254 1256 1308
1203 1257 1309
1256 1258
1205 1257 1259 1311
1206 1258 1260 1312
1207 1259 1261 1313
1208 1260 1262 1314
1209 1261 1263 1315
1210 1262 1264 1316
1211 1263 1265 1317
1212 1264 1266 1318
1213 1319
1266 1268 1320
1215 1267 1269 1321
1216 1268 1270 1322
1217 1269 1323
1218 1270 1272 1324
1219 1271 1325
1220 1274 1326
1221 1273 1275 1327
1274 1276 1328
1223 1275 1277 1329
1224 1276 1278 1330
1225 1279 1331
1226 1278 1280 1332
1227 1279 1281 1333
1228 1280 1282 1334
1229 1283 1335
1282 1284 1336
1231 1337
1232 1284 1286 1338
1233 1285 1287 1339
1234 1286 1288 1340
1235 1287 1289 1341
1288 1290 1342
1237 1289 1291 1343
1238 1290 1292 1344
1239 1293 1345
1240 1292 1294 1346
1241 1293 1347
1242 1294 1296 1348
1243 1295 1349
1244 1296 1298 1350
1245 1297 1299 1351
1246 1298 1300 1352
1247 1299 1301 1353
1248 1300 1302 1354
1249 1301 1303 1355
1250 1302 1304 1356
1251 1303 1305 1357
1252 1304 1306
1253 1305 1307 1359
1306 1308 1360
1255 1307 1361
1256 1308 1310 1362
1257 1309 1311 1363
1258 1310 1312 1364
1259 1313 1365
1260 1312 1314 1366
1261 1313 1315 1367
1262 1314 1316
1263 1315 1317 1369
1264 1316 1318 1370
1265 1317 1319 1371
1266 1318 1320 1372
1267 1319 1321 1373
1268 1320 1322
1269 1375
1270 1322 1324 1376
1271 1325 1377
1272 1324 1378
1273 1327 1379
1326 1328 1380
1275 1327 1329 1381
1328 1330 1382
1277 1331 1383
1278 1330 1332 1384
1279 1331 1333 1385
1332 1334
1281 1333 1335 1387
1282 1334 1336
1283 1335 1337 1389
1284 1336 1338 1390
1285 1337 1339 1391
1338 1340 1392
1287 1339 1393
1288 1340 1342 1394
1289 1341 1395
1342 1344
1291 1343 1345 1397
1344 1346 1398
1293 1345 1399
1294 1346 1348 1400
1295 1347 1349 1401
1296 1348 1350 1402
1297 1349 1351 1403
1298 1350 1352 1404
1299 1351 1405
1352 1354 1406
1301 1353 1355 1407
1302 1354 1356 1408
1303 1355 1357 1409
1304 1356 1358 1410
1305 1359 1411
1306 1358 1360 1412
1307 1359 1361 1413
1308 1360 1362
1309 1361 1363 1415
1362 1364 1416
1311 1363 1417
1364 1366 1418
1313 1365 1367 1419
1314 1366 1368
1315 1367 1369 1421
1316 1368 1370 1422
1317 1369 1371 1423
1318 1370 1372 1424
1319 1371 1373 1425
1320 1372 1374 1426
1321 1373 1375 1427
1374 1376 1428
1323 1377 1429
1324 1376 1378
1325 1431
1326 1380 1432
1327 1433
1328 1380 1382 1434
1329 1381 1383 1435
1330 1382 1384 1436
1331 1383 1385 1437
1332 1384 1386 1438
1333 1385 1387 1439
1334 1386 1388 1440
1335 1387 1389 1441
1336 1388 1390
1337 1389 1391 1443
1338 1390 1392 1444
1339 1391 1393 1445
1340 1392 1394 1446
1341 1393 1447
1394 1396 1448
1343 1395 1397 1449
1344 1396 1398 1450
1345 1399 1451
1346 1398 1400 1452
1347 1401 1453
1348 1400 1402
1349 1401 1403 1455
1350 1402 1404 1456
1351 1403 1457
1352 1404 1406
1353 1405 1407 1459
1406 1408
1355 1409 1461
1356 1408 1410 1462
1357 1409 1411 1463
1358 1410 1412 1464
1359 1413 1465
1360 1412 1414 1466
1361 1413 1415 1467
1414 1416 1468
1363 1417 1469
1416 1418
1365 1417 1419 1471
1418 1420 1472
1367 1419 1421 1473
1420 1422 1474
1369 1421 1475
1422 1424 1476
1371 1423 1477
1372 1424 1426 1478
1373 1425 1479
1374 1426 1428 1480
1375 1481
1428 1430 1482
1377 1429 1431 1483
1378 1430 1484
1379 1433 1485
1380 1432 1434 1486
1381 1435 1487
1434 1436 1488
1383 1435 1437 1489
1436 1438
1385 1439 1491
1386 1438 1440 1492
1387 1439 1441 1493
1388 1440 1442 1494
1389 1441 1443 1495
1442 1444
1391 1443 1445 1497
1444 1446 1498
1393 1445 1499
1394 1446 1448 1500
1395 1447 1449 1501
1396 1448 1450 1502
1397 1451 1503
1398 1450 1452 1504
1399 1451 1453 1505
1400 1452 1454
1401 1455 1507
1454 1456
1403 1455 1509
1456 1458 1510
1405 1457 1459 1511
1406 1458 1460
1407 1459 1513
1408 1460 1462
1409 1461 1463 1515
1410 1462 1464 1516
1411 1463 1465 1517
1412 1464 1466 1518
1413 1465 1467 1519
1414 1466 1468
1415 1521
1416 1468 1470 1522
1417 1469 1471 1523
1470 1472 1524
1419 1473 1525
1472 1474
1421 1473 1475 1527
1474 1476
1423 1475 1477 1529
1476 1478
1425 1479 1531
1426 1478 1480 1532
1427 1479 1481 1533
1428 1480 1482
1429 1481 1483 1535
1482 1484 1536
1431 1483 1537
1432 1486 1538
1433 1487 1539
1434 1486 1488 1540
1435 1487 1541
1436 1488 1490
1437 1491 1543
1438 1490 1492 1544
1439 1491 1493 1545
1440 1492 1494 1546
1441 1493 1495 1547
1442 1494 1496 1548
1443 1497 1549
1444 1496 1498
1445 1497 1499 1551
1446 1498 1500 1552
1447 1499 1501 1553
1448 1500 1502 1554
1449 1501 1503 1555
1450 1502 1504 1556
1451 1503 1505 1557
1504 1506 1558
1453 1505 1507 1559
1506 1508 1560
1455 1507 1509 1561
1456 1508 1510
1457 1509 1511 1563
1458 1510 1512 1564
1459 1513 1565
1460 1512 1514 1566
1461 1513 1515 1567
1462 1514 1516 1568
1463 1515 1569
1464 1516 1518 1570
1465 1517 1519 1571
1466 1518 1520
1467 1519 1573
1520 1522 1574
1469 1521 1575
1470 1522 1524 1576
1471 1523 1577
1472 1524 1526 1578
1473 1525 1527 1579
1474 1526 1528 1580
1475 1527 1581
1476 1528 1530
1477 1529 1531 1583
1478 1530 1532 1584
1479 1531 1533 1585
1532 1534
1481 1535 1587
1482 1534 1536 1588
1483 1535 1589
1484 1536 1590
1485 1539 1591
1538 1540 1592
1487 1539 1541 1593
1540 1542 1594
1489 1543 1595
1490 1542 1544 1596
1491 1543 1545 1597
1492 1544 1546 1598
1493 1545 1547 1599
1494 1546 1548
1495 1547 1549 1601
1496 1548 1550 1602
1497 1549 1551 1603
1498 1550 1552 1604
1499 1553 1605
1500 1552 1554 1606
1501 1553 1607
1554 1556 1608
1503 1555 1557 1609
1504 1556 1558 1610
1505 1557 1559 1611
1506 1558 1560
1507 1559 1561 1613
1508 1560 1562 1614
1509 1561 1615
1510 1562 1564 1616
1511 1563 1617
1564 1566 1618
1513 1565 1567 1619
1514 1566 1568 1620
1515 1621
1516 1568 1570 1622
1517 1569 1571 1623
1518 1570 1572 1624
1519 1573 1625
1572 1574
1521 1573 1627
1522 1574 1576
1523 1575 1577 1629
1576 1578 1630
1525 1579 1631
1526 1578 1580 1632
1527 1579 1581 1633
1528 1580 1582 1634
1529 1581 1635
1530 1582 1584 1636
1531 1583 1585 1637
1532 1584 1586 1638
1533 1585 1587 1639
1534 1586 1588 1640
1535 1587 1589 1641
1536 1588 1590
1537 1589 1643
1538 1592 1644
1539 1591 1593 1645
1592 1594 1646
1541 1593 1647
1542 1594 1596
1543 1595 1597 1649
1544 1596 1598
1545 1597 1599 1651
1546 1598 1600
1547 1599 1601 1653
1548 1600 1602 1654
1549 1601 1603 1655
1602 1604 1656
1551 1603 1605 1657
1552 1604 1606
1553 1605 1607 1659
1554 1606 1608 1660
1555 1607 1609 1661
1556 1608 1610
1557 1609 1611 1663
1558 1610 1612 1664
1559 1611 1613 1665
1560 1612 1614 1666
1561 1613 1615 1667
1614 1616 1668
1563 1615 1617 1669
1564 1616 1618 1670
1565 1617 1619 1671
1566 1618 1620 1672
1567 1619 1621 1673
1620 1622
1569 1621 1623 1675
1622 1624
1571 1623 1625 1677
1572 1624 1626
1573 1679
1574 1626 1628
1575 1627 1681
1576 1628 1630 1682
1577 1631 1683
1630 1632 1684
1579 1631 1633 1685
1580 1632 1634 1686
1581 1633 1635 1687
1582 1634 1636 1688
1583 1635 1637 1689
1584 1636 1638 1690
1585 1637 1639 1691
1586 1638 1640 1692
1587 1639 1641 1693
1640 1642
1589 1641 1643 1695
1590 1642
1591 1645 1697
1592 1644 1646
1593 1699
1646 1648 1700
1595 1647 1649 1701
1648 1650
1597 1651 1703
1598 1650 1652
1599 1653 1705
1600 1652 1654 1706
1601 1653 1707
1602 1654 1656 1708
1603 1655 1657 1709
1604 1656 1658 1710
1605 1657 1711
1606 1658 1660
1607 1661 1713
1608 1660 1662 1714
1609 1661 1663 1715
1662 1664
1611 1665 1717
1612 1664 1666 1718
1613 1665 1719
1666 1668 1720
1615 1667 1721
1616 1668 1670 1722
1617 1669 1671 1723
1618 1670 1672 1724
1619 1673 1725
1672 1674 1726
1621 1675 1727
1622 1674 1676
1623 1675 1677 1729
1624 1676 1678 1730
1625 1677 1679 1731
1626 1678 1680
1627 1681 1733
1628 1680 1682 1734
1629 1683 1735
1630 1682 1684
1631 1685 1737
1684 1686 1738
1633 1685 1739
1686 1688 1740
1635 1687 1689 1741
1688 1690 1742
1637 1689 1691 1743
1638 1690 1692 1744
1639 1691 1745
1640 1692 1694 1746
1641 1693 1747
1642 1694 1696
1643 1695 1749
1698 1750
1645 1697 1699 1751
1646 1698 1700 1752
1647 1753
1648 1700 1702 1754
1649 1703 1755
1650 1702 1704 1756
1651 1703 1705 1757
1704 1706 1758
1653 1705 1759
1654 1706 1708 1760
1655 1709 1761
1656 1708 1710 1762
1657 1711 1763
1710 1712 1764
1659 1711 1713 1765
1712 1714
1661 1767
1662 1714 1716 1768
1663 1715 1769
1716 1718 1770
1665 1717 1719 1771
1666 1718 1720
1667 1719 1721 1773
1668 1720 1722 1774
1669 1723 1775
1670 1722 1724 1776
1671 1723 1725 1777
1672 1724 1726 1778
1673 1727 1779
1674 1726 1728 1780
1675 1727 1729 1781
1728 1730 1782
1677 1729 1731 1783
1678 1730 1732 1784
1679 1733 1785
1732 1734 1786
1681 1733 1735 1787
1734 1736 1788
1683 1735 1789
1684 1736 1738 1790
1685 1739 1791
1686 1738 1740 1792
1687 1739 1793
1688 1740 1742 1794
1689 1741 1743 1795
1742 1744 1796
1691 1743 1745 1797
1692 1744 1746 1798
1693 1745 1747 1799
1694 1746 1748 1800
1695 1749 1801
1696 1748 1802
1697 1803
1698 1750 1752
1699 1751 1753 1805
1700 1752 1754 1806
1701 1753 1755 1807
1702 1754 1756 1808
1703 1757 1809
1704 1756 1758 1810
1705 1757 1759 1811
1706 1758 1760 1812
1707 1759 1761 1813
1708 1760 1762 1814
1709 1763 1815
1710 1762 1764 1816
1711 1817
1712 1764 1766 1818
1713 1765 1819
1714 1766 1768 1820
1715 1767 1769 1821
1716 1768 1770 1822
1717 1769 1771 1823
1718 1770 1772 1824
1719 1773 1825
1720 1772 1774 1826
1721 1773 1827
1774 1776
1723 1777 1829
1724 1776 1778 1830
1725 1777 1779 1831
1726 1778 1780 1832
1727 1779 1781 1833
1780 1782 1834
1729 1781 1783 1835
1730 1782 1784 1836
1731 1783 1785 1837
1784 1786
1733 1785 1787 1839
1734 1786 1788 1840
1735 1787 1789 1841
1736 1788 1790 1842
1737 1789 1791 1843
1790 1792
1739 1791 1793 1845
1792 1794 1846
1741 1793 1847
1742 1794 1796
1743 1795 1797 1849
1796 1798
1745 1799 1851
1746 1798 1800 1852
1747 1799 1801 1853
1748 1800 1802 1854
1749 1855
1750 1804 1856
1751 1803 1805 1857
1804 1806 1858
1753 1805 1807 1859
1754 1806 1808
1755 1807 1809 1861
1756 1808 1810 1862
1757 1809 1811 1863
1810 1812 1864
1759 1865
1812 1814 1866
1761 1815 1867
1762 1814 1816
1763 1815 1869
1764 1816 1818 1870
1765 1817 1819 1871
1766 1818 1820 1872
1767 1819 1821 1873
1820 1822 1874
1769 1823 1875
1770 1822 1824
1771 1823 1877
1824 1826 1878
1773 1825 1827 1879
1774 1826 1828 1880
1775 1827 1829 1881
1776 1828 1830
1777 1829 1831 1883
1830 1832 1884
1779 1833 1885
1780 1832 1834 1886
1781 1833 1887
1782 1834 1836 1888
1783 1889
1784 1836 1838
1785 1839 1891
1838 1840 1892
1787 1839 1893
1840 1842
1789 1841 1843 1895
1790 1842 1844 1896
1791 1845 1897
1844 1846
1793 1847 1899
1794 1846 1848 1900
1795 1847 1849 1901
1848 1850 1902
1797 1851 1903
1798 1850 1852 1904
1799 1853 1905
1800 1852 1854 1906
1801 1855 1907
1802 1854 1908
1803 1857 1909
1804 1856 1858 1910
1805 1911
1806 1858 1860
1807 1859 1861 1913
1860 1862 1914
1809 1861 1863 1915
1810 1862 1864 1916
1811 1863 1865 1917
1812 1864 1866 1918
1813 1865 1867 1919
1814 1866 1868
1815 1867 1921
1816 1868 1870
1817 1869 1871 1923
1818 1870 1872 1924
1819 1873 1925
1820 1872 1874
1821 1873 1875 1927
1822 1874 1876 1928
1823 1875 1929
1824 1876 1878
1825 1877 1879 1931
1826 1878 1880 1932
1827 1881 1933
1828 1880 1882 1934
1829 1881 1883 1935
1882 1884 1936
1831 1883 1885 1937
1832 1884 1886 1938
1833 1885 1939
1834 1886 1888 1940
1835 1887 1889 1941
1836 1888 1890
1837 1889 1891 1943
1838 1890 1892
1839 1945
1840 1892 1894 1946
1841 1893 1895 1947
1842 1894 1896
1843 1895 1897 1949
1844 1896 1898 1950
1845 1897 1899 1951
1846 1898 1900 1952
1847 1899 1901 1953
1848 1900 1902
1849 1903 1955
1850 1902 1904 1956
1851 1905 1957
1904 1906 1958
1853 1905 1907 1959
1854 1906 1908 1960
1855 1907 1961
1910
1857 1909 1911 1963
1858 1910 1912 1964
1859 1913 1965
1860 1912 1914
1861 1913 1967
1862 1914 1916 1968
1863 1917 1969
1864 1916 1918 1970
1865 1917 1971
1918 1920
1867 1921 1973
1868 1920 1922 1974
1869 1921 1923 1975
1870 1922 1924 1976
1871 1923 1925 1977
1872 1924 1926 1978
1873 1927 1979
1874 1926 1928 1980
1875 1927 1929 1981
1928 1930 1982
1877 1929 1931 1983
1878 1930 1932 1984
1879 1931 1933 1985
1880 1932 1934 1986
1881 1933 1987
1882 1934 1936 1988
1883 1937 1989
1884 1936 1938 1990
1885 1937 1939 1991
1938 1940 1992
1887 1939 1941 1993
1888 1940 1942 1994
1889 1941 1995
1890 1942 1944
1891 1943 1997
1944 1946 1998
1893 1999
1894 1946 1948
1895 1949 2001
1948 1950 2002
1897 1949 2003
1898 1950 1952 2004
1899 1951 1953 2005
1900 1952 1954
1901 1953 1955 2007
1902 1954 1956
1903 1955 1957 2009
1904 1956 1958 2010
1905 1957 1959 2011
1906 1958 1960 2012
1907 1959 1961 2013
1960 2014
1909 2015
1910 1962 1964 2016
1911 1965 2017
1964 1966
1913 1967 2019
1914 1966 1968 2020
1915 1967 2021
1916 1968 1970 2022
1917 1969 2023
1918 1970 1972 2024
1919 1971 1973 2025
1972 1974 2026
1921 1973 1975 2027
1922 1974 1976 2028
1923 1975 1977 2029
1924 1976 1978
1925 1977 1979 2031
1926 1978 1980
1927 1979 1981 2033
1928 1980 1982
1929 1981 1983 2035
1930 1982 1984 2036
1931 1983 1985 2037
1932 1984 1986
1933 1985 1987 2039
1986 1988 2040
1935 1987 1989 2041
1988 1990 2042
1937 1989 2043
1990 1992 2044
1939 1993 2045
1940 1992 1994 2046
1941 1993 2047
1994 1996
1943 1995 1997 2049
1944 1996 1998 2050
1945 1999 2051
1946 1998 2000 2052
1947 1999 2001 2053
1948 2000 2002
1949 2001 2055
1950 2002 2004 2056
1951 2005 2057
1952 2004 2006 2058
1953 2005 2007 2059
1954 2006 2008
1955 2007 2061
1956 2008 2010
1957 2009 2011 2063
2010 2012
1959 2013 2065
1960 2012 2014 2066
1961 2013 2067
1962 2016 2068
1963 2015 2017 2069
1964 2016 2018 2070
1965 2071
2018 2020 2072
1967 2019 2021 2073
1968 2020 2022 2074
1969 2021 2075
1970 2022 2024 2076
1971 2025 2077
2024 2026 2078
1973 2025 2079
1974 2026 2028 2080
1975 2027 2029 2081
2028 2030 2082
1977 2029 2031 2083
1978 2030 2032 2084
1979 2031 2033 2085
1980 2032 2034 2086
1981 2035 2087
2034 2036 2088
1983 2035 2037 2089
1984 2036 2038
1985 2039 2091
1986 2038 2040 2092
1987 2039 2041 2093
1988 2040 2042
1989 2041 2043 2095
1990 2042 2044 2096
1991 2043 2045 2097
1992 2044 2046 2098
1993 2045 2047 2099
1994 2046 2048 2100
1995 2047 2049 2101
1996 2048 2050 2102
1997 2049 2051 2103
1998 2050 2052 2104
1999 2053 2105
2000 2052 2054 2106
2001 2053 2107
2054 2056 2108
2003 2055 2057 2109
2056 2058 2110
2005 2057 2059 2111
2006 2058 2060
2007 2059 2061 2113
2008 2060 2062 2114
2009 2061 2063 2115
2010 2062 2064 2116
2011 2063 2117
2012 2064 2066 2118
2013 2065 2119
2014 2066 2120
2015 2069 2121
2016 2068 2070
2017 2069 2071 2123
2018 2070 2072
2019 2071 2073 2125
2020 2072 2074 2126
2021 2073 2127
2074 2076
2023 2075 2129
2024 2076 2078
2025 2077 2079 2131
2026 2078 2080
2027 2079 2133
2028 2080 2082 2134
2029 2081 2083 2135
2030 2082 2084
2031 2085 2137
2032 2084 2086 2138
2033 2087 2139
2034 2086 2088 2140
2035 2087 2089 2141
2036 2088 2090 2142
2037 2091 2143
2038 2090 2092 2144
2039 2091 2093 2145
2040 2092 2094 2146
2041 2093 2095 2147
2042 2094 2096 2148
2043 2095 2097 2149
2044 2096 2098
2045 2099 2151
2046 2098 2100 2152
2047 2099 2153
2048 2100 2102 2154
2049 2101 2103 2155
2050 2102 2104
2051 2103 2105 2157
2104 2106 2158
2053 2107 2159
2054 2106 2108 2160
2055 2109 2161
2056 2108 2110 2162
2057 2109 2163
2058 2110 2112
2059 2111 2113 2165
2060 2112 2114
2061 2113 2167
2062 2114 2116
2063 2169
2116 2118 2170
2065 2117 2119 2171
2066 2118 2120 2172
2067 2173
2068 2122 2174
2069 2121 2123 2175
2070 2122 2124
2071 2123 2177
2124 2126
2073 2125 2127 2179
2074 2126 2128 2180
2075 2127 2129 2181
2076 2128 2130 2182
2077 2129 2131 2183
2130 2132
2079 2133 2185
2080 2132 2134 2186
2081 2135 2187
2082 2134 2136 2188
2083 2135 2189
2084 2136 2138
2085 2137 2139 2191
2086 2138 2140
2087 2139 2141 2193
2088 2140 2142 2194
2089 2141 2143 2195
2090 2142 2144 2196
2091 2143 2145 2197
2092 2144 2146 2198
2093 2145 2147 2199
2094 2146 2148
2095 2147 2149 2201
2096 2148 2150 2202
2097 2151 2203
2150 2152 2204
2099 2151 2205
2152 2154 2206
2101 2153 2155 2207
2102 2154 2156 2208
2103 2155 2157 2209
2104 2156 2158
2105 2157 2159 2211
2106 2158 2160 2212
2107 2161 2213
2108 2160 2162 2214
2109 2161 2215
2162 2164
2111 2165 2217
2112 2164 2166
2113 2165 2167 2219
2114 2166 2168 2220
2115 2167 2169 2221
2116 2168 2170 2222
2117 2169 2171 2223
2118 2170 2172 2224
2119 2171 2173 2225
2172 2226
2121 2175 2227
2122 2174 2176 2228
2123 2229
2176 2178
2125 2177 2179 2231
2126 2178 2180 2232
2127 2179 2181 2233
2128 2180 2182 2234
2129 2181 2183 2235
2130 2182 2184
2131 2183 2185 2237
2184 2186 2238
2133 2185 2239
2134 2186 2188 2240
2135 2187 2189 2241
2136 2188 2190 2242
2137 2189 2191 2243
2190 2192 2244
2139 2191 2193 2245
2192 2194 2246
2141 2193 2195 2247
2142 2194 2196 2248
2143 2195 2197 2249
2144 2196 2198 2250
2145 2197 2199 2251
2198 2200 2252
2147 2199 2201 2253
2200 2202 2254
2149 2201 2255
2202 2204 2256
2151 2205 2257
2152 2204 2206
2153 2205 2259
2154 2206 2208
2155 2209 2261
2156 2208 2210 2262
2157 2211 2263
2158 2210 2212
2159 2211 2213 2265
2212 2214 2266
2161 2267
2162 2214 2216 2268
2163 2215 2217 2269
2216 2218 2270
2165 2217 2219 2271
2166 2218 2220 2272
2167 2219 2221 2273
2220 2222
2169 2223 2275
2222 2224 2276
2171 2223 2225 2277
2224 2226 2278
2173 2225 2279
2174 2228
2175 2229 2281
2176 2228 2230 2282
2177 2229 2231 2283
2178 2230 2232 2284
2179 2231 2233 2285
2180 2232 2234 2286
2181 2233 2287
2182 2234 2236 2288
2183 2237 2289
2184 2236 2238 2290
2185 2237 2239 2291
2186 2238 2240
2187 2239 2241 2293
2240 2242 2294
2189 2241 2243 2295
2190 2242 2244
2191 2243 2245 2297
2244 2246 2298
2193 2299
2194 2246 2248 2300
2195 2247 2301
2196 2248 2250
2197 2249 2251 2303
2250 2252 2304
2199 2251 2253 2305
2200 2252 2254 2306
2201 2253 2255 2307
2202 2254 2256 2308
2203 2255 2257 2309
2204 2256 2258 2310
2205 2257 2259 2311
2206 2258 2260
2207 2259 2261 2313
2260 2262 2314
2209 2261 2315
2210 2262 2264 2316
2211 2265 2317
2212 2264 2266 2318
2213 2265 2319
2214 2266 2268
2215 2267 2321
2216 2268 2270 2322
2217 2323
2218 2270 2272 2324
2219 2271 2273 2325
2220 2272 2274 2326
2221 2273 2275 2327
2222 2274 2276 2328
2223 2277 2329
2224 2276 2278 2330
2225 2277 2279 2331
2226 2278 2332
2227 2281 2333
2228 2280 2282 2334
2229 2281 2335
2230 2282 2284 2336
2231 2285 2337
2232 2284 2286 2338
2233 2285 2287 2339
2286 2288
2235 2287 2289 2341
2288 2290 2342
2237 2289 2291 2343
2238 2290 2292 2344
2239 2291 2293 2345
2292 2294
2241 2293 2347
2242 2294 2296 2348
2243 2295 2297 2349
2296 2298 2350
2245 2297 2351
2246 2298 2300 2352
2247 2353
2248 2300 2302 2354
2249 2301 2303 2355
2302 2304 2356
2251 2303 2305 2357
2304 2306 2358
2253 2359
2254 2306 2308 2360
2255 2307 2309 2361
2256 2308 2310 2362
2257 2311 2363
2258 2310 2312 2364
2259 2311 2313 2365
2260 2312 2314 2366
2261 2313 2315 2367
2314 2316 2368
2263 2315 2317 2369
2316 2318 2370
2265 2317 2319 2371
2318 2320
2267 2319 2321 2373
2268 2320 2322 2374
2269 2375
2270 2322 2324 2376
2271 2325 2377
2272 2324 2326 2378
2273 2325 2327 2379
2274 2326 2328 2380
2275 2329 2381
2276 2328 2330 2382
2277 2329 2331 2383
2330 2332
2279 2331 2385
2280 2334 2386
2281 2333 2335 2387
2334 2336 2388
2283 2337 2389
2284 2336 2338 2390
2285 2337 2339 2391
2338 2340 2392
2287 2339 2393
2340 2342 2394
2289 2341 2343 2395
2290 2342 2344 2396
2291 2343 2345 2397
2292 2344 2346 2398
2293 2347 2399
2294 2346 2348 2400
2295 2347 2401
2296 2348 2350 2402
2297 2349 2351 2403
2298 2350 2352
2299 2351 2353 2405
2300 2352 2354 2406
2301 2353 2355 2407
2302 2354 2356 2408
2303 2409
2304 2356 2358 2410
2305 2359 2411
2306 2358 2360 2412
2307 2359 2361 2413
2308 2360 2362 2414
2309 2361 2415
2362 2364 2416
2311 2363 2365 2417
2312 2364 2366 2418
2313 2365 2367 2419
2366 2368
2315 2367 2369 2421
2316 2368 2370 2422
2317 2369 2423
2370 2372 2424
2319 2371 2425
2320 2372 2374 2426
2321 2375 2427
2322 2374 2376 2428
2323 2375 2429
2376 2378 2430
2325 2379 2431
2326 2378 2380 2432
2327 2379 2381 2433
2328 2380 2382 2434
2329 2381 2383 2435
2330 2382 2384 2436
2331 2383 2385 2437
2332 2384 2438
2333 2387 2439
2386 2388 2440
2335 2387 2389 2441
2336 2388 2390 2442
2337 2443
2338 2390 2392 2444
2339 2391 2445
2340 2392 2394 2446
2341 2393 2395 2447
2342 2394 2396
2343 2397 2449
2396 2398 2450
2345 2399 2451
2346 2398 2400 2452
2347 2399 2401 2453
2348 2400 2402 2454
2349 2401 2403 2455
2350 2402 2404 2456
2351 2403 2405 2457
2352 2404 2406 2458
2353 2405 2407 2459
2406 2408 2460
2355 2407 2409 2461
2408 2410 2462
2357 2411 2463
2358 2410 2412 2464
2359 2411 2413 2465
2360 2412 2414 2466
2361 2415 2467
2362 2414 2416 2468
2363 2415 2469
2416 2418 2470
2365 2417 2471
2366 2418 2420 2472
2367 2421 2473
2368 2420 2422 2474
2369 2421 2423 2475
2370 2422 2424 2476
2371 2423 2425 2477
2372 2424 2426
2373 2425 2427 2479
2374 2426 2428
2375 2429 2481
2376 2428 2430 2482
2377 2429 2431 2483
2378 2430 2432 2484
2379 2431 2433 2485
2432 2434 2486
2381 2433 2487
2434 2436
2383 2435 2437 2489
2384 2436 2438 2490
2385 2437 2491
2386 2440
2387 2439 2441 2493
2440 2442 2494
2389 2441 2495
2390 2442 2444
2391 2443 2445 2497
2392 2444 2446 2498
2393 2445 2447 2499
2394 2446 2448 2500
2395 2447 2449 2501
2448 2450
2397 2449 2451 2503
2398 2450 2452
2399 2451 2453 2505
2452 2454 2506
2401 2453 2455 2507
2454 2456
2403 2455 2457 2509
2404 2456 2458 2510
2405 2457 2459 2511
2406 2458 2460 2512
2407 2459 2461 2513
2460 2462 2514
2409 2461 2463 2515
2410 2462 2464 2516
2411 2463 2465 2517
2412 2464 2466 2518
2413 2465 2467 2519
2414 2466 2468 2520
2415 2467 2469 2521
2416 2468 2470 2522
2417 2469 2471 2523
2418 2470 2472 2524
2419 2471 2473 2525
2420 2472 2474 2526
2421 2473 2527
2422 2474 2476 2528
2423 2475 2477 2529
2424 2476 2478
2425 2479 2531
2478 2480
2427 2479 2481 2533
2480 2482 2534
2429 2481 2483 2535
2482 2484 2536
2431 2483 2485 2537
2432 2484 2486 2538
2433 2485 2539
2434 2486 2488 2540
2435 2487 2541
2436 2488 2490 2542
2437 2489 2491 2543
2438 2490 2544
2439 2545
2492 2494 2546
2441 2493 2495 2547
2494 2496 2548
2443 2495 2497 2549
2444 2496 2498 2550
2445 2497 2499 2551
2446 2498 2500 2552
2447 2553
2448 2500 2502 2554
2449 2501 2555
2450 2502 2504 2556
2451 2505 2557
2452 2504 2506 2558
2453 2505 2507 2559
2506 2508 2560
2455 2509 2561
2456 2508 2510 2562
2457 2509 2563
2458 2510 2512
2459 2511 2513 2565
2512 2514 2566
2461 2513 2515 2567
2514 2516
2463 2515 2517 2569
2464 2516 2518 2570
2465 2517 2519 2571
2466 2518 2520
2467 2519 2521 2573
2468 2520 2522
2469 2521 2523 2575
2470 2522 2524 2576
2471 2525 2577
2472 2524 2526 2578
2473 2525 2579
2474 2526 2528 2580
2475 2527 2529 2581
2476 2528 2530
2477 2529 2531 2583
2530 2532 2584
2479 2531 2533 2585
2480 2532 2534 2586
2481 2533 2535 2587
2482 2534 2536
2483 2535 2537 2589
2484 2536 2538 2590
2485 2537 2591
2486 2538 2540 2592
2487 2539 2593
2488 2540 2542 2594
2489 2543 2595
2490 2542 2544 2596
2491 2543 2597
2492 2546 2598
2493 2545 2547 2599
2494 2546 2548 2600
2495 2547 2549 2601
2496 2548 2550
2497 2549 2551 2603
2550 2552 2604
2499 2551 2553 2605
2500 2552 2554 2606
2501 2553 2555 2607
2502 2554 2556 2608
2503 2555 2609
2504 2556 2558 2610
2505 2557 2611
2558 2560 2612
2507 2613
2508 2560 2562 2614
2509 2563 2615
2562 2564 2616
2511 2563 2617
2564 2566 2618
2513 2565 2567 2619
2514 2566 2568 2620
2515 2567 2621
2516 2568 2570 2622
2517 2569 2623
2518 2570 2572 2624
2519 2571 2625
2520 2572 2574 2626
2521 2575 2627
2522 2574 2576 2628
2523 2577 2629
2576 2578 2630
2525 2577 2579 2631
2526 2578 2580
2527 2633
2580 2582 2634
2529 2635
2530 2582 2584 2636
2531 2583 2585 2637
2584 2586 2638
2533 2587 2639
2586 2588 2640
2535 2587 2589 2641
2536 2588 2590 2642
2537 2643
2538 2590 2592
2539 2591 2645
2540 2592 2594
2541 2593 2595 2647
2594 2596 2648
2543 2649
2596
2545 2599 2651
2546 2598 2600 2652
2547 2599 2601 2653
2600 2602
2549 2601 2655
2550 2602 2604
2551 2603 2605 2657
2552 2604 2606 2658
2553 2605 2607 2659
2554 2606 2608 2660
2555 2609 2661
2556 2608 2610 2662
2557 2609 2611 2663
2558 2610 2612 2664
2559 2611 2665
2612 2614 2666
2561 2613 2615 2667
2562 2614 2616 2668
2563 2617 2669
2564 2616 2618 2670
2565 2617 2619 2671
2566 2618 2620 2672
2567 2619 2621 2673
2620 2622 2674
2569 2621 2675
2570 2622 2624 2676
2571 2623 2625 2677
2624 2626 2678
2573 2625 2627 2679
2574 2626 2628 2680
2575 2627 2629 2681
2628 2630 2682
2577 2629 2683
2578 2630 2632
2579 2633 2685
2580 2632 2634 2686
2581 2633 2687
2582 2634 2636 2688
2583 2635 2689
2584 2636 2638 2690
2585 2639 2691
2586 2638 2640 2692
2587 2639 2641 2693
2640 2642
2589 2641 2695
2590 2642 2644
2591 2643 2645 2697
2592 2644 2646
2593 2645 2647 2699
2646 2648 2700
2595 2647 2649 2701
2648 2650 2702
2597 2649 2703
2598 2652
2599 2651 2653 2705
2600 2652 2654 2706
2601 2653 2707
2654 2656 2708
2603 2655 2657 2709
2604 2656 2658
2605 2657 2711
2606 2658 2660 2712
2607 2659 2661 2713
2608 2660 2662 2714
2609 2661 2663 2715
2610 2662 2664
2611 2663 2665 2717
2664 2666 2718
2613 2719
2614 2666 2668 2720
2615 2667 2669 2721
2616 2668 2670 2722
2617 2671 2723
2618 2670 2672 2724
2619 2671 2673 2725
2620 2672 2674 2726
2621 2673 2675 2727
2622 2674 2676
2623 2677 2729
2624 2676 2678 2730
2625 2677 2679 2731
2626 2678 2680 2732
2627 2679 2681 2733
2628 2680 2682 2734
2629 2681 2735
2682 2684 2736
2631 2683 2685 2737
2632 2684 2686 2738
2633 2685 2687 2739
2634 2686 2688 2740
2635 2689 2741
2688 2690
2637 2691 2743
2638 2690 2692 2744
2639 2691 2745
2640 2692 2694 2746
2641 2693 2747
2694 2696 2748
2643 2695 2697 2749
2696 2698
2645 2699 2751
2646 2698 2700 2752
2647 2753
2648 2700 2702
2649 2703 2755
2650 2702 2756
2651 2705 2757
2652 2704 2706
2653 2705 2707 2759
2654 2706 2708 2760
2655 2707 2709 2761
2656 2708 2710
2657 2711 2763
2658 2710 2712 2764
2659 2711 2713 2765
2660 2712 2714 2766
2661 2715 2767
2662 2714 2716 2768
2663 2717 2769
2664 2716 2718 2770
2665 2771
2718 2720 2772
2667 2719 2773
2668 2720 2722 2774
2669 2723 2775
2670 2722 2724 2776
2671 2723 2725 2777
2672 2724 2726
2673 2727 2779
2674 2726 2728
2675 2727 2729 2781
2676 2728 2730
2677 2729 2731 2783
2730 2732 2784
2679 2731 2785
2680 2732 2734 2786
2681 2733 2787
2682 2734 2736 2788
2683 2735 2737 2789
2684 2736 2738 2790
2685 2737 2739 2791
2686 2738 2740 2792
2687 2741 2793
2688 2740 2742
2689 2795
2690 2742 2744 2796
2691 2743 2745 2797
2744 2746 2798
2693 2745 2747 2799
2694 2746 2748 2800
2695 2749 2801
2748 2750 2802
2697 2749 2751 2803
2698 2750 2752
2699 2753 2805
2700 2752 2754 2806
2701 2753 2755 2807
2754 2756 2808
2703 2755 2809
2704 2758
2705 2757 2759
2706 2758 2760
2707 2761
2708 2760 2762
2709 2761 2763
2710 2762 2764
2711 2763 2765
2712 2764 2766
2713 2765
2714 2766 2768
2715 2767 2769
2716 2768 2770
2717 2771
2770 2772
2719
2772 2774
2721 2773 2775
2722 2774 2776
2723 2775
2724 2776 2778
2725 2777
2726 2778 2780
2727 2779 2781
2728 2780 2782
2729 2781 2783
2730 2782 2784
2731 2783 2785
2732 2784 2786
2733
2734 2786 2788
2735 2789
2736 2788 2790
2737 2789
2738 2790 2792
2739 2791 2793
2740 2792 2794
2741 2793
2742 2794 2796
2743 2795
2744 2796 2798
2745 2797
2746 2798 2800
2747 2799 2801
2748 2800 2802
2749
2750 2802 2804
2751 2803 2805
2752 2804 2806
2753
2754 2806 2808
2755 2809
2756 2808
