3249 10855 0
2 58
1 3 59
2 4 60
3 61
4 6
5 7 63
6 8 64
9 65
8 10 66
9 11 67
10 12 68
11 13 69
12 14 70
13 71
14 16 72
15 17 73
16 18 74
17 19 75
18 20 76
19 21 77
20 22 78
21 23 79
22 24
23 25 81
24 26
27 83
26 28 84
27 29 85
28 30 86
29 87
30 32 88
33 89
32 34
91
34 36 92
93
36 38
37 95
38 40 96
39 41 97
40 42 98
41 99
42 44 100
43 45 101
44 46 102
47 103
46 48 104
47 49 105
48 50 106
49 51 107
50 52
51 53 109
52 54 110
53 55 111
54 56 112
55 113
56
1 59 115
2 58 60 116
3 59 61 117
4 60 62 118
5 61 63 119
6 62 64 120
7 63 65 121
8 64 66 122
9 65 123
10 66 68
11 67 69 125
12 68 70 126
13 69 71 127
14 70 72 128
15 129
72 74
17 73 75 131
18 74 76 132
19 77 133
20 76 78 134
21 77 79 135
22 78 80 136
23 81 137
80 82 138
25 81 83 139
26 82 84
27 83 85 141
84 86 142
29 87 143
30 86 88 144
31 87 89 145
88 90 146
33 91 147
90 92 148
35 93 149
36 92 94 150
37 95 151
94 96 152
39 95 97 153
40 96 98
41 99 155
42 98 100 156
43 99 101 157
44 100 102 158
45 101 159
46 102 104 160
47 105 161
104 106 162
49 105 107 163
50 106 108
51 165
108 110 166
53 109 111 167
54 110 112
55 111 169
112 114
57 171
58 116 172
59 115 117 173
60 116 118
61 117 119 175
62 118 120
63 119 121 177
64 120 122
65 121 179
122 124 180
67 123 125 181
124 126 182
69 125 127 183
70 126 128
71 127 129 185
72 128 130 186
73 129 187
74 130 132
75 131 189
76 132 134 190
77 135 191
78 134 136 192
79 193
80 136 138 194
81 139 195
138 140 196
83 197
140 142 198
85 143 199
86 142 144 200
87 143 145 201
88 144 146 202
89 145 203
90 146 148
91 147 149 205
92 148 150 206
93 207
150 152 208
95 151 153 209
96 152 154 210
97 155 211
98 154 156 212
99 155 157 213
100 156 158 214
101 159 215
102 158 160 216
103 159 161 217
104 160 162 218
105 161 219
106 162 164 220
107 163 165 221
108 164 166
109 223
110 166 168 224
111 167 169 225
168 170 226
113 169 171 227
170 228
115 173 229
116 172 174 230
117 173 175 231
118 174 176
119 177 233
120 176 178 234
121 235
122 178 180
123 181 237
124 180 182
125 183 239
126 182 184
127 185 241
184 186 242
129 187 243
130 186 188
131 189 245
132 188 190
133 189 191 247
134 190 192 248
135 191 193 249
192 194
137 193 195 251
194 196 252
139 195 253
140 196 198 254
141 197 255
142 198 200 256
143 201 257
144 200 202 258
145 201 259
146 202 204 260
147 205 261
204 206
149 207 263
206 208
151 207 265
152 208 210 266
153 211 267
154 210 212 268
155 211 213 269
156 212 214
157 215 271
158 214 216 272
159 215 217 273
160 216 218 274
161 219 275
218 220 276
163 219 277
164 220 222 278
165 223 279
166 222 224 280
167 223 225 281
168 224 226 282
169 283
226 228 284
171 227 285
230 286
173 231 287
174 230 232 288
175 233 289
176 232 234
177 235 291
234 236
179 235 237 293
180 236 238 294
181 237 239 295
182 238 240 296
183 239 241 297
240 242
185 243 299
242 244 300
187 245 301
188 244 246 302
189 245 303
190 246 248 304
191 247 249 305
192 248 250 306
193 249 251 307
194 250 252 308
195 251 253 309
196 252 254 310
197 253 255 311
254 256
199 255 313
200 256 258 314
201 259 315
202 258 260
203 261 317
204 260 262
205 261 263 319
262 264 320
207 265 321
264 266 322
209 265 267 323
210 266 268 324
211 267 269 325
212 268 270
213 269 271 327
214 270 272 328
215 273 329
216 272 274 330
217 275 331
218 274 276 332
219 275 277 333
220 276 278 334
221 277 279 335
278 280 336
223 281 337
224 280 282 338
225 339
282 284 340
227 285 341
228 284 342
229 287 343
230 286 288 344
231 287 289 345
288 290 346
233 289 291 347
290 292 348
235 291 293 349
236 292 294 350
237 351
294 296
239 295 297 353
296 298 354
241 297 299 355
298 300
243 301 357
300 302 358
245 301 303 359
246 302 304 360
247 305 361
248 304 306 362
249 305 307 363
250 306 308 364
251 307 365
252 308 310 366
253 367
254 310 312 368
255 311 313 369
256 312 314 370
257 371
314 316 372
259 315 317 373
316 318 374
261 317 375
318 320
263 377
264 320 322
265 379
322 324 380
267 381
268 324 326 382
269 325 327 383
326 328 384
271 329 385
328 330
273 331 387
274 330 332 388
275 331 333 389
332 334
277 333 391
278 334 336 392
279 335 337 393
280 336 338
281 337 339 395
282 338 340 396
283 339 341 397
340 342 398
285 399
286 344 400
287 345 401
288 344 346
289 345 347 403
346 348 404
291 347 405
348 350 406
293 349 351 407
294 350 352
295 353 409
296 352 354 410
297 411
298 354 356 412
299 355 413
356 358 414
301 415
302 358 360 416
303 359 361 417
304 360 362
305 361 419
362 364 420
307 365 421
308 364 366 422
309 365 367 423
366 368
311 369 425
312 368 370 426
313 369 371 427
314 370 372 428
315 371 373 429
316 372 374
317 375 431
318 374 376 432
319 375 377 433
376 378 434
321 377 435
322 378 380
323 379 437
324 380 382 438
325 381 383 439
326 382 384 440
327 383 441
328 384 386
329 443
330 386 388 444
331 387 389 445
332 388 390 446
333 389 447
334 390 392 448
335 391 393 449
336 392 394 450
337 393 395 451
338 394 396 452
339 395 397 453
340 396 398 454
341 397 399 455
342 398
343 401 457
400 402
345 401 403 459
402 404 460
347 403 461
404 406 462
349 405 407 463
350 406 408 464
351 407 465
352 408 410 466
353 411 467
410 412 468
355 413 469
412 414 470
357 413 415 471
358 414 416 472
359 415 417 473
360 416 418 474
361 419 475
362 418 420
363 419 421 477
420 422 478
365 421 423 479
366 422 424
367 423 425 481
424 426
369 425 427 483
370 426 428
371 429 485
428 430
373 429 487
374 430 432 488
375 433 489
376 432 434 490
377 433 435 491
378 434 436 492
379 435 437 493
380 436 438
381 439 495
382 438 440 496
383 439 441 497
384 440 442 498
385 441 443 499
442 444 500
387 443 445 501
388 444 446 502
389 445 447 503
390 446 448 504
391 449 505
392 448 450
393 507
394 450 452 508
395 451 509
396 452 454 510
397 455 511
454 456 512
399 455 513
458 514
401 457 515
458 460 516
403 459 461 517
460 462
405 461 463 519
462 464 520
407 463 521
408 464 466 522
409 465 467 523
410 466 468 524
411 467 469 525
412 468 470 526
413 471 527
470 472
415 471 529
416 472 474 530
417 475 531
474 476 532
419 475 477 533
420 476 478
421 477 535
478 480 536
423 479 537
424 480 482 538
425 483 539
426 482 484
427 483 485 541
428 484 486 542
429 487 543
486 488
431 487 489 545
432 488 490 546
433 489 491 547
434 490 492 548
435 493 549
436 492 494 550
437 493 495 551
438 494 496 552
439 495 497 553
496 498 554
441 499 555
442 498 500
443 499 501 557
444 500 502 558
445 501 503 559
502 504
447 503 505 561
504 506 562
449 505 563
450 506 508 564
451 507 565
452 508 510 566
453 509 511 567
454 510 512 568
455 511 569
512 570
457 571
458 514 516 572
459 515 517 573
460 516 518 574
461 519 575
518 520
463 577
464 520 522
465 521 579
466 522 524 580
467 523 525 581
468 524 526 582
469 525 527 583
526 528 584
471 527 529 585
472 528 530 586
473 529 587
474 530 532 588
475 589
476 532 534 590
477 535 591
478 534 536
479 535 593
480 536 538 594
481 539 595
482 538 540
483 539 541 597
484 540 542
485 543 599
486 542 544
487 545 601
488 544 546
489 545 547 603
490 546 548
491 547 549 605
492 548 550 606
493 549 551 607
494 550 552 608
495 551 553 609
496 552 554
497 553 611
498 554 556
499 557 613
500 556 558
501 557 559 615
558 560 616
503 561 617
504 560 562 618
505 561 563 619
506 562 564 620
507 563 565 621
508 564 566
509 565 567 623
510 566 568 624
511 567 625
512 568 570 626
513 569 627
572
515 573 629
516 572 574 630
517 573 575 631
518 574 576 632
519 575 633
520 576 578 634
521 579 635
522 578 580 636
523 581 637
524 580 582
525 581 583 639
582 584 640
527 583 641
528 584 586 642
529 585 587 643
586 588 644
531 587 589 645
588 590
533 589 591 647
590 592 648
535 591 649
536 592 594
537 651
594 596
539 595 597 653
596 598 654
541 597 599 655
598 600 656
543 599 657
544 600 602
545 603 659
602 604
547 605 661
548 604 606
549 605 607 663
550 606 608 664
551 607 609 665
552 608 610 666
553 611 667
554 610 612 668
555 611 669
556 612 614
557 613 615 671
558 614 616
559 615 617 673
560 616 618
561 617 619 675
618 620
563 619 621 677
620 622 678
565 621 623 679
622 624
567 623 681
568 624 626
569 627 683
570 626
571 629 685
572 628 630 686
573 687
574 630 632
575 631 633 689
576 632 634 690
577 691
578 634 636 692
579 635 637 693
580 636 638
581 637 639 695
582 638 640 696
583 697
640 642 698
585 641 643 699
586 642 644 700
587 643 701
644 646 702
589 703
646 648
591 647 649 705
648 650
593 649 651 707
594 650 652 708
595 653 709
596 652 654
597 653 655 711
598 654 656 712
599 713
656 658 714
601 657 659 715
602 658 660
603 717
604 660 662
605 661 719
662 664 720
607 663 665 721
608 664 666
609 665 723
610 666 668 724
611 725
612 668 670 726
613 669 671 727
614 670 672 728
615 671 729
616 672 674 730
617 675 731
618 674 676
619 733
620 676 678 734
621 677 735
622 678 680
623 679 737
624 680 682 738
625 683 739
682 684 740
627 683 741
628 686 742
629 685 743
630 686 688 744
631 745
632 688 690 746
633 689 691 747
690 692
635 691 749
692 694 750
637 693 695 751
638 694 696
639 695 697 753
696 698
641 697 699 755
642 698 700 756
643 699 701 757
644 700 702
645 703 759
702 704
647 705 761
648 704 706 762
649 705 707 763
706 708 764
651 709 765
652 708 710 766
653 709 767
654 710 712 768
655 713 769
712 714 770
657 715 771
658 714 716 772
659 717 773
716 718 774
661 719 775
662 718 720 776
663 719 721 777
664 720 722
665 779
666 722 724 780
667 781
668 724 726 782
669 725 727 783
726 728
671 729 785
672 728 730 786
673 787
674 730 732 788
675 731 733 789
732 734 790
677 733 735 791
734 736 792
679 793
680 736 738 794
681 737 739 795
738 740 796
683 739 741 797
740 798
685 743 799
742 744 800
687 743 801
688 744 746
689 745 803
690 746 748 804
691 749 805
692 748 750
693 749 751 807
694 750 752
695 751 753 809
752 754 810
697 753 811
754 756 812
699 755 757 813
756 758 814
701 759 815
702 758 760 816
703 759 761 817
704 760 762 818
705 761 763 819
706 762 764 820
707 763 821
708 764 766 822
709 765 767 823
766 768 824
711 767 769 825
712 768 770 826
713 769 827
714 770 772
715 771 773 829
716 772 774 830
717 775 831
718 774 776
719 777 833
776 778 834
721 777 835
778 780 836
723 779 781 837
724 780 782
725 781 783 839
726 782 784
727 785 841
728 784 786 842
729 787 843
730 786 788 844
731 787 845
732 788 790 846
733 789 791 847
734 790 792 848
735 791 793 849
736 792 794
737 793 795 851
794 796 852
739 795 797 853
796 798 854
741 797 855
742 800 856
743 799 801 857
744 800 802 858
745 803 859
802 804
747 803 861
804 806 862
749 805 807 863
750 806 808
751 809 865
808 810 866
753 809 811 867
810 812
755 811 813 869
812 814
757 813 815 871
758 814 816
759 815 817 873
760 816 818 874
761 817 819 875
762 818 820 876
763 819 821 877
764 820 822
765 821 823 879
766 822 824 880
767 881
768 824 826 882
769 827 883
770 826 828 884
771 827 829 885
772 828 830 886
773 887
774 830 832 888
775 833 889
776 832 834 890
777 891
834 836 892
779 835 837 893
780 836 838 894
781 895
782 838 840 896
783 839 841 897
784 840 842 898
785 899
786 842 844
787 843 901
788 844 846 902
789 845 847 903
790 846 848
791 847 905
792 848 850 906
793 849 907
794 850 852 908
795 851 909
796 852 854 910
797 855 911
854
799 913
800 856 858 914
801 857 859 915
802 858 860
803 859 917
804 860 862 918
805 861 863 919
806 862 864
807 863 865 921
864 866
809 865 867 923
810 866 868 924
811 867 925
812 868 870
813 871 927
814 870 872 928
815 873 929
872 874
817 873 875 931
874 876 932
819 875 877 933
820 876 878 934
821 877 879 935
878 880
823 879 881 937
824 880 882 938
825 939
826 882 884 940
827 883 885 941
884 886 942
829 885 887 943
830 886 888 944
831 887 945
888 890
833 947
890 892 948
835 949
836 892 894 950
837 893 895 951
838 894 896 952
839 895 897 953
840 896 898 954
841 899 955
898 900 956
843 899 901 957
844 900 902 958
845 903 959
846 902 904 960
847 903 905 961
848 904 906
849 907 963
906 908 964
851 907 909 965
852 908 910 966
853 909 967
910 912 968
855 911 969
856 914 970
857 915 971
858 914 916 972
859 915 917 973
860 916 918
861 975
918 920 976
863 919 921 977
920 922 978
865 921 923 979
866 922 924 980
867 923 925 981
924 926 982
869 925 927 983
926 928 984
871 927 929 985
872 928 930 986
873 987
874 930 932 988
875 931 989
932 934
877 991
934 936 992
879 935 937 993
880 936 938 994
881 937 939 995
938 940 996
883 941 997
884 940 942 998
885 941 943 999
886 942 944
887 943 945 1001
888 944 946 1002
889 1003
890 946 948 1004
891 947 1005
948 950 1006
893 951 1007
950 952
895 953 1009
896 952 954 1010
897 953 955 1011
898 954 956 1012
899 1013
956 958
901 959 1015
902 958 960
903 959 1017
904 960 962
905 963 1019
906 962 964
907 965 1021
908 964 966 1022
909 967 1023
966 968
911 967 969 1025
912 968 1026
913 971 1027
914 970 972 1028
915 971 973 1029
916 972 974 1030
917 975 1031
918 974 976
919 975 977 1033
920 976 978 1034
921 1035
978 980 1036
923 979 981 1037
980 982 1038
925 983 1039
926 982 984 1040
927 983 985 1041
928 984 986 1042
929 985 1043
986 988
931 989 1045
932 988 990 1046
933 991 1047
934 990 992 1048
935 991 993 1049
936 992 994 1050
937 1051
938 994 996 1052
939 995 1053
940 996 998
941 997 1055
942 998 1000 1056
943 999 1001 1057
944 1000 1002 1058
945 1001 1059
946 1002 1004 1060
947 1003 1005 1061
948 1004 1006
949 1005 1063
1006 1008
951 1007 1009 1065
1008 1010 1066
953 1009 1067
1010 1012 1068
955 1013 1069
956 1012 1014 1070
957 1013 1015 1071
958 1014 1016 1072
959 1015 1073
960 1016 1018
961 1017 1075
1018 1020 1076
963 1021 1077
964 1020 1022
965 1021 1023 1079
966 1022 1024 1080
967 1023 1025 1081
968 1024 1026
969 1025 1083
1028
971 1027 1029 1085
972 1028 1030 1086
973 1029 1087
974 1030 1032
975 1031 1033 1089
976 1032 1034 1090
977 1033 1091
1034 1036 1092
979 1037 1093
980 1036 1038 1094
981 1037 1039 1095
1038 1040
983 1039 1097
984 1040 1042 1098
985 1041 1043 1099
986 1042 1044 1100
987 1043 1101
988 1044 1046 1102
989 1047 1103
990 1046 1048 1104
991 1047 1105
1048 1050
993 1049 1107
1050 1052 1108
995 1051 1109
996 1052 1054 1110
997 1053 1055 1111
998 1054 1056 1112
999 1057 1113
1000 1056 1058
1001 1057 1115
1058 1060 1116
1003 1061 1117
1060 1062
1005 1061 1063 1119
1006 1062 1064
1007 1063 1065 1121
1008 1064 1066 1122
1009 1065 1067 1123
1010 1066 1068 1124
1011 1069 1125
1012 1068 1070
1013 1071 1127
1070 1072
1015 1073 1129
1016 1072 1074 1130
1017 1073 1075 1131
1018 1074 1076
1019 1075 1133
1020 1076 1078
1021 1079 1135
1078 1080
1023 1137
1024 1080 1082 1138
1025 1081 1083 1139
1026 1082 1140
1027 1141
1028 1084 1086 1142
1029 1087 1143
1086 1088 1144
1031 1087 1089 1145
1088 1090 1146
1033 1089 1091 1147
1034 1090 1092 1148
1035 1093 1149
1036 1092 1094 1150
1037 1093 1095 1151
1038 1094 1096 1152
1039 1095 1097 1153
1040 1096 1098 1154
1041 1097 1155
1042 1098 1100 1156
1043 1099 1157
1044 1100 1102 1158
1045 1101 1103 1159
1046 1102 1104 1160
1047 1103 1105 1161
1104 1106
1049 1105 1163
1050 1106 1108 1164
1051 1107 1109 1165
1108 1110
1053 1109 1167
1054 1110 1112
1055 1111 1113 1169
1056 1112 1114 1170
1057 1113 1115 1171
1058 1114 1116 1172
1059 1115 1117 1173
1060 1116 1118
1061 1117 1119 1175
1062 1118 1120
1063 1177
1120 1122 1178
1065 1123 1179
1066 1122 1124 1180
1067 1125 1181
1068 1124 1126 1182
1069 1125 1183
1126 1128
1071 1127 1185
1072 1128 1130 1186
1073 1129 1187
1130 1132 1188
1075 1133 1189
1132 1134
1077 1133 1135 1191
1078 1134 1136 1192
1079 1135 1137 1193
1080 1136 1138 1194
1081 1137 1139 1195
1138 1140 1196
1083 1139 1197
1142 1198
1085 1199
1086 1142 1144
1087 1201
1144 1146 1202
1089 1145 1147 1203
1090 1146 1148 1204
1091 1147 1205
1148 1150 1206
1093 1149 1207
1094 1150 1152
1095 1153 1209
1096 1152 1154 1210
1097 1153 1155 1211
1098 1154 1156 1212
1099 1155 1157 1213
1100 1156 1158 1214
1101 1157 1159 1215
1102 1158 1160 1216
1103 1159 1217
1104 1160 1162 1218
1105 1161 1163 1219
1162 1164
1107 1163 1165 1221
1108 1164 1166 1222
1109 1165 1167 1223
1110 1166 1168
1111 1167 1169 1225
1112 1168 1170 1226
1113 1171 1227
1114 1170 1172 1228
1115 1171 1173 1229
1116 1172 1174
1117 1173 1175 1231
1174 1176 1232
1119 1175 1177 1233
1120 1176 1178
1121 1177 1179 1235
1178 1180 1236
1123 1237
1124 1180 1182 1238
1125 1181 1239
1126 1182 1184 1240
1127 1183 1241
1128 1184 1186 1242
1129 1185 1187 1243
1130 1186 1188 1244
1131 1187 1189 1245
1132 1188 1190
1133 1191 1247
1134 1190 1192 1248
1135 1191 1193 1249
1136 1192 1194
1137 1195 1251
1194 1196 1252
1139 1195 1253
1140 1196 1254
1141 1199 1255
1198 1200 1256
1143 1199 1201 1257
1144 1200 1202 1258
1145 1203 1259
1146 1202 1204 1260
1147 1203 1261
1148 1204 1206 1262
1149 1205 1207 1263
1150 1206 1208
1151 1265
1152 1208 1210 1266
1153 1209 1211 1267
1154 1210 1212 1268
1155 1211 1213 1269
1212 1214 1270
1157 1215 1271
1158 1214 1216
1159 1215 1273
1160 1216 1218 1274
1161 1219 1275
1162 1218 1220
1163 1219 1277
1164 1220 1222
1165 1221 1223 1279
1166 1222 1224 1280
1167 1225 1281
1224 1226 1282
1169 1227 1283
1226 1228 1284
1171 1227 1229 1285
1172 1228 1230 1286
1173 1231 1287
1230 1232 1288
1175 1231 1289
1176 1232 1234
1177 1233 1235 1291
1178 1234 1236
1179 1237 1293
1180 1236 1238
1181 1237 1295
1182 1238 1240 1296
1183 1239 1297
1240 1242
1185 1241 1243 1299
1242 1244
1187 1243 1245 1301
1188 1244 1246 1302
1189 1245 1303
1190 1246 1248
1191 1247 1249 1305
1192 1248 1250 1306
1193 1249 1251 1307
1194 1250 1252 1308
1195 1309
1196 1252 1254 1310
1197 1253 1311
1198 1256 1312
1199 1255 1257 1313
1200 1256 1258 1314
1201 1257 1259 1315
1202 1258 1260
1203 1317
1204 1260 1262 1318
1205 1261 1319
1206 1262 1264 1320
1207 1263 1321
1208 1264 1266 1322
1209 1265 1323
1210 1266 1268 1324
1211 1267 1325
1212 1268 1270 1326
1213 1269 1271 1327
1214 1270 1272 1328
1215 1271 1273 1329
1216 1272 1274 1330
1217 1331
1274 1276 1332
1219 1275 1333
1220 1276 1278 1334
1221 1277 1279 1335
1278 1280
1223 1279 1337
1280 1282 1338
1225 1281 1283 1339
1226 1282 1284 1340
1227 1283 1285 1341
1228 1284 1286 1342
1229 1287 1343
1230 1286 1288 1344
1231 1289 1345
1232 1288 1290
1233 1289 1347
1234 1290 1292 1348
1235 1291 1293 1349
1236 1292 1294 1350
1237 1293 1351
1294 1296
1239 1295 1353
1240 1296 1298
1241 1297 1355
1242 1298 1300
1243 1299 1301 1357
1300 1302
1245 1301 1303 1359
1246 1302 1304
1247 1303 1305 1361
1248 1304 1306
1249 1305 1363
1250 1306 1308 1364
1251 1307 1365
1252 1308 1310
1253 1311 1367
1254 1310 1368
1255 1313 1369
1256 1312 1314 1370
1257 1313 1371
1258 1314 1316 1372
1259 1317 1373
1316 1318 1374
1261 1317 1319 1375
1262 1318 1320
1263 1319 1377
1264 1320 1322 1378
1265 1321 1323 1379
1266 1322 1324 1380
1267 1381
1268 1324 1326 1382
1269 1325 1383
1270 1326 1328
1271 1327 1385
1272 1328 1330
1273 1329 1331 1387
1274 1330 1332 1388
1275 1331 1333 1389
1332 1334 1390
1277 1391
1278 1334 1336
1279 1335 1337 1393
1336 1338 1394
1281 1337 1339 1395
1282 1338 1340 1396
1283 1339 1397
1284 1340 1342
1285 1341 1343 1399
1286 1342 1344 1400
1287 1343 1401
1344 1346
1289 1345 1403
1290 1346 1348 1404
1291 1347 1405
1292 1348 1350 1406
1293 1349 1351 1407
1294 1350 1352
1295 1353 1409
1296 1352 1354 1410
1297 1353 1355 1411
1298 1354 1356 1412
1299 1413
1356 1358 1414
1301 1359 1415
1302 1358 1360 1416
1303 1359 1417
1304 1360 1362 1418
1305 1363 1419
1306 1362 1364 1420
1307 1363 1365 1421
1308 1364 1366 1422
1309 1365 1367 1423
1310 1366 1368 1424
1311 1425
1370 1426
1313 1369 1371 1427
1370 1372 1428
1315 1429
1372 1374 1430
1317 1373 1375 1431
1318 1374 1376
1319 1377 1433
1320 1376 1378
1321 1379 1435
1322 1378 1380 1436
1323 1379 1381 1437
1324 1380 1382 1438
1325 1381 1383 1439
1326 1382 1384 1440
1327 1383 1385 1441
1384 1386 1442
1329 1385 1387 1443
1330 1386 1388
1331 1387 1389 1445
1388 1390
1333 1389 1391 1447
1334 1390 1392
1335 1391 1449
1336 1392 1394 1450
1337 1393 1451
1338 1394 1396 1452
1339 1453
1340 1396 1398 1454
1341 1397 1399 1455
1342 1398 1400 1456
1343 1399 1401 1457
1344 1400 1402 1458
1345 1403 1459
1346 1402 1404
1347 1403 1405 1461
1348 1404 1406 1462
1349 1405 1407 1463
1350 1406 1408 1464
1351 1407 1409 1465
1352 1408 1410
1353 1467
1354 1410 1412 1468
1355 1411 1413 1469
1356 1412 1414 1470
1357 1413 1415 1471
1414 1416 1472
1359 1415 1417 1473
1360 1416 1418 1474
1361 1417 1419 1475
1418 1420
1363 1421 1477
1420 1422
1365 1421 1423 1479
1366 1422 1424
1367 1423 1425 1481
1368 1424 1482
1369 1427 1483
1370 1426 1428 1484
1371 1485
1372 1428 1430 1486
1373 1429 1487
1430 1432 1488
1375 1431 1433 1489
1376 1432 1434 1490
1377 1491
1378 1434 1436
1379 1437 1493
1380 1436 1438 1494
1381 1437 1495
1382 1438 1440
1383 1439 1441 1497
1384 1440 1442 1498
1385 1499
1442 1444
1387 1443 1445 1501
1388 1444 1446 1502
1389 1447 1503
1446 1448 1504
1391 1505
1448 1450 1506
1393 1451 1507
1450 1452
1395 1451 1453 1509
1396 1452 1454
1397 1453 1455 1511
1398 1454 1456
1399 1455 1457 1513
1400 1456 1458 1514
1401 1457 1459 1515
1402 1458 1460 1516
1403 1459 1461 1517
1460 1462 1518
1405 1461 1463 1519
1406 1462 1464 1520
1407 1463 1465 1521
1408 1464 1466 1522
1409 1523
1410 1466 1468 1524
1411 1467 1469 1525
1412 1468 1470
1413 1469 1471 1527
1414 1470 1472
1415 1473 1529
1472 1474 1530
1417 1531
1474 1476 1532
1419 1475 1477 1533
1476 1478
1421 1477 1479 1535
1422 1478 1480
1423 1479 1481 1537
1424 1480 1482
1425 1481 1539
1426 1484
1427 1483 1541
1484 1486
1429 1485 1487 1543
1430 1486 1488
1431 1487 1545
1432 1488 1490 1546
1433 1491 1547
1490 1492 1548
1435 1491 1493 1549
1492 1494 1550
1437 1493 1495 1551
1438 1494 1496
1439 1495 1553
1440 1496 1498 1554
1441 1499 1555
1498 1500 1556
1443 1499 1501 1557
1444 1500 1502 1558
1445 1503 1559
1502 1504 1560
1447 1503 1505 1561
1448 1504 1506 1562
1449 1505 1507 1563
1450 1506 1508 1564
1451 1507 1509 1565
1452 1508 1510
1453 1509 1511 1567
1510 1512 1568
1455 1511 1513 1569
1456 1512 1514
1457 1513 1571
1514 1516 1572
1459 1515 1573
1460 1516 1518 1574
1461 1519 1575
1462 1518 1520 1576
1463 1519 1521 1577
1464 1520 1522 1578
1465 1521 1523 1579
1466 1522 1524
1467 1523 1525 1581
1468 1524 1526 1582
1469 1527 1583
1526 1528 1584
1471 1527 1529 1585
1528 1530 1586
1473 1529 1531 1587
1474 1530 1532 1588
1475 1531 1589
1476 1532 1534 1590
1477 1533 1591
1478 1534 1536 1592
1479 1535 1537 1593
1480 1536 1538 1594
1481 1539 1595
1538 1596
1483 1597
1540 1542 1598
1485 1543 1599
1486 1542 1544
1487 1601
1488 1544 1546
1489 1545 1603
1490 1546 1548 1604
1491 1547 1605
1492 1548 1550
1493 1607
1494 1550 1552
1495 1551 1609
1552 1554
1497 1553 1611
1554 1556
1499 1555 1613
1500 1556 1558 1614
1501 1557 1559 1615
1558 1560 1616
1503 1561 1617
1504 1560 1562 1618
1505 1561 1563 1619
1506 1562 1564 1620
1507 1565 1621
1564 1566
1509 1565 1567 1623
1510 1566 1568
1511 1567 1625
1512 1568 1570 1626
1513 1569 1571 1627
1570 1572 1628
1515 1571 1629
1572 1574 1630
1517 1573 1575 1631
1518 1574 1576 1632
1519 1577 1633
1520 1576 1578
1521 1577 1579 1635
1522 1578 1580 1636
1523 1579 1581 1637
1580 1582
1525 1583 1639
1526 1582 1584 1640
1527 1583 1641
1528 1584 1586
1529 1585 1587 1643
1530 1586 1588
1531 1645
1532 1588 1590
1533 1589 1647
1534 1590 1592 1648
1535 1591 1593 1649
1536 1592 1594 1650
1537 1593 1595 1651
1538 1594 1596 1652
1539 1595 1653
1540 1598
1541 1599 1655
1598 1600
1543 1599 1601 1657
1544 1600 1602
1545 1603 1659
1602 1604
1547 1603 1605 1661
1604 1606
1549 1607 1663
1550 1606 1608
1551 1607 1609 1665
1608 1610
1553 1667
1554 1610 1612 1668
1555 1611 1613 1669
1556 1612 1614 1670
1557 1613 1615 1671
1558 1614 1616
1559 1615 1673
1560 1616 1618
1561 1619 1675
1562 1618 1620 1676
1563 1619 1621 1677
1620 1622 1678
1565 1621 1623 1679
1566 1622 1624 1680
1567 1623 1625 1681
1568 1624 1626 1682
1569 1625 1683
1570 1626 1628 1684
1571 1627 1685
1572 1628 1630
1573 1629 1631 1687
1574 1630 1632
1575 1631 1633 1689
1576 1632 1634
1577 1691
1634 1636 1692
1579 1637 1693
1636 1638 1694
1581 1637 1695
1638 1640 1696
1583 1697
1584 1640 1642 1698
1585 1643 1699
1642 1644
1587 1643 1701
1644 1646
1589 1647 1703
1646 1648 1704
1591 1647 1649 1705
1592 1648 1650 1706
1593 1649 1651 1707
1594 1650 1652
1595 1651 1653 1709
1652
1597 1655 1711
1654 1656 1712
1599 1655 1713
1600 1656 1658 1714
1601 1659 1715
1658 1660 1716
1603 1659 1661 1717
1604 1660 1662
1605 1661 1663 1719
1606 1662 1664
1607 1663 1721
1608 1664 1666 1722
1609 1665 1667 1723
1610 1666 1668 1724
1611 1667 1669 1725
1612 1668 1670
1613 1669 1727
1614 1670 1672
1615 1671 1673 1729
1672 1674
1617 1673 1731
1674 1676 1732
1619 1675 1677 1733
1620 1676 1678 1734
1621 1735
1678 1680 1736
1623 1679 1737
1624 1680 1682
1625 1681 1683 1739
1682 1684 1740
1627 1683 1685 1741
1628 1684 1686 1742
1629 1687 1743
1686 1688 1744
1631 1687 1689 1745
1632 1688 1690
1633 1689 1691 1747
1690 1692
1635 1691 1693 1749
1636 1692 1694 1750
1637 1695 1751
1638 1694 1696 1752
1639 1695 1697 1753
1640 1696 1698
1641 1699 1755
1698 1700
1643 1699 1701 1757
1644 1700 1702 1758
1645 1759
1646 1702 1704 1760
1647 1703 1705 1761
1648 1704 1706 1762
1649 1707 1763
1650 1706 1708
1651 1707 1765
1708 1710 1766
1653 1767
1712 1768
1655 1711 1713 1769
1656 1712 1714 1770
1657 1771
1714 1716
1659 1715 1717 1773
1660 1716 1718 1774
1661 1719 1775
1662 1718 1720
1663 1719 1777
1720 1722 1778
1665 1721 1723 1779
1666 1722 1724 1780
1667 1723 1725 1781
1668 1724 1726
1669 1725 1727 1783
1670 1726 1728
1671 1727 1729 1785
1672 1728 1730
1673 1729 1731 1787
1674 1730 1732 1788
1675 1731 1733 1789
1732 1734 1790
1677 1733 1735 1791
1678 1734 1736 1792
1679 1735 1793
1736 1738 1794
1681 1737 1739 1795
1682 1738 1740 1796
1683 1741 1797
1740 1742 1798
1685 1743 1799
1742 1744
1687 1743 1745 1801
1688 1744 1746 1802
1689 1747 1803
1690 1746 1748
1691 1747 1749 1805
1692 1748 1750
1693 1751 1807
1750 1752 1808
1695 1751 1753 1809
1752 1754 1810
1697 1753 1755 1811
1698 1754 1756 1812
1699 1755 1813
1756 1758 1814
1701 1757 1759 1815
1702 1758 1760 1816
1703 1759 1817
1704 1760 1762 1818
1705 1761 1819
1706 1762 1764 1820
1707 1763 1765 1821
1708 1764 1766 1822
1709 1767 1823
1710 1766
1711 1769 1825
1712 1768 1770
1713 1769 1771 1827
1770 1772 1828
1715 1771 1773 1829
1716 1772 1774 1830
1717 1773 1775 1831
1718 1774 1776 1832
1719 1775 1777 1833
1720 1776 1778 1834
1721 1777 1835
1722 1778 1780 1836
1723 1779 1781 1837
1780 1782 1838
1725 1783 1839
1726 1782 1784 1840
1727 1785 1841
1728 1784 1786 1842
1729 1785 1787 1843
1730 1786 1788 1844
1731 1787 1789 1845
1732 1788 1790 1846
1733 1791 1847
1790 1792
1735 1793 1849
1736 1792 1794 1850
1737 1851
1738 1794 1796 1852
1739 1795 1797 1853
1740 1796 1798 1854
1741 1797 1799 1855
1798 1800
1743 1799 1801 1857
1744 1800 1802 1858
1745 1801 1803 1859
1802 1804 1860
1747 1803 1861
1748 1804 1806
1749 1805 1807 1863
1750 1806 1808 1864
1751 1809 1865
1808 1810
1753 1809 1811 1867
1754 1810 1812 1868
1755 1811 1813 1869
1756 1812 1814 1870
1757 1815 1871
1758 1814 1816 1872
1759 1815 1873
1760 1816 1818 1874
1761 1817 1819 1875
1762 1818 1820 1876
1763 1819 1821 1877
1764 1820 1822 1878
1765 1821 1823 1879
1766 1822 1824
1767 1881
1768 1826 1882
1769 1825 1883
1770 1826 1828 1884
1771 1827 1885
1772 1828 1830 1886
1773 1829 1831 1887
1774 1830 1832
1775 1831 1833 1889
1776 1832 1834
1777 1833 1891
1778 1834 1836 1892
1779 1835 1837 1893
1780 1836 1838 1894
1781 1839 1895
1782 1838 1840 1896
1783 1897
1784 1840 1842 1898
1785 1843 1899
1786 1842 1844 1900
1787 1901
1788 1844 1846
1789 1847 1903
1846 1848 1904
1791 1847 1849 1905
1848 1850 1906
1793 1849 1851 1907
1794 1850 1852
1795 1851 1853 1909
1796 1852 1854 1910
1797 1855 1911
1798 1854 1856 1912
1799 1855 1857 1913
1856 1858 1914
1801 1857 1915
1802 1858 1860 1916
1803 1859 1861 1917
1804 1860 1862
1805 1861 1919
1806 1862 1864 1920
1807 1921
1808 1864 1866 1922
1809 1865 1923
1866 1868 1924
1811 1869 1925
1868 1870
1813 1869 1871 1927
1814 1870 1872
1815 1871 1873 1929
1816 1872 1874 1930
1817 1875 1931
1818 1874 1876
1819 1875 1933
1820 1876 1878 1934
1821 1935
1822 1878 1880
1823 1879 1881 1937
1824 1880 1938
1825 1939
1826 1882 1884 1940
1827 1883 1885 1941
1828 1884 1886 1942
1829 1885 1943
1830 1886 1888 1944
1831 1887 1889 1945
1832 1888 1890 1946
1833 1889 1891 1947
1890 1892
1835 1891 1893 1949
1836 1892 1894 1950
1837 1893 1951
1838 1894 1896 1952
1839 1895 1897 1953
1840 1896 1898 1954
1841 1897 1899 1955
1842 1898 1900
1843 1899 1901 1957
1844 1900 1902 1958
1845 1901 1903 1959
1902 1904 1960
1847 1903 1905 1961
1848 1904 1906 1962
1849 1907 1963
1850 1906 1908
1851 1907 1909 1965
1852 1908 1910 1966
1853 1909 1967
1910 1912 1968
1855 1911 1969
1856 1912 1914 1970
1857 1913 1915 1971
1858 1914 1916
1859 1915 1917 1973
1916 1918 1974
1861 1917 1919 1975
1918 1920 1976
1863 1919 1921 1977
1864 1920 1922 1978
1865 1921 1979
1866 1922 1924
1867 1923 1925 1981
1868 1924 1926 1982
1869 1925 1983
1870 1926 1928 1984
1871 1927 1929 1985
1872 1928 1930 1986
1873 1929 1987
1874 1930 1932
1875 1931 1933 1989
1932 1934 1990
1877 1991
1878 1934 1936 1992
1879 1935 1937 1993
1880 1936 1938 1994
1881 1937 1995
1940 1996
1883 1939 1997
1940 1942 1998
1885 1999
1886 1942 1944 2000
1887 1943 1945 2001
1888 1944 1946
1889 1945 2003
1890 1946 1948
1891 1949 2005
1892 1948 1950
1893 1949 2007
1894 1950 1952 2008
1895 1951 2009
1952 1954 2010
1897 1953 1955 2011
1898 1954 1956
1899 1955 2013
1956 1958
1901 1957 1959 2015
1902 1958 1960
1903 1959 2017
1904 1960 1962
1905 1963 2019
1962 1964 2020
1907 1963 1965 2021
1908 1964 1966 2022
1909 1965 1967 2023
1966 1968 2024
1911 1969 2025
1912 1968 1970 2026
1913 1969 1971 2027
1914 1970 1972 2028
1915 1971 1973 2029
1916 1972 1974
1917 1973 1975 2031
1974 1976 2032
1919 1975 1977 2033
1920 1976 1978 2034
1921 1979 2035
1978 1980 2036
1923 1981 2037
1924 1980 1982
1925 1981 2039
1926 1982 1984 2040
1927 1983 1985 2041
1928 1984 1986 2042
1929 1985 1987 2043
1930 1986 1988 2044
1931 1989 2045
1932 1988 1990 2046
1933 1989 1991 2047
1934 1990 1992
1935 2049
1992 1994 2050
1937 1993 1995 2051
1938 1994 2052
1939 1997 2053
1940 1996 1998 2054
1941 1999 2055
1942 1998 2000 2056
1943 2057
2000 2002 2058
1945 2001 2003 2059
1946 2002 2004 2060
1947 2005 2061
1948 2004 2006 2062
1949 2005 2063
1950 2006 2008 2064
1951 2007 2009 2065
2008 2010 2066
1953 2009 2011 2067
1954 2010 2012 2068
1955 2013 2069
1956 2012 2014 2070
1957 2013 2015 2071
1958 2014 2016 2072
1959 2015 2017 2073
2016 2018 2074
1961 2019 2075
2018 2020
1963 2019 2077
1964 2020 2022
1965 2023 2079
2022 2024
1967 2023 2081
1968 2024 2026 2082
1969 2027 2083
1970 2026 2028 2084
1971 2029 2085
1972 2028 2030 2086
1973 2029 2031 2087
1974 2030 2032 2088
1975 2031 2033 2089
1976 2032 2034 2090
1977 2033 2035 2091
1978 2034 2036 2092
1979 2035 2093
1980 2036 2038 2094
1981 2039 2095
2038 2040 2096
1983 2039 2041 2097
1984 2040 2042
1985 2041 2043 2099
1986 2042 2044 2100
1987 2043 2045 2101
1988 2044 2046 2102
1989 2045 2047 2103
2046 2048 2104
1991 2047 2049 2105
2048 2050 2106
1993 2107
1994 2050 2052 2108
1995 2051 2109
2054 2110
1997 2053 2055 2111
1998 2054 2056 2112
1999 2113
2000 2056 2058
2001 2059 2115
2058 2060 2116
2003 2059 2061 2117
2004 2060 2062 2118
2005 2061 2063 2119
2006 2062 2064 2120
2007 2063 2065 2121
2008 2064 2066 2122
2009 2067 2123
2010 2066 2068 2124
2011 2067 2069 2125
2012 2068 2070
2013 2069 2071 2127
2070 2072
2015 2071 2129
2016 2072 2074
2017 2073 2075 2131
2018 2074 2076 2132
2019 2075 2133
2020 2076 2078
2021 2135
2022 2078 2080 2136
2023 2079 2081 2137
2024 2080 2082
2025 2081 2139
2026 2082 2084 2140
2027 2085 2141
2084 2086 2142
2029 2085 2087 2143
2030 2086 2088
2031 2087 2089 2145
2032 2088 2090 2146
2033 2089 2091 2147
2034 2090 2092 2148
2035 2091 2093 2149
2036 2092 2094 2150
2037 2151
2038 2094 2096 2152
2039 2097 2153
2040 2096 2098
2041 2097 2099 2155
2098 2100
2043 2099 2101 2157
2100 2102 2158
2045 2101 2159
2046 2102 2104
2047 2103 2105 2161
2104 2106
2049 2105 2107 2163
2106 2108 2164
2051 2165
2052 2108 2166
2053 2111 2167
2054 2110 2112 2168
2055 2113 2169
2112 2114
2057 2171
2114 2116 2172
2059 2115 2173
2060 2116 2118 2174
2061 2117 2175
2118 2120
2063 2119 2121 2177
2064 2120 2122 2178
2065 2179
2122 2124 2180
2067 2123 2125 2181
2068 2124 2126
2069 2125 2183
2126 2128 2184
2071 2127 2185
2072 2128 2130 2186
2073 2129 2187
2074 2130 2132
2075 2131 2133 2189
2076 2132 2134 2190
2077 2133 2135 2191
2078 2134 2136 2192
2079 2135 2193
2136 2138 2194
2081 2137 2139 2195
2138 2140 2196
2083 2139 2197
2084 2140 2142
2085 2199
2086 2142 2144 2200
2087 2143 2201
2088 2144 2146 2202
2089 2145 2147 2203
2090 2146 2148 2204
2091 2147 2149 2205
2092 2148 2150
2093 2151 2207
2094 2150 2152
2095 2151 2209
2096 2152 2154
2097 2153 2155 2211
2098 2154 2156 2212
2099 2155 2157 2213
2100 2156 2158 2214
2101 2159 2215
2102 2158 2160 2216
2103 2161 2217
2160 2162
2105 2163 2219
2106 2162 2164 2220
2107 2163 2165 2221
2108 2164 2166 2222
2109 2165 2223
2168 2224
2111 2167 2225
2168 2170 2226
2113 2169 2227
2114 2170 2172
2115 2171 2173 2229
2116 2172 2174
2117 2173 2231
2174 2176 2232
2119 2233
2176 2178
2121 2177 2235
2122 2178 2180 2236
2123 2179 2181 2237
2124 2180 2182 2238
2125 2181 2239
2182 2184 2240
2127 2183 2185 2241
2128 2184 2186 2242
2129 2185 2187 2243
2130 2186 2188
2131 2189 2245
2132 2188 2190 2246
2133 2189 2247
2190 2192 2248
2135 2191 2193 2249
2136 2192 2194 2250
2137 2193 2195 2251
2194 2196 2252
2139 2195 2197 2253
2140 2196 2198 2254
2141 2197 2199 2255
2142 2198 2200 2256
2143 2201 2257
2144 2200 2202 2258
2145 2201 2203 2259
2202 2204
2147 2203 2261
2204 2206 2262
2149 2263
2150 2206 2208 2264
2151 2207 2209 2265
2208 2210 2266
2153 2267
2154 2210 2212
2155 2211 2213 2269
2156 2212 2214
2157 2213 2271
2214 2216 2272
2159 2215 2217 2273
2160 2216 2218 2274
2161 2219 2275
2162 2218 2220 2276
2163 2219 2277
2164 2220 2222 2278
2165 2279
2166 2222 2280
2167 2225 2281
2224 2226 2282
2169 2225 2227 2283
2226 2228 2284
2171 2227 2285
2228 2230 2286
2173 2229 2231 2287
2230 2232
2175 2231 2233 2289
2176 2232 2234
2177 2233 2235 2291
2178 2234 2236 2292
2179 2235 2237 2293
2180 2236 2238
2181 2239 2295
2238 2240 2296
2183 2239 2241 2297
2184 2240 2242
2185 2243 2299
2186 2242 2244 2300
2187 2245 2301
2244 2246 2302
2189 2245 2247 2303
2246 2248 2304
2191 2247 2305
2192 2248 2250 2306
2193 2249 2307
2250 2252 2308
2195 2251 2253 2309
2196 2252 2254 2310
2197 2253 2255 2311
2254 2256 2312
2199 2255 2257 2313
2200 2256 2258 2314
2201 2257 2259 2315
2258 2260 2316
2203 2261 2317
2204 2260 2262 2318
2205 2263 2319
2262 2264 2320
2207 2265 2321
2208 2264 2266 2322
2209 2265 2267 2323
2210 2266 2268
2211 2267 2269 2325
2212 2268 2270
2213 2269 2271 2327
2214 2270 2272 2328
2215 2271 2329
2216 2272 2274
2217 2331
2218 2274 2276 2332
2219 2275 2277 2333
2276 2278 2334
2221 2277 2279 2335
2278 2280 2336
2223 2279 2337
2282 2338
2225 2283 2339
2226 2282 2284 2340
2227 2285 2341
2228 2284 2286 2342
2229 2285 2287 2343
2286 2288 2344
2231 2289 2345
2232 2288 2290 2346
2233 2289 2291 2347
2234 2290 2292 2348
2235 2293 2349
2236 2292 2294 2350
2237 2293 2295 2351
2238 2294 2296 2352
2239 2295 2297 2353
2240 2296 2298 2354
2241 2297 2299 2355
2242 2298 2300 2356
2243 2299 2301 2357
2244 2300 2302
2245 2301 2303 2359
2246 2302 2304
2247 2303 2305 2361
2248 2304 2306 2362
2249 2305 2307 2363
2250 2306 2308 2364
2251 2307 2365
2252 2308 2310 2366
2253 2309 2311 2367
2254 2310 2312
2255 2313 2369
2312 2314
2257 2313 2371
2314 2316 2372
2259 2317 2373
2260 2316 2318
2261 2317 2375
2262 2318 2320
2263 2319 2377
2264 2320 2322 2378
2265 2321 2323 2379
2322 2324
2267 2323 2325 2381
2268 2324 2326
2269 2325 2327 2383
2270 2326 2328
2271 2329 2385
2272 2328 2330 2386
2273 2329 2387
2274 2330 2332
2275 2331 2333 2389
2276 2332 2334 2390
2277 2333 2391
2278 2334 2336 2392
2279 2335 2393
2336
2281 2339 2395
2282 2338 2340 2396
2283 2339 2341 2397
2284 2340 2342 2398
2285 2341 2343 2399
2342 2344 2400
2287 2343 2401
2288 2344 2346
2289 2345 2403
2290 2346 2348
2291 2405
2292 2348 2350 2406
2293 2349 2407
2294 2350 2352 2408
2295 2351 2353 2409
2296 2352 2354
2297 2353 2411
2298 2354 2356 2412
2299 2355 2413
2300 2356 2358 2414
2301 2357 2415
2302 2358 2360
2303 2361 2417
2360 2362 2418
2305 2361 2419
2306 2362 2364 2420
2307 2363 2365 2421
2308 2364 2366
2309 2367 2423
2310 2366 2368 2424
2311 2367 2425
2312 2368 2370
2313 2369 2371 2427
2314 2370 2372 2428
2315 2371 2429
2316 2372 2374 2430
2317 2373 2431
2374 2376
2319 2375 2377 2433
2376 2378 2434
2321 2377 2379 2435
2322 2378 2380
2323 2379 2381 2437
2380 2382 2438
2325 2381 2383 2439
2326 2382 2384 2440
2327 2441
2384 2386 2442
2329 2385 2443
2330 2386 2388
2331 2389 2445
2332 2388 2390
2333 2391 2447
2334 2390 2392 2448
2335 2391 2393 2449
2336 2392 2394 2450
2337 2393 2451
2338 2396 2452
2339 2395 2397 2453
2340 2396 2398 2454
2341 2397 2455
2342 2398 2400 2456
2343 2401 2457
2344 2400 2402
2345 2401 2459
2402 2404
2347 2403 2405 2461
2348 2404 2406 2462
2349 2405 2407 2463
2350 2406 2408 2464
2351 2407 2409 2465
2352 2408 2410 2466
2353 2409 2467
2354 2410 2412
2355 2411 2413 2469
2412 2414 2470
2357 2413 2415 2471
2414 2416
2359 2415 2473
2360 2416 2418 2474
2361 2417 2475
2362 2418 2420
2363 2419 2477
2364 2420 2422 2478
2365 2421 2423 2479
2366 2422 2424 2480
2367 2423 2481
2424 2426
2369 2425 2427 2483
2370 2426 2428 2484
2371 2427 2429 2485
2428 2430
2373 2429 2431 2487
2374 2430 2432 2488
2375 2431 2433 2489
2376 2432 2434 2490
2377 2433 2435 2491
2378 2434 2436 2492
2379 2435 2437 2493
2380 2436 2438 2494
2381 2437 2495
2382 2438 2440 2496
2383 2441 2497
2384 2440 2442 2498
2385 2443 2499
2386 2442 2444 2500
2387 2443 2445 2501
2388 2444 2446 2502
2389 2445 2447 2503
2390 2446 2448 2504
2391 2447 2449 2505
2392 2448 2450
2393 2451 2507
2394 2450 2508
2395 2453 2509
2396 2452 2454
2397 2453 2511
2398 2454 2456 2512
2399 2455 2457 2513
2400 2456 2458 2514
2401 2457 2459 2515
2402 2458 2460
2403 2459 2517
2460 2462 2518
2405 2461 2463 2519
2406 2462 2464 2520
2407 2463 2465 2521
2408 2464 2466 2522
2409 2465 2467 2523
2410 2466 2468 2524
2411 2467 2469 2525
2412 2468 2470 2526
2413 2471 2527
2470 2472 2528
2415 2473 2529
2416 2472 2474
2417 2531
2474 2476 2532
2419 2475 2533
2420 2476 2478 2534
2421 2477 2479 2535
2478 2480 2536
2423 2479 2481 2537
2480 2482
2425 2481 2483 2539
2426 2482 2484
2427 2483 2541
2428 2484 2486 2542
2429 2543
2430 2486 2488
2431 2487 2545
2432 2488 2490
2433 2489 2491 2547
2490 2492 2548
2435 2491 2493 2549
2492 2494
2437 2493 2551
2438 2494 2496 2552
2439 2495 2497 2553
2440 2496 2498 2554
2441 2497 2499 2555
2498 2500 2556
2443 2557
2500 2502
2445 2501 2503 2559
2446 2502 2504 2560
2447 2503 2505 2561
2448 2504 2506
2449 2505 2507 2563
2450 2506 2508 2564
2451 2565
2452 2510
2453 2509 2567
2510 2512 2568
2455 2569
2512 2514 2570
2457 2513 2515 2571
2458 2514 2516
2459 2515 2517 2573
2516 2518 2574
2461 2519 2575
2462 2518 2520
2463 2521 2577
2464 2520 2522 2578
2465 2523 2579
2522 2524 2580
2467 2523 2581
2468 2524 2526 2582
2469 2527 2583
2470 2526 2528
2471 2527 2529 2585
2472 2528 2530 2586
2473 2529 2587
2530 2532 2588
2475 2531 2589
2476 2532 2534 2590
2477 2533 2535 2591
2478 2534 2536
2479 2535 2537 2593
2480 2536 2538
2481 2537 2595
2482 2538 2540
2483 2539 2541 2597
2484 2540 2542
2485 2599
2486 2542 2544
2487 2543 2545 2601
2488 2544 2546 2602
2489 2545 2603
2490 2546 2548 2604
2491 2549 2605
2548 2550 2606
2493 2549 2551 2607
2494 2550 2552 2608
2495 2551 2553 2609
2552 2554
2497 2553 2555 2611
2498 2554 2556 2612
2499 2555 2557 2613
2500 2556 2558
2501 2559 2615
2502 2558 2560
2503 2559 2617
2504 2560 2562 2618
2505 2563 2619
2506 2562 2564 2620
2507 2565 2621
2508 2564
2509 2567 2623
2566 2568 2624
2511 2567 2625
2512 2568 2570
2513 2627
2514 2570 2572 2628
2515 2571 2573 2629
2516 2572 2574
2517 2573 2575 2631
2518 2574 2576 2632
2519 2575 2577 2633
2520 2576 2578 2634
2521 2577 2635
2522 2578 2580 2636
2523 2581 2637
2580 2582
2525 2581 2583 2639
2526 2582 2584
2527 2583 2641
2528 2584 2586 2642
2529 2585 2587 2643
2530 2586 2588 2644
2531 2587 2589 2645
2532 2588 2590 2646
2533 2589 2591 2647
2534 2590 2592 2648
2535 2591 2593 2649
2536 2592 2594 2650
2537 2593 2595 2651
2538 2594 2596 2652
2539 2595 2597 2653
2540 2596 2598 2654
2541 2597 2655
2542 2598 2600 2656
2543 2599 2657
2544 2600 2602 2658
2545 2601 2603 2659
2546 2602 2604 2660
2547 2603 2661
2548 2604 2606
2549 2605 2607 2663
2606 2608 2664
2551 2609 2665
2552 2608 2610
2553 2609 2611 2667
2610 2612
2555 2611 2613 2669
2556 2612 2614 2670
2557 2613 2615 2671
2558 2614 2616
2559 2615 2617 2673
2560 2616 2618
2561 2617 2619 2675
2562 2618 2620 2676
2563 2619 2621 2677
2564 2620 2622
2565 2621 2679
2624 2680
2567 2623 2625 2681
2568 2624 2626
2569 2625 2627 2683
2570 2626 2628
2571 2627 2685
2572 2628 2630
2573 2629 2631 2687
2574 2630 2632
2575 2633 2689
2576 2632 2634
2577 2633 2635 2691
2578 2634 2636 2692
2579 2635 2637 2693
2636 2638 2694
2581 2695
2638 2640 2696
2583 2639 2697
2584 2640 2642 2698
2585 2641 2643 2699
2586 2642 2644 2700
2587 2643 2701
2588 2644 2646 2702
2589 2645 2647 2703
2590 2646 2648 2704
2591 2647 2649 2705
2592 2648 2650 2706
2593 2649 2651 2707
2650 2652
2595 2653 2709
2596 2652 2654 2710
2597 2653 2711
2598 2654 2656 2712
2599 2655 2657 2713
2600 2656 2658 2714
2601 2657 2659 2715
2658 2660 2716
2603 2659 2661 2717
2604 2660 2662
2605 2661 2663 2719
2606 2662 2664 2720
2607 2663 2665 2721
2608 2664 2666 2722
2609 2665 2723
2666 2668
2611 2667 2669 2725
2612 2668 2670
2613 2727
2670 2672 2728
2615 2673 2729
2616 2672 2674 2730
2617 2673 2675 2731
2674 2676 2732
2619 2677 2733
2620 2676 2678 2734
2621 2679 2735
2622 2678 2736
2623 2681 2737
2680 2682 2738
2625 2681 2683 2739
2626 2682 2684 2740
2627 2683 2685 2741
2628 2684 2686
2629 2687 2743
2630 2686 2688 2744
2631 2745
2688 2690
2633 2689 2747
2690 2692 2748
2635 2691 2693 2749
2692 2694 2750
2637 2693 2695 2751
2638 2694 2696 2752
2639 2753
2640 2696 2698 2754
2641 2697 2699 2755
2642 2698 2700 2756
2643 2699 2701 2757
2644 2700 2702 2758
2645 2759
2646 2702 2704 2760
2647 2703 2761
2704 2706
2649 2705 2707 2763
2650 2706 2708 2764
2651 2707 2709 2765
2652 2708 2710 2766
2653 2709 2711 2767
2654 2710 2712 2768
2655 2711 2713 2769
2656 2712 2714
2657 2713 2771
2714 2716
2659 2715 2717 2773
2660 2716 2718 2774
2661 2717 2719 2775
2662 2718 2720 2776
2663 2719 2721 2777
2664 2720 2722 2778
2665 2723 2779
2722 2724 2780
2667 2723 2781
2668 2724 2726 2782
2669 2725 2727 2783
2726 2728 2784
2671 2785
2728 2730
2673 2729 2731 2787
2730 2732 2788
2675 2731 2789
2676 2732 2734 2790
2677 2735 2791
2734 2736
2679 2735 2793
2680 2738 2794
2681 2737 2739 2795
2738 2740
2683 2739 2797
2740 2742 2798
2685 2741 2743 2799
2686 2742 2744 2800
2687 2743 2745 2801
2688 2744 2746 2802
2689 2747 2803
2690 2746 2748
2691 2747 2749 2805
2692 2748 2750 2806
2693 2807
2750 2752
2695 2753 2809
2696 2752 2754 2810
2697 2753 2755 2811
2698 2754 2756 2812
2699 2755 2757 2813
2756 2758 2814
2701 2757 2759 2815
2702 2758 2760
2703 2759 2761 2817
2704 2760 2762
2705 2761 2763 2819
2762 2764 2820
2707 2763 2765 2821
2708 2764 2766 2822
2709 2765 2767 2823
2710 2766 2768
2711 2767 2825
2712 2768 2770
2713 2769 2771 2827
2714 2770 2772 2828
2715 2771 2773 2829
2772 2774 2830
2717 2773 2775 2831
2718 2774 2776 2832
2719 2775 2833
2776 2778 2834
2721 2777 2835
2722 2778 2780 2836
2723 2779 2781 2837
2724 2780 2782
2725 2781 2783 2839
2726 2782 2784 2840
2727 2783 2841
2728 2784 2786
2729 2785 2843
2730 2786 2788
2731 2787 2789 2845
2732 2788 2790 2846
2733 2847
2734 2790 2792
2735 2791 2793 2849
2736 2792 2850
2737 2795 2851
2738 2794 2796 2852
2739 2795 2797 2853
2740 2796 2798 2854
2741 2855
2742 2798 2800 2856
2743 2857
2744 2800 2802 2858
2745 2803 2859
2746 2802 2804
2747 2861
2804 2806 2862
2749 2805 2807 2863
2806 2808 2864
2751 2865
2752 2808 2810
2753 2809 2811 2867
2754 2810 2812 2868
2755 2811 2869
2756 2812 2814
2757 2813 2871
2814 2816
2759 2815 2873
2760 2816 2818
2761 2817 2875
2818 2820 2876
2763 2819 2877
2764 2820 2822 2878
2765 2821 2879
2822 2824 2880
2767 2825 2881
2768 2824 2826 2882
2769 2825 2827 2883
2770 2826 2828
2771 2829 2885
2772 2828 2830
2773 2829 2887
2774 2830 2832 2888
2775 2831 2833 2889
2832 2834 2890
2777 2833 2835 2891
2834 2836 2892
2779 2835 2837 2893
2780 2836 2838 2894
2781 2895
2782 2838 2840 2896
2783 2841 2897
2840 2842
2785 2841 2899
2786 2842 2844
2787 2843 2901
2844 2846 2902
2789 2845 2903
2790 2846 2848 2904
2791 2847 2905
2792 2848 2850 2906
2793 2907
2852 2908
2795 2853 2909
2796 2852 2854 2910
2797 2911
2798 2854 2856 2912
2799 2913
2800 2856 2858 2914
2801 2915
2802 2858 2860
2803 2859 2861 2917
2804 2860 2862
2805 2861 2919
2806 2862 2864 2920
2807 2865 2921
2808 2864 2866 2922
2809 2865 2923
2866 2868 2924
2811 2867 2869 2925
2812 2868 2870
2813 2869 2871 2927
2814 2870 2872 2928
2815 2871 2873 2929
2816 2872 2874 2930
2817 2873 2875 2931
2818 2874 2876
2819 2877 2933
2820 2876 2878 2934
2821 2935
2878 2880 2936
2823 2937
2824 2880 2882 2938
2825 2883 2939
2882 2884 2940
2827 2885 2941
2828 2884 2886 2942
2829 2885 2887 2943
2830 2886 2888 2944
2831 2889 2945
2832 2888 2890
2833 2889 2891 2947
2890 2892 2948
2835 2893 2949
2892 2894 2950
2837 2893 2895 2951
2838 2894 2896 2952
2839 2897 2953
2840 2896 2898 2954
2841 2897 2899 2955
2842 2898 2900 2956
2843 2899 2901 2957
2900 2902 2958
2845 2959
2902 2904 2960
2847 2903 2905 2961
2848 2904 2906 2962
2849 2963
2850 2906
2851 2909 2965
2852 2908 2910
2853 2909 2911 2967
2854 2910 2912 2968
2855 2911 2913 2969
2912 2914 2970
2857 2913 2971
2858 2914 2916 2972
2859 2915 2917 2973
2916 2918 2974
2861 2975
2862 2918 2920 2976
2863 2919 2921 2977
2864 2920 2922 2978
2865 2921 2923 2979
2866 2922 2924 2980
2867 2925 2981
2868 2924 2926
2869 2925 2927 2983
2870 2926 2928
2871 2929 2985
2872 2928 2930
2873 2929 2931 2987
2930 2932 2988
2875 2989
2876 2932 2934 2990
2877 2933 2991
2878 2934 2936
2879 2935 2937 2993
2880 2936 2938 2994
2881 2937 2939 2995
2882 2938 2940 2996
2883 2939 2941 2997
2940 2942 2998
2885 2941 2999
2886 2942 2944 3000
2887 2943 2945 3001
2888 2944 2946 3002
2889 2947 3003
2890 2946 2948
2891 2947 2949 3005
2892 2948 2950 3006
2893 2949 3007
2894 2950 2952 3008
2895 2953 3009
2896 2952 2954
2897 2953 2955 3011
2898 2954 2956 3012
2899 3013
2900 2956 2958 3014
2901 2959 3015
2902 2958 2960 3016
2903 2959 2961 3017
2904 2960 2962 3018
2905 2961 2963 3019
2906 2962 2964
2907 2963 3021
2908 2966 3022
2909 2965 3023
2966 2968
2911 2967 2969 3025
2912 2968 2970 3026
2913 2969 2971 3027
2914 2970 2972
2915 2971 3029
2972 2974
2917 2973 2975 3031
2918 2974 2976 3032
2919 2975 2977 3033
2920 2976 2978
2921 2977 2979 3035
2922 2978 2980
2923 2979 2981 3037
2980 2982 3038
2925 2981 2983 3039
2982 2984 3040
2927 2983 2985 3041
2928 2984 2986
2929 2985 2987 3043
2930 2986 2988 3044
2931 2987 2989 3045
2932 2988 2990
2933 2989 2991 3047
2990 2992 3048
2935 2991 2993 3049
2992 2994 3050
2937 2993 2995 3051
2938 2994 2996 3052
2939 2995 3053
2940 2996 2998
2941 2997 2999 3055
2942 2998 3000 3056
2943 2999 3001 3057
2944 3000 3002
2945 3003 3059
2946 3002 3004 3060
2947 3003 3005 3061
2948 3004 3006 3062
2949 3063
2950 3006 3008 3064
2951 3007 3009 3065
3008 3010
2953 3009 3011 3067
3010 3012
2955 3011 3013 3069
2956 3012 3014 3070
2957 3013 3015 3071
3014 3016 3072
2959 3015 3017 3073
2960 3016 3018
2961 3017 3075
3018 3020 3076
2963 3021 3077
2964 3020
2965 3023 3079
2966 3022 3024 3080
2967 3023 3025 3081
2968 3024 3026 3082
2969 3025 3027 3083
3026 3028 3084
2971 3027 3029 3085
2972 3028 3030
2973 3029 3031 3087
2974 3030 3032 3088
2975 3031 3033 3089
2976 3032 3034 3090
2977 3033 3035 3091
3034 3036
2979 3035 3037 3093
2980 3036 3038 3094
2981 3037 3095
2982 3038 3040 3096
2983 3039 3041 3097
2984 3040 3042 3098
2985 3041 3043 3099
2986 3042 3044 3100
2987 3045 3101
3044 3046
2989 3045 3047 3103
2990 3046 3048
2991 3047 3049 3105
2992 3048 3050
2993 3049 3051 3107
2994 3050 3052 3108
2995 3053 3109
2996 3052 3054 3110
2997 3053 3055 3111
2998 3054 3056
2999 3057 3113
3056 3058 3114
3001 3059 3115
3058 3060 3116
3003 3059 3117
3004 3060 3062
3005 3061 3119
3006 3062 3064 3120
3007 3063 3065 3121
3008 3064 3066
3009 3067 3123
3066 3068 3124
3011 3067 3069 3125
3068 3070 3126
3013 3069 3071 3127
3014 3070 3072 3128
3015 3071 3129
3016 3072 3074 3130
3017 3075 3131
3018 3074 3076 3132
3019 3077 3133
3076 3078 3134
3021 3135
3080 3136
3023 3079 3137
3024 3080 3082
3025 3081 3083 3139
3082 3084 3140
3027 3083 3085 3141
3084 3086 3142
3029 3085 3087 3143
3030 3086 3088 3144
3031 3089 3145
3032 3088 3090 3146
3033 3147
3034 3090 3092 3148
3035 3093 3149
3092 3094 3150
3037 3093 3151
3038 3094 3096 3152
3039 3095 3097 3153
3040 3096 3098 3154
3041 3097 3099 3155
3042 3098 3100 3156
3043 3099 3101 3157
3044 3100 3102
3045 3101 3103 3159
3102 3104
3047 3105 3161
3048 3104 3106 3162
3049 3105 3163
3106 3108
3051 3107 3109 3165
3108 3110
3053 3109 3111 3167
3110 3112 3168
3055 3111 3113 3169
3112 3114
3057 3113 3115 3171
3114 3116 3172
3059 3115 3173
3116 3118 3174
3061 3117 3175
3062 3118 3120 3176
3063 3119 3121 3177
3064 3120 3122 3178
3065 3123 3179
3066 3122 3124
3067 3125 3181
3068 3124 3126 3182
3069 3125 3127 3183
3070 3126 3128
3071 3127 3185
3128 3130 3186
3073 3131 3187
3074 3130 3132 3188
3075 3133 3189
3076 3132 3134 3190
3077 3133 3135 3191
3078 3134 3192
3079 3137 3193
3080 3136 3138
3081 3137 3139 3195
3082 3138 3140
3083 3141 3197
3084 3140 3142
3085 3141 3143 3199
3142 3144 3200
3087 3143 3201
3088 3144 3146 3202
3089 3145 3147 3203
3146 3148 3204
3091 3147 3149 3205
3092 3148 3150 3206
3093 3149 3151 3207
3094 3150 3152 3208
3095 3151 3153 3209
3152 3154 3210
3097 3153 3155 3211
3098 3154 3156 3212
3099 3155 3213
3156 3158
3101 3157 3159 3215
3102 3158 3160 3216
3103 3159 3161 3217
3104 3160 3162 3218
3105 3219
3106 3162 3164 3220
3107 3163 3165 3221
3108 3164 3166 3222
3109 3165 3167 3223
3166 3168 3224
3111 3169 3225
3168 3170
3113 3169 3171 3227
3170 3172 3228
3115 3171 3173 3229
3172 3174 3230
3117 3175 3231
3118 3174 3176
3119 3175 3177 3233
3120 3176 3178
3121 3177 3179 3235
3178 3180 3236
3123 3181 3237
3124 3180 3182
3125 3181 3183 3239
3126 3182 3184 3240
3127 3241
3128 3184 3186 3242
3129 3185 3187 3243
3130 3186 3188
3131 3187 3189 3245
3188 3190 3246
3133 3191 3247
3134 3190 3192 3248
3135 3191 3249
3194
3137 3193 3195
3138 3194 3196
3139 3197
3196 3198
3141 3199
3142 3198 3200
3143 3199 3201
3144 3200 3202
3145 3201 3203
3202 3204
3147 3203 3205
3148 3204 3206
3149 3205 3207
3150 3206 3208
3151 3207 3209
3152 3208 3210
3153 3209 3211
3154 3210 3212
3155 3211 3213
3212 3214
3157 3215
3158 3214 3216
3159 3217
3160 3216 3218
3161 3219
3218 3220
3163
3164 3220 3222
3165 3221 3223
3222 3224
3167
3224 3226
3169 3225
3170 3226 3228
3171 3227
3172 3228 3230
3173 3229 3231
3174 3230 3232
3175 3233
3176 3232 3234
3177 3235
3234 3236
3179 3237
3180 3236 3238
3181 3237 3239
3182 3238 3240
3183 3239
3184 3240 3242
3185 3243
3186 3242 3244
3187 3243
3244 3246
3189 3245 3247
3190 3246 3248
3191 3247
3192 3248
