3481 11321 0
2 60
1 61
2 4
63
4 6
5 7 65
6 8 66
7 67
8 10 68
11 69
10 12
11 13 71
12 14
13 15 73
14 16
15 17 75
16 18 76
77
18 20
19 21 79
20 22 80
23 81
22 24 82
23 25 83
24 26 84
25 85
26 28 86
27 87
28 30 88
31 89
30 32 90
31 91
32 34 92
33 35 93
34 36
35 37 95
36 38 96
37 39 97
38 40 98
39 41 99
40 42
101
42 44 102
43 45 103
44 46 104
45 47 105
46 48 106
47 49 107
48 50
109
50 52 110
111
52 54
53 113
54 56 114
55 115
56 58 116
57 59 117
58 118
1 61 119
60 62 120
3 61 63 121
4 62 64 122
5 63 65 123
6 64 66 124
7 65 67 125
8 66 68 126
9 67 69 127
68 70
11 69 129
12 70 72 130
13 71 131
14 72 74 132
15 73 75 133
16 74 76 134
17 75 77 135
76 78
19 79 137
20 78 80
21 79 81 139
22 80 82 140
23 81 141
82 84 142
25 143
26 84 86 144
27 85 87 145
86 88 146
29 87 89 147
30 88 90 148
31 89 91 149
90 92 150
33 151
34 92 94
35 93 95 153
94 96 154
37 95 97 155
38 96 98
39 97 99 157
40 98 100 158
41 159
42 100 102 160
43 101 103 161
44 102 104
45 105 163
104 106
47 105 165
48 106 108 166
49 107 109 167
108 110
51 109 169
52 110 112 170
53 111 113 171
54 112 114 172
55 113 115 173
114 116 174
57 175
58 116 118
59 117 177
60 120
61 119 179
120 122 180
63 121 181
64 122 124 182
65 183
66 124 126
67 125 127 185
68 126 128
69 127 129 187
70 128 130
71 129 131 189
72 130 132 190
73 133 191
74 132 134 192
75 133 135 193
134 136
77 135 195
78 136 138 196
79 137 139 197
80 138 140 198
81 199
82 140 142
83 141 143 201
142 144
85 143 145 203
86 144 146 204
87 147 205
88 146 148 206
89 149 207
148 150
91 149 151 209
92 150 152
93 151 153 211
94 152 154 212
95 153 155 213
96 154 156 214
97 155 215
98 156 158 216
99 157 159 217
100 158 160
101 159 219
160 162 220
103 163 221
104 162 164 222
105 165 223
106 164 166
107 165 167 225
108 166 168
109 167 169 227
168 170
111 169 171 229
112 170 172 230
113 171 173 231
114 172 174 232
115 173 175 233
116 174 176 234
117 175 235
176 236
119 179 237
120 178 180 238
121 179 181 239
122 180 182 240
123 181 241
124 182 184 242
125 183 185 243
126 184 186 244
127 185 245
186 188
129 187 247
130 188 190
131 191 249
190 192
133 191 251
134 192 194
135 193 253
136 194 196 254
137 195 197 255
138 196 198 256
139 197 199 257
140 198 200 258
141 199 201 259
200 202 260
143 201 203 261
144 202 204 262
145 203 263
204 206 264
147 207 265
206 208 266
149 267
150 208 210 268
151 209 269
152 210 212
153 211 271
212 214 272
155 273
156 214 216
157 215 275
158 216 218
159 217 277
160 218 220 278
161 219 221 279
162 220 222 280
163 223 281
222 224 282
165 225 283
166 224 226
167 225 227 285
168 226 228 286
169 227 229 287
228 230 288
171 229 231 289
172 230 232 290
173 291
174 232 234 292
175 235 293
176 234 236 294
177 295
178 238
179 237 297
180 238 240 298
181 239 299
240 242 300
183 241 243 301
184 242 244 302
185 243 303
186 244 246 304
187 245 247 305
188 246 248 306
189 247 249 307
190 248 250 308
191 251 309
192 250 252 310
193 253 311
252 254 312
195 255 313
196 254 256
197 315
198 256 258
199 317
200 258 260 318
201 259 261 319
202 260 262 320
203 261 321
204 262 264 322
205 263 265 323
206 264 266 324
207 325
266 268 326
209 267 269 327
210 268 270 328
211 269 329
270 272
213 271 273 331
214 272 274 332
215 273 275 333
216 274 276 334
217 275 277 335
218 276 278 336
219 277 337
220 278 280
221 279 339
222 280 282 340
223 281 341
282 284 342
225 285 343
226 284 286 344
227 285 287 345
228 286 288 346
229 287 289 347
230 288 290
231 289 291 349
232 290 292 350
233 291 351
234 292 294
235 295 353
236 294 354
237 297 355
238 296 298 356
239 299 357
298 300 358
241 301 359
242 300 302 360
243 301 361
302 304 362
245 303 305 363
246 304 306 364
247 305 365
306 308 366
249 367
250 308 310 368
251 311 369
310 312
253 311 313 371
254 312 314 372
255 313 315 373
256 314 316 374
257 315 375
316 318
259 317 319 377
260 318 320
261 321 379
262 320 322 380
263 321 381
322 324
265 383
266 324 326
267 325 327 385
268 326 328
269 387
270 328 330 388
271 329 389
272 330 332 390
273 391
332 334
275 393
276 334 336 394
277 335 337 395
278 336 338 396
279 337 397
338 340 398
281 339 341 399
340 342 400
283 341 343 401
284 342 344 402
285 343 403
286 344 346
287 347 405
288 346 348
289 407
290 348 350 408
291 351 409
292 350 352 410
293 351 411
294 352 354 412
295 413
296 356 414
297 355 357 415
356 358
299 357 417
300 358 360
301 359 361 419
360 362
303 421
304 362 364
305 365 423
364 366
307 365 367 425
308 366 368 426
309 367 369 427
310 368 370
311 369 429
312 370 372
313 373 431
314 372 374
315 373 433
374 376
317 377 435
376 378 436
319 377 379 437
320 378 380
321 379 381 439
322 380 382
323 383 441
324 382 384
325 443
384 386 444
327 387 445
328 386 388 446
329 387 389 447
330 388 390
331 389 449
332 390 392
333 391 393 451
334 392 394 452
335 393 395 453
394 396
337 397 455
338 396 398 456
339 457
340 398 400
341 399 459
342 400 402
343 401 461
344 402 404 462
345 405 463
346 404 406
347 405 465
348 406 408
349 409 467
350 408 410 468
351 409 411 469
410 412
353 413 471
412 472
355 473
414 416 474
357 415 417 475
358 416 418 476
359 419 477
360 418 420 478
361 419 479
420 422
363 421 423 481
364 422 424
365 423 425 483
366 424 426 484
367 425 427 485
368 426 428
369 427 429 487
370 428 430
371 429 431 489
372 430 432 490
373 433 491
432 434 492
375 433 435 493
376 434 436 494
377 437 495
378 436 438
379 437 439 497
380 438 440
381 439 441 499
382 440 442 500
383 441 443 501
384 442 444
385 443 445 503
444 446 504
387 447 505
388 446 448 506
389 447 449 507
390 448 450 508
391 449 509
392 450 452
393 451 453 511
394 452 454 512
395 513
454 456 514
397 515
456 458 516
399 457 459 517
400 458 460 518
401 461 519
402 460 462
403 463 521
404 462 464 522
405 523
464 466 524
407 467 525
408 466 468 526
409 469 527
410 468 470 528
411 471 529
470 472
413 531
414 474
415 473 475 533
474 476 534
417 477 535
418 476 478 536
419 477 479 537
420 478 480 538
421 539
480 482
423 481 541
424 482 484 542
425 483 485 543
426 484 486
427 485 545
428 486 488 546
429 487 489 547
430 488 490
431 491 549
490 492
433 491 493 551
434 492 494
435 493 553
436 494 496 554
437 495 497 555
438 496 498 556
439 497 499 557
498 500
441 499 559
500 502
443 501 561
444 502 504 562
445 503 505 563
504 506 564
447 505 507 565
506 508
449 509 567
508 510
451 569
510 512 570
453 513 571
454 512 514 572
455 513 515 573
514 516
457 515 575
458 516 518
459 517 577
518 520
461 519 521 579
520 522 580
463 521 581
464 522 524 582
465 525 583
466 524 526
467 525 527 585
468 526 528 586
469 527 529 587
470 528 530 588
471 529 589
472 530
473 533 591
474 532 534
475 533 535 593
476 534 536
477 535 595
478 536 538 596
479 537 597
480 538 540
481 599
482 540 542
483 541 543 601
484 542 544
485 543 603
486 544 546 604
487 545 547 605
546 548
489 547 549 607
490 548 550
491 549 551 609
550 552 610
493 611
494 552 554 612
495 553 613
496 554 556 614
497 555 615
556 558 616
499 557 559 617
500 558 560
501 559 561 619
502 560 562
503 561 563 621
504 562 564
505 563 623
506 564 566
507 625
566 568 626
509 569 627
510 568 570
511 571 629
512 570 572 630
513 573 631
514 572 574 632
515 573 633
516 574 576 634
517 577 635
518 576 578 636
519 579 637
520 578 580
521 639
522 580 582 640
523 583 641
524 582 584
525 585 643
526 584 586 644
527 587 645
586 588 646
529 589 647
530 588 590 648
531 589 649
592
533 591 651
592 594
535 593 595 653
594 596 654
537 597 655
596 598 656
539 597 599 657
598 600 658
541 599 601 659
600 602 660
543 603 661
544 602 604
545 603 605 663
604 606 664
547 605 665
606 608
549 607 667
608 610 668
551 611 669
610 612 670
553 611 613 671
554 612 614
555 613 615 673
556 614 616
557 675
558 616 618
559 677
618 620 678
561 619 679
562 620 622 680
563 681
564 622 624 682
565 623 625 683
566 624 626 684
567 625 627 685
568 626 628 686
569 627 629 687
628 630 688
571 631 689
572 630 632 690
573 633 691
574 632 634 692
575 633 635 693
634 636 694
577 695
636 638
579 637 697
638 640 698
581 639 699
640 642 700
583 641 701
584 642 644 702
585 643 703
586 644 646
587 645 705
588 646 648
589 647 707
590 648 708
591 651 709
592 650 652
593 651 653 711
652 654 712
595 655 713
596 654 656 714
597 655 657 715
656 658
599 657 717
600 658 660 718
601 659 661 719
602 660 662
603 661 721
604 662 664
605 663 665 723
606 664 666 724
607 665 667 725
608 666 668 726
609 667 669 727
610 668 670
611 671 729
670 672 730
613 731
614 672 674 732
615 673 675 733
616 674 676
617 675 677 735
618 676 678 736
619 677 679 737
678 680
621 679 681 739
680 682
623 741
682 684 742
625 685 743
626 684 686
627 685 745
686 688 746
629 687 689 747
630 688 690 748
631 691 749
690 692 750
633 693 751
692 694 752
635 695 753
694 696 754
637 695 697 755
638 696 698 756
639 699 757
640 698 700 758
641 699 759
642 700 702 760
643 701 703 761
702 704 762
645 705 763
646 704 706 764
647 705 707 765
648 706 708
649 707 767
650 710 768
651 711 769
652 710 712
653 711 713 771
654 712 714 772
655 713 715 773
656 714 716
657 715 717 775
658 716 718 776
659 717 719 777
718 720 778
661 719 779
662 720 722 780
663 721 723 781
664 722 724 782
665 723 725 783
666 724 726
667 727 785
668 726 728
669 727 787
670 728 730
671 729 731 789
672 730 732 790
673 731 733 791
674 732 734
675 733 735 793
676 734 736 794
677 735 737 795
736 738 796
679 739 797
680 738 740
681 739 799
682 740 742 800
683 741 743 801
742 744 802
685 745 803
686 744 746 804
687 747 805
746 748
689 807
748 750 808
691 749 751 809
750 752 810
693 753 811
694 752 754
695 753 813
696 754 756 814
697 755 815
698 756 758 816
699 757 759 817
758 760 818
701 759 761 819
702 760 762 820
703 763 821
704 762 764 822
705 763 765 823
706 764 766 824
707 765 767 825
766
709 769 827
710 768 770 828
711 769 771 829
712 770 772 830
713 773 831
714 772 774
715 775 833
774 776
717 775 777 835
718 776 778 836
719 777 779 837
778 780 838
721 781 839
722 780 782
723 781 841
724 782 784
725 783 785 843
726 784 786 844
727 785 787 845
786 788
729 787 847
788 790
731 789 849
790 792 850
733 793 851
734 792 794 852
735 793 853
794 796
737 855
738 796 798 856
739 797 799 857
740 798 800 858
741 859
742 800 802
743 801 803 861
744 802 804 862
745 803 863
746 804 806 864
747 805 807 865
748 806 808 866
749 807 809 867
750 808 810 868
751 811 869
810 812 870
753 813 871
754 812 814 872
755 813 815 873
756 814 816 874
757 875
758 816 818 876
759 817 819 877
760 818 820 878
761 819 879
762 820 822
763 881
764 822 824 882
765 825 883
766 824 826
767 885
768 828
769 827 829 887
770 828 830 888
771 829 831 889
830 832
773 833 891
774 832 834
775 833 835 893
834 836 894
777 835 895
778 836 838 896
779 837 839 897
838 840 898
781 839 899
840 842
783 841 901
784 842 844 902
785 903
786 844 846 904
787 845 847 905
846 848 906
789 847 907
790 848 850 908
791 849 909
850 852 910
793 851 911
852 854
795 853 855 913
796 854 856 914
797 857 915
856 858
799 859 917
800 858 860 918
801 859 861 919
802 860 862 920
803 861 921
862 864 922
805 863 923
864 866 924
807 865 867 925
808 866 868 926
809 867 927
868 870 928
811 869 871 929
870 872
813 871 873 931
814 872 874 932
815 873 933
874 876 934
817 935
818 876 878
819 937
820 878 880 938
821 879 939
822 880 882
823 883 941
824 882 884 942
825 943
884 944
827 945
828 886 888 946
829 887 889 947
888 890 948
831 889 949
832 890 892
833 891 893 951
834 892 894
835 893 953
836 894 896 954
837 895 897 955
838 896 898 956
839 897 899 957
840 898 900
841 901 959
900 902
843 961
902 904
845 905 963
846 904 906
847 905 907 965
906 908 966
849 909 967
850 908 910 968
851 909 911 969
852 910 912 970
853 911 913 971
854 912 914
855 973
914 916 974
857 917 975
858 916 918 976
859 917 977
918 920
861 979
862 920 922 980
863 921 923 981
922 924 982
865 923 925 983
866 924 926 984
867 925 985
868 926 928
869 927 987
928 930
871 929 931 989
872 930 932
873 933 991
874 932 934
875 935 993
934 936
877 935 995
878 936 938
879 937 939 997
880 938 940
881 939 999
882 940 942
883 941 1001
884 942 944 1002
885 943 1003
886 946 1004
887 945 947 1005
888 946 948 1006
889 949 1007
890 948 950 1008
891 951 1009
892 950 952 1010
893 953 1011
894 952 954 1012
895 953 955 1013
954 956
897 955 957 1015
898 956 958 1016
899 957 959 1017
900 958 960
901 961 1019
902 960 962 1020
903 961 963 1021
904 962 964
905 963 965 1023
964 966 1024
907 965 967 1025
908 966 968 1026
909 967 969 1027
910 968 970 1028
911 969 1029
912 970 972 1030
913 1031
914 972 974
915 973 975 1033
974 976 1034
917 1035
976 978 1036
919 977 1037
920 978 980 1038
921 1039
980 982 1040
923 983 1041
924 982 984
925 1043
926 984 986 1044
927 985 987 1045
928 986 988 1046
929 1047
930 988 990
931 991 1049
990 992 1050
933 993 1051
992 994 1052
935 993 995 1053
936 994 996 1054
937 995 997 1055
938 996 998
939 999 1057
998 1000 1058
941 999 1001 1059
942 1000 1002 1060
943 1001 1061
944 1002 1062
945 1005 1063
946 1004 1006 1064
947 1005 1065
1006 1008 1066
949 1007 1067
950 1008 1010
951 1009 1011 1069
952 1010 1012
953 1011 1013 1071
1012 1014 1072
955 1013 1073
1014 1016 1074
957 1015 1075
958 1016 1018
959 1017 1019 1077
960 1018 1020
961 1019 1021 1079
962 1020 1022
963 1021 1023 1081
964 1022 1024 1082
965 1083
966 1024 1026 1084
967 1085
1026 1028
969 1029 1087
970 1028 1030
971 1031 1089
972 1030 1032 1090
973 1031 1033 1091
974 1032 1034
975 1035 1093
976 1034 1036 1094
977 1035 1037 1095
978 1036 1038 1096
979 1037 1039 1097
980 1038 1040 1098
981 1041 1099
982 1040 1042
983 1041 1043 1101
984 1042 1044 1102
985 1043 1045 1103
986 1044 1046
987 1045 1105
1046 1048 1106
989 1107
990 1048 1050
991 1049 1051 1109
1050 1052 1110
993 1051 1053 1111
1052 1054 1112
995 1053 1113
996 1054 1056
997 1057 1115
998 1056 1058
999 1059 1117
1000 1058 1060 1118
1001 1059 1061 1119
1002 1060 1062
1003 1061 1121
1064 1122
1005 1065 1123
1064 1066
1007 1067 1125
1008 1066 1068
1009 1069 1127
1010 1068 1070
1011 1069 1071 1129
1012 1070 1072 1130
1013 1071 1131
1072 1074 1132
1015 1073 1133
1074 1076 1134
1017 1075 1077 1135
1076 1078 1136
1019 1077 1079 1137
1020 1078 1080 1138
1021 1079 1081 1139
1022 1080 1082
1023 1081 1141
1024 1082 1084
1025 1083 1143
1084 1086 1144
1027 1087 1145
1028 1086 1088 1146
1029 1089 1147
1030 1088 1090 1148
1031 1091 1149
1032 1090 1092
1033 1091 1151
1092 1094
1035 1093 1153
1094 1096 1154
1037 1155
1038 1096 1098
1039 1097 1099 1157
1040 1098 1100
1041 1099 1101 1159
1042 1100 1102 1160
1043 1101 1103 1161
1044 1102 1104 1162
1045 1103 1163
1046 1104 1106
1047 1165
1048 1106 1108
1049 1107 1167
1108 1110 1168
1051 1169
1052 1110 1112
1053 1113 1171
1054 1112 1114 1172
1055 1115 1173
1056 1114 1116 1174
1057 1175
1116 1118 1176
1059 1119 1177
1118 1120
1061 1121 1179
1062 1120
1063 1181
1064 1122 1124
1065 1123 1125 1183
1066 1124 1126
1067 1125 1185
1126 1128 1186
1069 1127 1187
1128 1130
1071 1189
1072 1130 1132 1190
1073 1131 1133 1191
1074 1132 1134 1192
1075 1133 1135 1193
1076 1134 1136
1077 1195
1136 1138 1196
1079 1137 1197
1080 1138 1140 1198
1081 1141 1199
1140 1142
1083 1143 1201
1084 1142 1144 1202
1085 1143 1203
1086 1144 1146 1204
1087 1145 1147 1205
1146 1148 1206
1089 1147 1149 1207
1148 1150
1091 1151 1209
1092 1150 1152 1210
1093 1153 1211
1094 1152 1154 1212
1095 1153 1213
1096 1154 1156 1214
1097 1155 1157 1215
1156 1158
1099 1157 1159 1217
1100 1158 1160
1101 1159 1219
1102 1160 1162 1220
1103 1161 1221
1162 1164 1222
1105 1165 1223
1164 1166 1224
1107 1165 1167 1225
1108 1166 1168 1226
1109 1167 1227
1110 1168 1170 1228
1111 1169 1171 1229
1112 1170 1172 1230
1113 1231
1114 1172 1174 1232
1115 1175 1233
1116 1174 1176
1117 1177 1235
1176 1178 1236
1119 1177 1179 1237
1178 1180
1121 1179 1239
1122 1182 1240
1123 1181 1241
1124 1182 1184 1242
1125 1183 1185 1243
1126 1184 1186
1127 1245
1186 1188
1129 1189 1247
1188 1190 1248
1131 1189 1191 1249
1190 1192 1250
1133 1193 1251
1192 1194
1135 1193 1195 1253
1136 1194 1196
1137 1195 1197 1255
1138 1196 1198
1139 1197 1199 1257
1140 1198 1200
1141 1259
1142 1200 1202 1260
1143 1201 1261
1144 1202 1204 1262
1145 1263
1204 1206 1264
1147 1265
1206 1208
1149 1209 1267
1150 1208 1210 1268
1151 1211 1269
1152 1210 1212 1270
1153 1213 1271
1154 1212 1214 1272
1155 1213 1215 1273
1156 1214 1216 1274
1157 1215 1275
1158 1216 1218 1276
1159 1217 1219 1277
1160 1218 1220 1278
1161 1219 1221 1279
1220 1222 1280
1163 1221 1223 1281
1164 1222 1224 1282
1165 1223 1225 1283
1166 1224 1226 1284
1167 1227 1285
1168 1226 1228 1286
1169 1227 1229 1287
1170 1228 1230
1171 1231 1289
1172 1230 1232 1290
1173 1231 1233 1291
1174 1232 1234
1175 1235 1293
1176 1234 1236 1294
1177 1235 1295
1178 1236 1238
1179 1239 1297
1180 1238 1298
1181 1299
1182 1240 1242
1183 1241 1301
1184 1242 1244 1302
1185 1243 1245 1303
1244 1246
1187 1245 1247 1305
1188 1246 1248 1306
1189 1247 1249 1307
1190 1248 1250 1308
1191 1249 1251 1309
1192 1250 1252 1310
1193 1251 1311
1194 1252 1254 1312
1195 1313
1196 1254 1256
1197 1257 1315
1198 1256 1258
1199 1259 1317
1200 1258 1260 1318
1201 1259 1261 1319
1202 1260 1262
1203 1263 1321
1262 1264
1205 1263 1323
1264 1266
1207 1267 1325
1208 1266 1268 1326
1209 1327
1210 1268 1270 1328
1211 1269 1329
1270 1272 1330
1213 1273 1331
1272 1274 1332
1215 1275 1333
1274 1276
1217 1277 1335
1218 1276 1278 1336
1219 1277 1337
1220 1278 1280 1338
1221 1281 1339
1222 1280 1282 1340
1223 1281 1283 1341
1224 1282 1284 1342
1225 1283 1285 1343
1226 1284 1286 1344
1227 1287 1345
1228 1286 1288 1346
1229 1347
1230 1288 1290
1231 1289 1291 1349
1232 1290 1292 1350
1233 1291 1351
1292 1294 1352
1235 1293 1353
1236 1294 1296 1354
1237 1295 1297 1355
1238 1296 1298 1356
1239 1297 1357
1300 1358
1241 1299 1301 1359
1242 1300 1302 1360
1243 1301 1303 1361
1244 1302 1304 1362
1245 1303 1363
1246 1304 1306
1247 1307 1365
1248 1306 1308
1249 1307 1309 1367
1250 1308 1310
1251 1309 1311 1369
1252 1310 1312 1370
1253 1311 1313 1371
1254 1312 1314 1372
1255 1313 1373
1256 1314 1316 1374
1257 1315 1317 1375
1258 1316 1318
1259 1317 1319 1377
1260 1318 1320
1261 1319 1321 1379
1320 1322
1263 1321 1381
1322 1324 1382
1265 1325 1383
1324 1326 1384
1267 1327 1385
1268 1326 1328
1269 1329 1387
1328 1330 1388
1271 1329 1331 1389
1272 1330 1332 1390
1273 1331 1333 1391
1274 1332 1334 1392
1275 1333 1335 1393
1334 1336 1394
1277 1395
1336 1338
1279 1339 1397
1280 1338 1340 1398
1281 1339 1341 1399
1340 1342 1400
1283 1401
1284 1342 1344
1285 1403
1344 1346
1287 1347 1405
1288 1346 1348
1289 1349 1407
1290 1348 1350
1291 1349 1409
1292 1350 1352 1410
1293 1351 1353 1411
1294 1352 1354 1412
1295 1413
1296 1354 1356 1414
1297 1355 1357 1415
1298 1356
1299 1359 1417
1300 1358 1360 1418
1301 1359 1361 1419
1360 1362 1420
1303 1361 1363 1421
1304 1362 1364 1422
1305 1423
1306 1364 1366 1424
1307 1365 1425
1308 1366 1368 1426
1309 1367 1369 1427
1310 1368 1370 1428
1311 1371 1429
1370 1372 1430
1313 1371 1431
1372 1374 1432
1315 1433
1374 1376 1434
1317 1375 1435
1376 1378 1436
1319 1377 1379 1437
1320 1378 1380 1438
1321 1379 1381 1439
1322 1380 1382
1323 1381 1383 1441
1382 1384 1442
1325 1383 1385 1443
1326 1384 1386 1444
1327 1385 1387 1445
1386 1388
1329 1389 1447
1388 1390 1448
1331 1389 1449
1390 1392 1450
1333 1391 1451
1334 1392 1394
1335 1393 1395 1453
1336 1394 1396 1454
1337 1395 1455
1338 1396 1398
1339 1397 1399 1457
1340 1398 1400
1341 1399 1459
1342 1400 1402 1460
1343 1401 1403 1461
1344 1402 1404 1462
1345 1405 1463
1346 1404 1406
1347 1405 1465
1348 1406 1408
1349 1407 1409 1467
1408 1410
1351 1409 1411 1469
1352 1410 1412 1470
1353 1411 1413 1471
1354 1412 1414 1472
1355 1413 1473
1356 1414 1416
1357 1415 1475
1418
1359 1477
1418 1420 1478
1361 1419 1421 1479
1362 1420 1422
1363 1481
1422 1424
1365 1423 1425 1483
1424 1426 1484
1367 1425 1427 1485
1368 1426 1428 1486
1369 1427 1429 1487
1370 1428 1430 1488
1371 1429 1489
1372 1430 1432
1373 1431 1433 1491
1374 1432 1434 1492
1375 1435 1493
1434 1436
1377 1435 1437 1495
1378 1436 1438 1496
1379 1437 1439 1497
1380 1438 1440 1498
1381 1439 1441 1499
1382 1440 1442 1500
1383 1441 1443 1501
1384 1442 1444
1385 1443 1445 1503
1386 1444 1446 1504
1387 1445 1505
1446 1448
1389 1447 1507
1390 1448 1450 1508
1391 1449 1451 1509
1450 1452 1510
1393 1453 1511
1394 1452 1454
1395 1453 1455 1513
1396 1454 1456 1514
1397 1455 1457 1515
1456 1458 1516
1399 1459 1517
1400 1458 1460
1401 1459 1461 1519
1402 1460 1462 1520
1403 1463 1521
1404 1462 1464 1522
1405 1463 1465 1523
1406 1464 1466
1407 1465 1467 1525
1408 1466 1468
1409 1467 1469 1527
1410 1468 1470
1411 1469 1471 1529
1412 1470 1472
1413 1471 1473 1531
1414 1472 1474 1532
1415 1473 1475 1533
1416 1474
1417 1477 1535
1476 1478
1419 1479 1537
1478 1480 1538
1421 1479 1481 1539
1422 1480 1482 1540
1423 1481 1483 1541
1424 1482 1484
1425 1483 1485 1543
1426 1484 1486 1544
1427 1485 1545
1486 1488
1429 1489 1547
1430 1488 1490
1431 1549
1432 1490 1492
1433 1491 1493 1551
1492 1494 1552
1435 1495 1553
1436 1494 1496 1554
1437 1495 1555
1438 1496 1498 1556
1439 1557
1498 1500 1558
1441 1499 1559
1500 1502 1560
1443 1503 1561
1444 1502 1504 1562
1445 1503 1505 1563
1446 1504 1506 1564
1447 1505 1565
1448 1506 1508
1449 1567
1450 1508 1510
1451 1511 1569
1452 1510 1512 1570
1453 1511 1513 1571
1454 1512 1514 1572
1455 1515 1573
1456 1514 1516 1574
1457 1575
1458 1516 1518
1459 1577
1518 1520 1578
1461 1519 1521 1579
1462 1520 1522 1580
1463 1521 1581
1522 1524
1465 1583
1466 1524 1526
1467 1585
1526 1528 1586
1469 1527 1587
1470 1528 1530 1588
1471 1589
1530 1532
1473 1591
1474 1532 1534 1592
1475 1533 1593
1536 1594
1477 1535 1537 1595
1478 1536 1538 1596
1479 1539 1597
1480 1538 1540
1481 1539 1541 1599
1540 1542 1600
1483 1541 1601
1484 1542 1544 1602
1485 1543 1545 1603
1486 1544 1546 1604
1487 1547 1605
1488 1546 1548 1606
1489 1607
1490 1548 1550 1608
1491 1549 1609
1550 1552 1610
1493 1553 1611
1494 1552 1554 1612
1495 1553 1555 1613
1554 1556
1497 1555 1557 1615
1556 1558 1616
1499 1557 1617
1500 1558 1560
1501 1559 1561 1619
1502 1560 1562
1503 1561 1563 1621
1504 1562 1564 1622
1505 1563 1565 1623
1506 1564 1566
1507 1625
1508 1566 1568 1626
1509 1627
1510 1568 1570 1628
1511 1569 1571 1629
1512 1570 1572 1630
1513 1571 1631
1514 1572 1574 1632
1515 1573 1633
1516 1574 1576
1517 1575 1577 1635
1518 1576 1578 1636
1519 1579 1637
1520 1578 1580 1638
1521 1579 1581 1639
1522 1580 1582 1640
1523 1581 1641
1582 1584 1642
1525 1585 1643
1526 1584 1586 1644
1527 1585 1587 1645
1586 1588 1646
1529 1587 1589 1647
1530 1588 1590 1648
1531 1589 1649
1590 1592
1533 1651
1534 1592 1652
1535 1595 1653
1536 1594 1596 1654
1537 1595 1597 1655
1596 1598
1539 1597 1657
1540 1598 1600 1658
1541 1599 1659
1542 1600 1602
1543 1601 1603 1661
1544 1602 1604 1662
1545 1603 1605 1663
1604 1606 1664
1547 1607 1665
1548 1606 1608 1666
1549 1667
1608 1610 1668
1551 1611 1669
1610 1612
1553 1613 1671
1612 1614 1672
1555 1613 1615 1673
1556 1614 1616 1674
1557 1615 1617 1675
1616 1618
1559 1619 1677
1560 1618 1620 1678
1561 1619 1679
1620 1622 1680
1563 1621 1681
1622 1624 1682
1565 1623 1683
1624 1626 1684
1567 1625 1685
1568 1626 1628 1686
1569 1687
1570 1628 1630
1571 1629 1631 1689
1572 1630 1632 1690
1573 1691
1632 1634 1692
1575 1633 1635 1693
1634 1636 1694
1577 1635 1695
1578 1636 1638
1579 1637 1639 1697
1580 1638 1640 1698
1581 1641 1699
1582 1640 1642 1700
1583 1641 1701
1642 1644 1702
1585 1645 1703
1644 1646 1704
1587 1705
1588 1646 1648 1706
1589 1647 1649 1707
1590 1648 1650 1708
1591 1649 1709
1650 1652
1593 1651 1711
1594 1654 1712
1595 1653 1655 1713
1654 1656 1714
1597 1715
1598 1656 1658
1599 1659 1717
1600 1658 1660 1718
1601 1659 1719
1602 1660 1662 1720
1603 1663 1721
1604 1662 1664
1605 1663 1665 1723
1606 1664 1666 1724
1607 1665 1667 1725
1666 1668 1726
1609 1727
1610 1668 1670
1611 1669 1671 1729
1670 1672
1613 1671 1673 1731
1672 1674 1732
1615 1673 1733
1616 1674 1676
1617 1675 1677 1735
1676 1678
1619 1677 1679 1737
1620 1678 1680
1621 1679 1681 1739
1680 1682 1740
1623 1681 1683 1741
1682 1684
1625 1683 1743
1626 1684 1686
1627 1685 1745
1686 1688 1746
1629 1689 1747
1630 1688 1690 1748
1631 1691 1749
1632 1690 1692 1750
1633 1691 1693 1751
1692 1694
1635 1693 1695 1753
1694 1696 1754
1637 1695 1697 1755
1638 1696 1698
1639 1697 1699 1757
1698 1700 1758
1641 1699 1759
1642 1700 1702
1643 1701 1703 1761
1644 1702 1704 1762
1645 1703 1705 1763
1704 1706
1647 1705 1765
1648 1706 1708 1766
1649 1707 1767
1708 1710
1651 1709 1711 1769
1652 1710 1770
1653 1713 1771
1712 1714 1772
1655 1773
1656 1714 1716 1774
1657 1715 1717 1775
1716 1718 1776
1659 1717 1777
1660 1718 1720 1778
1661 1779
1720 1722 1780
1663 1721 1723 1781
1722 1724 1782
1665 1723 1783
1666 1724 1726
1667 1725 1727 1785
1726 1728 1786
1669 1729 1787
1670 1728 1730 1788
1671 1729 1731 1789
1672 1730 1732
1673 1733 1791
1674 1732 1734 1792
1675 1733 1793
1676 1734 1736 1794
1677 1735 1737 1795
1736 1738 1796
1679 1737 1739 1797
1680 1738 1740 1798
1681 1739 1741 1799
1682 1740 1742 1800
1683 1741 1743 1801
1684 1742 1744
1685 1743 1745 1803
1686 1744 1746
1687 1745 1747 1805
1688 1746 1748
1689 1747 1749 1807
1690 1748 1750 1808
1691 1749 1809
1750 1752 1810
1693 1751 1811
1752 1754
1695 1813
1696 1754 1756 1814
1697 1757 1815
1756 1758 1816
1699 1817
1700 1758 1760
1701 1761 1819
1760 1762 1820
1703 1761 1763 1821
1762 1764
1705 1765 1823
1764 1766 1824
1707 1825
1766 1768 1826
1709 1769 1827
1710 1768 1770
1711 1769 1829
1712 1772
1713 1773 1831
1772 1774 1832
1715 1775 1833
1774 1776
1717 1777 1835
1718 1776 1778 1836
1719 1777 1779 1837
1720 1778 1780 1838
1721 1781 1839
1722 1780 1782 1840
1723 1781 1783 1841
1724 1782 1784 1842
1725 1783 1785 1843
1726 1784 1786 1844
1727 1787 1845
1728 1786 1788 1846
1729 1787 1847
1730 1788 1790 1848
1731 1789 1849
1732 1790 1792
1733 1793 1851
1734 1792 1794
1735 1853
1794 1796 1854
1737 1855
1738 1796 1798 1856
1739 1797 1799 1857
1740 1798 1800 1858
1741 1859
1742 1800 1802
1743 1801 1803 1861
1744 1802 1804 1862
1745 1803 1805 1863
1804 1806 1864
1747 1865
1748 1806 1808
1749 1867
1750 1808 1810 1868
1751 1809 1869
1752 1810 1812
1753 1811 1871
1812 1814
1755 1815 1873
1756 1814 1816
1757 1815 1817 1875
1758 1816 1818
1759 1819 1877
1818 1820 1878
1761 1819 1821 1879
1820 1822 1880
1763 1821 1823 1881
1822 1824 1882
1765 1823 1825 1883
1766 1824 1826
1767 1825 1885
1768 1826 1828 1886
1769 1827 1829 1887
1828 1888
1771 1831 1889
1830 1832 1890
1773 1833 1891
1774 1832 1834
1775 1835 1893
1776 1834 1836 1894
1777 1835 1837 1895
1836 1838 1896
1779 1837 1839 1897
1780 1838 1840
1781 1899
1840 1842 1900
1783 1841 1843 1901
1842 1844 1902
1785 1843 1903
1786 1844 1846 1904
1787 1845 1847 1905
1846 1848 1906
1789 1847 1849 1907
1848 1850 1908
1791 1851 1909
1792 1850 1852 1910
1793 1851 1911
1794 1852 1854 1912
1795 1853 1855 1913
1796 1854 1856 1914
1797 1855 1857 1915
1798 1856 1858
1799 1859 1917
1858 1860 1918
1801 1859 1919
1860 1862
1803 1861 1863 1921
1862 1864 1922
1805 1863 1865 1923
1806 1864 1866 1924
1807 1865 1925
1808 1866 1868 1926
1809 1867 1869 1927
1868 1870 1928
1811 1871 1929
1812 1870 1872 1930
1813 1871 1873 1931
1814 1872 1874 1932
1815 1875 1933
1816 1874 1876 1934
1817 1875 1877 1935
1876 1878 1936
1819 1877 1879 1937
1820 1878 1880 1938
1821 1879 1881 1939
1880 1882
1823 1883 1941
1824 1882 1884 1942
1825 1883 1885 1943
1826 1884 1886 1944
1827 1887 1945
1886 1888
1829 1887 1947
1830 1890 1948
1831 1889 1891 1949
1890 1892 1950
1833 1893 1951
1834 1892 1894
1835 1895 1953
1894 1896 1954
1837 1895 1897 1955
1896 1898
1839 1957
1840 1898 1900 1958
1841 1899 1959
1900 1902 1960
1843 1901 1961
1844 1902 1904 1962
1845 1905 1963
1846 1904 1906 1964
1847 1905 1907 1965
1906 1908
1849 1907 1967
1850 1908 1910 1968
1851 1909 1969
1852 1910 1912
1853 1913 1971
1912 1914
1855 1913 1915 1973
1856 1914 1916 1974
1857 1917 1975
1916 1918
1859 1917 1919 1977
1860 1918 1920
1861 1919 1921 1979
1920 1922 1980
1863 1981
1922 1924 1982
1865 1923 1983
1866 1924 1926 1984
1867 1925 1927 1985
1926 1928 1986
1869 1927 1929 1987
1870 1928 1930 1988
1871 1989
1872 1930 1932 1990
1873 1931 1991
1932 1934 1992
1875 1933 1935 1993
1934 1936 1994
1877 1935 1937 1995
1878 1936 1938 1996
1879 1937 1997
1880 1938 1940
1881 1941 1999
1882 1940 1942
1883 1941 1943 2001
1942 1944
1885 1943 2003
1886 1944 1946
1887 2005
1946
1889 1949 2007
1948 1950 2008
1891 1949 2009
1950 1952 2010
1893 1951 2011
1894 1952 1954 2012
1895 1953 2013
1896 1954 1956 2014
1897 1955 1957 2015
1898 1956 1958 2016
1899 1957 2017
1958 1960 2018
1901 1959 2019
1960 1962 2020
1903 1963 2021
1904 1962 1964 2022
1905 1963 2023
1906 1964 1966
1907 2025
1966 1968 2026
1909 2027
1910 1968 1970
1911 1969 1971 2029
1912 1970 1972
1913 1971 1973 2031
1972 1974
1915 1973 1975 2033
1974 1976 2034
1917 1975 2035
1918 1976 1978 2036
1919 1977 1979 2037
1920 1978 1980 2038
1921 1979 2039
1922 1980 1982 2040
1923 1983 2041
1982 1984 2042
1925 1983 1985 2043
1926 1984 1986 2044
1927 1985 1987 2045
1986 1988 2046
1929 1989 2047
1988 1990 2048
1931 1989 1991 2049
1932 1990 1992 2050
1933 1991 2051
1992 1994 2052
1935 1993 1995 2053
1936 1994 1996 2054
1937 1995 2055
1938 1996 1998
1939 1997 2057
1940 1998 2000
1941 2001 2059
1942 2000 2002 2060
1943 2001 2003 2061
1944 2002 2004 2062
1945 2003 2063
2004 2006
1947 2005 2065
1948 2008 2066
1949 2007 2067
2008 2010 2068
1951 2069
1952 2010 2012 2070
1953 2011 2071
1954 2012 2014 2072
1955 2013 2015 2073
1956 2014 2016
1957 2015 2017 2075
2016 2018
1959 2077
1960 2018 2020 2078
1961 2079
1962 2020 2022 2080
1963 2021 2023 2081
1964 2022 2024 2082
1965 2023 2025 2083
1966 2024 2026 2084
1967 2025 2085
1968 2026 2028 2086
1969 2087
1970 2028 2030 2088
1971 2031 2089
1972 2030 2032
1973 2031 2091
1974 2032 2034 2092
1975 2033 2035 2093
2034 2036 2094
1977 2035 2037 2095
2036 2038 2096
1979 2039 2097
1980 2038 2040
1981 2039 2099
1982 2040 2042
1983 2041 2043 2101
1984 2042 2044 2102
1985 2045 2103
1986 2044 2046
1987 2045 2047 2105
2046 2048
1989 2049 2107
1990 2048 2050 2108
1991 2049 2109
1992 2050 2052 2110
1993 2051 2053 2111
2052 2054 2112
1995 2113
1996 2054 2056
1997 2055 2057 2115
1998 2056 2058
1999 2059 2117
2000 2058 2060 2118
2001 2061 2119
2002 2060 2062
2003 2061 2121
2062 2064 2122
2005 2063 2065 2123
2064 2124
2007 2067 2125
2008 2066 2068 2126
2009 2069 2127
2010 2068 2070
2011 2071 2129
2012 2070 2072
2013 2071 2073 2131
2014 2072 2074
2015 2073 2075 2133
2016 2074 2076 2134
2017 2075 2077 2135
2018 2076 2078 2136
2019 2077 2137
2078 2080 2138
2021 2079 2081 2139
2080 2082 2140
2023 2081 2141
2024 2082 2084 2142
2025 2083 2085 2143
2026 2084 2086
2027 2087 2145
2028 2086 2088
2029 2087 2089 2147
2030 2088 2090
2031 2089 2091 2149
2032 2090 2092 2150
2033 2091 2093 2151
2092 2094 2152
2035 2093 2153
2036 2094 2096 2154
2037 2095 2097 2155
2038 2096 2098 2156
2039 2099 2157
2040 2098 2100 2158
2041 2099 2101 2159
2100 2102 2160
2043 2103 2161
2044 2102 2104
2045 2105 2163
2046 2104 2106
2047 2105 2107 2165
2048 2106 2108
2049 2109 2167
2050 2108 2110 2168
2051 2109 2111 2169
2052 2110 2112 2170
2053 2111 2113 2171
2054 2112 2114
2055 2113 2115 2173
2114 2116
2057 2115 2175
2058 2116 2118 2176
2059 2117 2119 2177
2118 2120 2178
2061 2179
2062 2120 2122 2180
2063 2121 2123 2181
2122 2124
2065 2123 2183
2066 2126 2184
2067 2125 2185
2068 2126 2128 2186
2069 2127 2187
2128 2130 2188
2071 2189
2072 2130 2132
2073 2131 2191
2074 2132 2134 2192
2075 2133 2135 2193
2076 2134 2136 2194
2077 2135 2195
2078 2136 2138 2196
2079 2137 2197
2080 2138 2140
2081 2199
2140 2142
2083 2141 2143 2201
2142 2144 2202
2085 2143 2145 2203
2086 2144 2146 2204
2087 2147 2205
2146 2148 2206
2089 2147 2207
2090 2148 2150 2208
2091 2149 2151 2209
2150 2152 2210
2093 2153 2211
2094 2152 2154 2212
2095 2155 2213
2096 2154 2156 2214
2097 2155 2215
2156 2158 2216
2099 2217
2100 2158 2160
2101 2161 2219
2160 2162 2220
2103 2163 2221
2104 2162 2164 2222
2105 2165 2223
2106 2164 2166 2224
2107 2225
2108 2166 2168 2226
2109 2167 2169 2227
2110 2168 2170 2228
2111 2171 2229
2112 2170 2172 2230
2113 2173 2231
2172 2174 2232
2115 2173 2175 2233
2174 2176
2117 2175 2235
2118 2176 2178 2236
2119 2177 2237
2120 2178 2180 2238
2121 2181 2239
2122 2180 2182 2240
2123 2181 2183 2241
2124 2182 2242
2125 2185 2243
2126 2184 2186
2127 2187 2245
2128 2186 2188 2246
2129 2187 2247
2188 2190 2248
2131 2189 2191 2249
2132 2190 2192
2133 2193 2251
2134 2192 2194
2135 2193 2253
2136 2194 2196
2137 2195 2197 2255
2138 2196 2198
2139 2197 2257
2198 2200
2141 2201 2259
2142 2200 2202
2143 2201 2203 2261
2144 2202 2204
2145 2203 2263
2146 2204 2206 2264
2147 2207 2265
2206 2208 2266
2149 2207 2209 2267
2150 2208 2210 2268
2151 2209 2211 2269
2152 2210 2212
2153 2211 2271
2154 2212 2214
2155 2213 2215 2273
2214 2216 2274
2157 2215 2217 2275
2158 2216 2218 2276
2159 2217 2277
2160 2218 2220 2278
2161 2221 2279
2220 2222 2280
2163 2223 2281
2164 2222 2224 2282
2165 2223 2283
2224 2226
2167 2285
2226 2228 2286
2169 2287
2170 2228 2230
2171 2229 2289
2172 2230 2232 2290
2173 2231 2233 2291
2174 2232 2234
2175 2233 2235 2293
2176 2234 2236
2177 2235 2295
2236 2238 2296
2179 2237 2239 2297
2180 2238 2240
2181 2299
2240 2242 2300
2183 2241 2301
2184 2244 2302
2185 2303
2186 2244 2246
2187 2245 2247 2305
2188 2246 2248 2306
2189 2307
2248 2250 2308
2191 2249 2309
2192 2250 2252
2193 2253 2311
2194 2252 2254 2312
2195 2253 2313
2254 2256 2314
2197 2257 2315
2198 2256 2258
2199 2257 2259 2317
2200 2258 2260
2201 2261 2319
2202 2260 2262
2203 2261 2263 2321
2204 2262 2264 2322
2205 2265 2323
2206 2264 2266 2324
2207 2265 2267 2325
2266 2268
2209 2269 2327
2268 2270 2328
2211 2329
2212 2270 2272
2213 2271 2273 2331
2214 2272 2274
2215 2273 2275 2333
2216 2274 2276 2334
2217 2335
2218 2276 2278 2336
2219 2277 2279 2337
2220 2278 2280
2221 2279 2339
2280 2282 2340
2223 2281 2283 2341
2224 2282 2284 2342
2225 2283 2285 2343
2226 2284 2286 2344
2227 2285 2287 2345
2228 2286 2288
2229 2347
2288 2290 2348
2231 2291 2349
2290 2292
2233 2351
2292 2294 2352
2235 2293 2353
2236 2294 2296 2354
2237 2295 2297 2355
2296 2298
2239 2299 2357
2240 2298 2300 2358
2241 2359
2242 2300 2360
2243 2361
2244 2302 2304 2362
2245 2363
2246 2304 2306 2364
2247 2305 2365
2248 2306 2308
2249 2307 2309 2367
2250 2308 2310 2368
2251 2309 2311 2369
2252 2310 2312
2253 2311 2313 2371
2312 2314 2372
2255 2315 2373
2256 2314 2316 2374
2257 2315 2317 2375
2258 2316 2318 2376
2259 2317 2319 2377
2260 2318 2320 2378
2261 2321 2379
2262 2320 2322 2380
2263 2323 2381
2264 2322 2324 2382
2265 2323 2383
2324 2326 2384
2267 2325 2327 2385
2326 2328
2269 2327 2329 2387
2270 2328 2330 2388
2271 2329 2331 2389
2272 2330 2332 2390
2273 2331 2333 2391
2274 2332 2334
2275 2393
2276 2334 2336
2277 2395
2278 2336 2338 2396
2279 2337 2397
2280 2338 2340 2398
2281 2339 2341 2399
2282 2340 2342 2400
2283 2341 2343 2401
2284 2342 2344 2402
2285 2343 2345 2403
2286 2344 2346
2287 2345 2405
2346 2348
2289 2347 2349 2407
2348 2350 2408
2291 2351 2409
2350 2352 2410
2293 2351 2411
2294 2352 2354 2412
2295 2413
2296 2354 2356 2414
2297 2357 2415
2356 2358
2299 2359 2417
2358 2360
2301 2359 2419
2362 2420
2303 2361 2363 2421
2304 2362 2364 2422
2305 2423
2306 2364 2366 2424
2307 2367 2425
2308 2366 2368
2309 2367 2369 2427
2310 2368 2370
2311 2369 2371 2429
2312 2370 2372
2313 2431
2372 2374 2432
2315 2375 2433
2316 2374 2376 2434
2317 2377 2435
2318 2376 2378 2436
2319 2377 2379 2437
2378 2380
2321 2381 2439
2380 2382 2440
2323 2381 2383 2441
2382 2384 2442
2325 2385 2443
2326 2384 2386 2444
2327 2445
2328 2386 2388 2446
2329 2387 2389 2447
2388 2390 2448
2331 2389 2391 2449
2332 2390 2392
2333 2393 2451
2392 2394 2452
2335 2393 2395 2453
2336 2394 2396 2454
2337 2397 2455
2338 2396 2398 2456
2339 2397 2399 2457
2340 2398 2400
2341 2399 2401 2459
2342 2400 2402 2460
2343 2461
2344 2402 2404
2345 2403 2405 2463
2346 2404 2406 2464
2347 2407 2465
2406 2408
2349 2407 2409 2467
2350 2408 2410
2351 2409 2411 2469
2352 2410 2412
2353 2413 2471
2412 2414 2472
2355 2413 2415 2473
2356 2414 2416 2474
2357 2417 2475
2358 2416 2418 2476
2359 2417 2419 2477
2360 2418
2361 2421 2479
2420 2422
2363 2421 2481
2364 2422 2424 2482
2365 2423 2425 2483
2366 2424 2426
2367 2425 2485
2426 2428
2369 2427 2429 2487
2370 2428 2430 2488
2371 2429 2431 2489
2430 2432 2490
2373 2431 2491
2374 2432 2434
2375 2433 2493
2376 2434 2436 2494
2377 2435 2437 2495
2378 2436 2438 2496
2379 2437 2439 2497
2438 2440 2498
2381 2499
2440 2442 2500
2383 2443 2501
2384 2442 2444 2502
2385 2443 2445 2503
2386 2444 2446 2504
2387 2445 2505
2446 2448 2506
2389 2507
2390 2448 2450
2391 2449 2451 2509
2392 2450 2452
2393 2511
2394 2452 2454 2512
2395 2455 2513
2454 2456 2514
2397 2455 2457 2515
2398 2456 2458
2399 2457 2459 2517
2400 2458 2460 2518
2401 2459 2519
2402 2460 2462
2403 2461 2463 2521
2404 2462 2464 2522
2405 2523
2406 2464 2466 2524
2407 2465 2467 2525
2466 2468 2526
2409 2527
2410 2468 2470
2411 2469 2529
2412 2470 2472 2530
2413 2471 2473 2531
2414 2472 2474
2415 2473 2475 2533
2416 2474 2476
2417 2475 2477 2535
2476 2478 2536
2419 2477 2537
2480
2421 2479 2481 2539
2480 2482 2540
2423 2541
2424 2482 2484 2542
2425 2485 2543
2484 2486 2544
2427 2485 2487 2545
2486 2488
2429 2487 2489 2547
2430 2488 2490
2431 2489 2491 2549
2490 2492 2550
2433 2491 2493 2551
2434 2492 2494 2552
2435 2553
2436 2494 2496
2437 2495 2497 2555
2438 2496 2498 2556
2439 2497 2499 2557
2440 2498 2500
2441 2499 2501 2559
2442 2500 2502
2443 2501 2561
2502 2504
2445 2503 2505 2563
2446 2504 2506 2564
2447 2505 2565
2448 2506 2508 2566
2449 2509 2567
2450 2508 2510
2451 2509 2511 2569
2452 2510 2512 2570
2453 2511 2513 2571
2454 2512 2514 2572
2455 2573
2514 2516 2574
2457 2517 2575
2458 2516 2518 2576
2459 2577
2460 2518 2520 2578
2461 2521 2579
2462 2520 2522
2463 2521 2581
2464 2522 2524 2582
2465 2583
2524 2526 2584
2467 2525 2527 2585
2526 2528 2586
2469 2529 2587
2470 2528 2530
2471 2529 2531 2589
2472 2530 2532
2473 2531 2533 2591
2474 2532 2534 2592
2475 2593
2534 2536 2594
2477 2537 2595
2478 2536 2596
2479 2539 2597
2480 2538 2540
2481 2539 2541 2599
2482 2540 2542
2483 2541 2601
2484 2542 2544 2602
2485 2543 2545 2603
2544 2546 2604
2487 2547 2605
2488 2546 2548 2606
2489 2607
2548 2550 2608
2491 2549 2551 2609
2492 2550 2552 2610
2493 2551 2611
2494 2552 2554
2495 2555 2613
2554 2556
2497 2615
2556 2558 2616
2499 2557 2559 2617
2558 2560
2501 2619
2560 2562 2620
2503 2621
2504 2562 2564 2622
2505 2563 2565 2623
2506 2564 2566 2624
2507 2565 2567 2625
2566 2568
2509 2567 2569 2627
2510 2568 2570
2511 2571 2629
2512 2570 2572
2513 2571 2573 2631
2514 2572 2574 2632
2515 2573 2633
2574 2576
2517 2575 2577 2635
2576 2578 2636
2519 2579 2637
2520 2578 2580 2638
2521 2579 2639
2522 2580 2582 2640
2523 2581 2641
2524 2582 2584 2642
2525 2583 2585 2643
2526 2584 2586 2644
2527 2585 2587 2645
2528 2586 2588 2646
2529 2587 2589 2647
2530 2588 2590 2648
2531 2649
2590 2592 2650
2533 2591 2651
2534 2592 2594
2535 2593 2595 2653
2536 2594 2596 2654
2537 2655
2598 2656
2539 2597 2657
2540 2598 2600 2658
2541 2601 2659
2542 2600 2602 2660
2543 2601 2603 2661
2544 2602 2604 2662
2545 2663
2546 2604 2606
2547 2605 2665
2548 2606 2608 2666
2549 2607 2609 2667
2550 2608 2610 2668
2551 2609 2611 2669
2610 2612 2670
2553 2671
2554 2612 2614 2672
2555 2673
2556 2614 2616
2557 2617 2675
2616 2618 2676
2559 2617 2619 2677
2560 2618 2620 2678
2561 2621 2679
2562 2620 2622 2680
2563 2621 2623 2681
2564 2622 2624 2682
2565 2623 2625 2683
2624 2626 2684
2567 2627 2685
2568 2626 2628
2569 2629 2687
2570 2628 2630 2688
2571 2629 2631 2689
2572 2630 2632
2573 2633 2691
2632 2634 2692
2575 2633 2635 2693
2576 2634 2636
2577 2637 2695
2578 2636 2638
2579 2639 2697
2580 2638 2640 2698
2581 2699
2582 2640 2642 2700
2583 2641 2643 2701
2584 2642 2644 2702
2585 2643 2645 2703
2586 2644 2646 2704
2587 2645 2705
2588 2646 2648
2589 2649 2707
2590 2648 2650 2708
2591 2651 2709
2592 2650 2652 2710
2593 2711
2594 2652 2654
2595 2653 2655 2713
2596 2654
2597 2715
2598 2656 2658
2599 2657 2717
2658 2660 2718
2601 2659 2661 2719
2602 2660 2662 2720
2603 2663 2721
2604 2662 2664
2605 2663 2665 2723
2664 2666
2607 2665 2725
2608 2666 2668 2726
2609 2667 2669 2727
2668 2670
2611 2669 2729
2612 2670 2672
2613 2671 2731
2672 2674 2732
2615 2673 2675 2733
2616 2674 2676
2617 2675 2677 2735
2618 2676 2678 2736
2619 2737
2620 2678 2680
2621 2679 2681 2739
2622 2680 2682 2740
2623 2681 2741
2682 2684 2742
2625 2683 2685 2743
2626 2684 2686 2744
2627 2687 2745
2686 2688 2746
2629 2687 2689 2747
2630 2688 2690 2748
2631 2689 2749
2632 2690 2692
2633 2693 2751
2634 2692 2694 2752
2635 2693 2695 2753
2694 2696 2754
2637 2695 2697 2755
2696 2698
2639 2697 2699 2757
2640 2698 2700
2641 2699 2701 2759
2642 2700 2702 2760
2643 2701 2761
2644 2702 2704 2762
2645 2703 2705 2763
2646 2704 2706 2764
2647 2765
2648 2706 2708 2766
2649 2707 2767
2708 2710
2651 2769
2652 2710 2712 2770
2653 2711 2713 2771
2654 2712 2714 2772
2655 2773
2656 2716 2774
2657 2715 2717 2775
2658 2716 2718
2659 2717 2777
2660 2718 2720 2778
2661 2721 2779
2662 2720 2722 2780
2663 2723 2781
2664 2722 2724 2782
2665 2725 2783
2666 2724 2726 2784
2667 2725 2785
2726 2728 2786
2669 2727 2729 2787
2728 2730 2788
2671 2731 2789
2672 2730 2732
2673 2791
2674 2732 2734
2675 2735 2793
2734 2736
2677 2795
2678 2736 2738
2679 2797
2738 2740
2681 2739 2741 2799
2682 2740 2742 2800
2683 2741 2743 2801
2742 2744 2802
2685 2743 2745 2803
2686 2744 2746 2804
2687 2745 2805
2688 2746 2748
2689 2747 2807
2748 2750 2808
2691 2749 2809
2750 2752 2810
2693 2811
2752 2754
2695 2753 2813
2696 2754 2756
2697 2815
2756 2758
2699 2757 2817
2700 2758 2760
2701 2761 2819
2760 2762
2703 2763 2821
2704 2762 2764 2822
2705 2763 2765 2823
2706 2764 2766 2824
2707 2765 2825
2708 2766 2768 2826
2709 2767 2769 2827
2710 2768 2770
2711 2769 2829
2712 2770 2772
2713 2771 2773 2831
2714 2772
2715 2775 2833
2716 2774 2776
2717 2775 2777 2835
2718 2776 2778
2719 2779 2837
2720 2778 2780 2838
2721 2779 2781 2839
2780 2782
2723 2781 2841
2724 2782 2784 2842
2725 2783 2785 2843
2784 2786
2727 2845
2786 2788
2729 2787 2789 2847
2730 2788 2790 2848
2731 2789 2849
2790 2792
2733 2791 2793 2851
2734 2792 2794
2735 2795 2853
2794 2796
2737 2797 2855
2738 2796 2798 2856
2739 2797 2857
2740 2798 2800
2741 2799 2801 2859
2742 2800 2802 2860
2743 2801 2803 2861
2744 2802 2804 2862
2745 2805 2863
2804 2806
2747 2805 2807 2865
2748 2806 2808 2866
2749 2809 2867
2750 2808 2810 2868
2751 2811 2869
2810 2812 2870
2753 2813 2871
2754 2812 2814 2872
2755 2815 2873
2814 2816
2757 2817 2875
2758 2816 2818 2876
2759 2817 2819 2877
2760 2818 2820
2761 2819 2879
2762 2820 2822 2880
2763 2823 2881
2822 2824 2882
2765 2823 2825 2883
2824 2826 2884
2767 2825 2885
2768 2826 2828 2886
2769 2829 2887
2770 2828 2830 2888
2771 2829 2889
2772 2830 2832 2890
2773 2831 2891
2774 2834 2892
2775 2835 2893
2776 2834 2836 2894
2777 2835 2837 2895
2778 2836 2838 2896
2779 2837 2839 2897
2838 2840
2781 2839 2899
2782 2840 2842
2783 2841 2901
2842 2844
2785 2843 2903
2786 2844 2846 2904
2787 2845 2847 2905
2788 2846 2848 2906
2789 2847 2849 2907
2790 2848 2850
2791 2849 2909
2792 2850 2852
2793 2851 2853 2911
2852 2854
2795 2853 2913
2796 2854 2856 2914
2797 2855 2857 2915
2798 2856 2858 2916
2799 2857 2859 2917
2858 2860 2918
2801 2861 2919
2860 2862 2920
2803 2861 2921
2862 2864 2922
2805 2863 2865 2923
2864 2866 2924
2807 2865 2867 2925
2808 2866 2868
2809 2867 2927
2810 2868 2870
2811 2869 2929
2812 2870 2872 2930
2813 2871 2931
2814 2872 2874 2932
2815 2873 2933
2816 2874 2876 2934
2817 2875 2877 2935
2876 2878
2819 2877 2937
2820 2878 2880 2938
2821 2881 2939
2822 2880 2882
2823 2881 2883 2941
2824 2882 2884 2942
2825 2883 2943
2826 2884 2886
2827 2885 2945
2886 2888 2946
2829 2889 2947
2830 2888 2890 2948
2831 2889 2891 2949
2890
2833 2893 2951
2834 2892 2894
2835 2893 2895 2953
2836 2894 2896 2954
2837 2897 2955
2838 2896 2898
2839 2899 2957
2840 2898 2900
2841 2899 2901 2959
2900 2902
2843 2901 2961
2902 2904 2962
2845 2903 2905 2963
2846 2904 2906
2847 2905 2965
2848 2906 2908 2966
2849 2909 2967
2850 2908 2910 2968
2851 2909 2969
2910 2912
2853 2913 2971
2912 2914 2972
2855 2913 2915 2973
2856 2914 2916
2857 2915 2975
2858 2916 2918
2859 2917 2919 2977
2860 2918 2920 2978
2861 2919 2921 2979
2862 2920 2922 2980
2863 2921 2981
2864 2922 2924 2982
2865 2923 2983
2866 2924 2926
2867 2925 2927 2985
2868 2926 2928
2869 2927 2987
2870 2928 2930 2988
2871 2931 2989
2872 2930 2932
2873 2931 2991
2874 2932 2934 2992
2875 2933 2935 2993
2876 2934 2936
2877 2935 2937 2995
2878 2936 2938 2996
2879 2937 2997
2880 2938 2940
2881 2939 2999
2940 2942 3000
2883 2941 2943 3001
2884 2942 2944 3002
2885 2945 3003
2886 2944 2946 3004
2887 2947 3005
2946 2948
2889 3007
2890 2948 2950
2891 2949 3009
2952 3010
2893 2951 3011
2894 2952 2954 3012
2895 2953 3013
2896 2954 2956 3014
2897 2955 2957 3015
2898 2956 2958 3016
2899 2957 2959 3017
2958 2960 3018
2901 2961 3019
2960 2962
2903 2961 2963 3021
2904 2962 2964 3022
2905 2963 2965 3023
2906 2964 2966 3024
2907 3025
2908 2966 2968
2909 2967 3027
2910 2968 2970
2911 2969 3029
2912 2970 2972
2913 2971 3031
2914 2972 2974 3032
2915 2973 2975 3033
2974 2976 3034
2917 2975 2977 3035
2918 2976 2978 3036
2919 2979 3037
2978 2980 3038
2921 2979 3039
2922 2980 2982 3040
2923 2981 2983 3041
2982 2984 3042
2925 2983 3043
2926 2984 2986
2927 2985 2987 3045
2986 2988 3046
2929 2987 3047
2930 2988 2990
2931 2991 3049
2990 2992 3050
2933 2991 2993 3051
2934 2992 2994 3052
2935 2993 3053
2936 2994 2996
2937 2995 3055
2938 2996 2998 3056
2939 2999 3057
2998 3000
2941 2999 3001 3059
2942 3000 3002
2943 3001 3003 3061
2944 3002 3004 3062
2945 3003 3005 3063
2946 3004 3006
2947 3005 3007 3065
3006 3008 3066
2949 3007 3067
2950 3008 3068
2951 3011 3069
2952 3010 3012 3070
2953 3011 3071
2954 3012 3014
2955 3015 3073
2956 3014 3016 3074
2957 3015 3075
2958 3016 3018 3076
2959 3017 3019 3077
3018 3020 3078
2961 3019 3021 3079
3020 3022
2963 3021 3081
2964 3022 3024 3082
2965 3023 3025 3083
3024 3026 3084
2967 3025 3027 3085
2968 3026 3028
2969 3087
2970 3028 3030
2971 3029 3031 3089
3030 3032 3090
2973 3031 3091
3032 3034 3092
2975 3035 3093
2976 3034 3036 3094
2977 3037 3095
2978 3036 3038
2979 3037 3039 3097
2980 3038 3040
2981 3039 3041 3099
3040 3042 3100
2983 3041 3043 3101
3042 3044 3102
2985 3043 3103
3044 3046 3104
2987 3047 3105
2988 3046 3048 3106
2989 3047 3107
2990 3048 3050 3108
2991 3109
2992 3050 3052 3110
2993 3053 3111
2994 3052 3054
2995 3053 3113
2996 3054 3056 3114
2997 3057 3115
2998 3056 3058
2999 3057 3117
3000 3058 3060 3118
3001 3059 3061 3119
3002 3060 3062
3003 3061 3063 3121
3062 3064 3122
3005 3063 3065 3123
3064 3066 3124
3007 3065 3125
3008 3066 3068
3009 3127
3070
3011 3069 3129
3012 3070 3072 3130
3013 3071 3131
3014 3072 3074 3132
3015 3073 3075 3133
3074 3076
3017 3075 3135
3018 3076 3078 3136
3019 3079 3137
3020 3078 3080 3138
3021 3079 3139
3080 3082 3140
3023 3081 3083 3141
3082 3084 3142
3025 3083 3085 3143
3026 3084 3086 3144
3027 3087 3145
3086 3088 3146
3029 3087 3089 3147
3030 3088 3090
3031 3089 3091 3149
3032 3090 3092 3150
3033 3091 3151
3034 3092 3094 3152
3035 3093 3095 3153
3036 3094 3096 3154
3037 3155
3096 3098 3156
3039 3097 3099 3157
3098 3100 3158
3041 3099 3101 3159
3100 3102
3043 3101 3103 3161
3102 3104 3162
3045 3103 3105 3163
3046 3104 3106 3164
3047 3105 3107 3165
3106 3108 3166
3049 3109 3167
3050 3108 3110 3168
3051 3109 3169
3052 3110 3112 3170
3053 3111 3113 3171
3112 3114 3172
3055 3173
3056 3114 3116
3057 3115 3117 3175
3058 3116 3118 3176
3059 3119 3177
3060 3118 3120 3178
3061 3119 3179
3062 3120 3122
3063 3121 3123 3181
3064 3122 3124 3182
3065 3183
3066 3124 3126
3067 3125 3127 3185
3068 3126 3186
3069 3129 3187
3070 3128 3130
3071 3129 3131 3189
3072 3130 3132
3073 3131 3133 3191
3074 3132 3134
3075 3133 3135 3193
3076 3134 3136 3194
3077 3137 3195
3136 3138 3196
3079 3197
3080 3138 3140 3198
3081 3199
3082 3140 3142 3200
3083 3141 3143 3201
3142 3144 3202
3085 3203
3144 3146
3087 3145 3205
3088 3146 3148
3089 3147 3149 3207
3090 3148 3150 3208
3091 3149 3209
3092 3150 3152
3093 3153 3211
3094 3152 3154 3212
3095 3153 3213
3096 3154 3156 3214
3097 3155 3157 3215
3098 3156 3158
3099 3217
3100 3158 3160 3218
3101 3161 3219
3102 3160 3162
3103 3163 3221
3104 3162 3164
3105 3163 3223
3164 3166 3224
3107 3167 3225
3108 3166 3168
3109 3167 3169 3227
3168 3170 3228
3111 3169 3229
3112 3170 3172 3230
3113 3171 3173 3231
3114 3172 3174 3232
3115 3175 3233
3174 3176
3117 3175 3235
3118 3176 3178 3236
3119 3177 3179 3237
3120 3178 3180 3238
3121 3179 3181 3239
3180 3182
3123 3181 3183 3241
3182 3184 3242
3125 3183 3243
3126 3184 3186 3244
3127 3185 3245
3128 3188
3129 3247
3188 3190 3248
3131 3189 3191 3249
3132 3190 3192 3250
3133 3193 3251
3134 3192 3194 3252
3135 3195 3253
3136 3194 3196
3137 3255
3138 3196 3198 3256
3139 3199 3257
3198 3200 3258
3141 3199 3259
3200 3202
3143 3201 3261
3202 3204 3262
3145 3203 3263
3146 3204 3206 3264
3147 3207 3265
3148 3206 3208 3266
3149 3209 3267
3208 3210 3268
3151 3209 3211 3269
3152 3210 3212
3153 3213 3271
3212 3214 3272
3155 3213 3273
3156 3214 3216 3274
3157 3275
3158 3216 3218 3276
3159 3219 3277
3160 3218 3220
3161 3219 3221 3279
3220 3222 3280
3163 3221 3223 3281
3164 3222 3224 3282
3165 3223 3225 3283
3224 3226 3284
3167 3225 3227 3285
3168 3226 3228 3286
3169 3227 3287
3228 3230 3288
3171 3229 3231 3289
3172 3230 3232 3290
3173 3231 3233 3291
3174 3232 3234 3292
3175 3233 3293
3176 3234 3236
3177 3235 3237 3295
3236 3238 3296
3179 3237 3297
3238 3240
3181 3239 3241 3299
3182 3240 3242
3183 3241 3243 3301
3184 3242 3244 3302
3185 3245 3303
3186 3244 3304
3187 3305
3188 3246 3248 3306
3189 3307
3190 3248 3250 3308
3191 3249 3309
3192 3250 3252 3310
3193 3251 3253 3311
3194 3252 3254 3312
3195 3253 3255 3313
3196 3254 3256
3197 3255 3257 3315
3198 3256 3258
3199 3257 3259 3317
3200 3258 3260
3201 3259 3261 3319
3260 3262
3203 3261 3263 3321
3262 3264
3205 3263 3265 3323
3206 3264 3266
3207 3265 3325
3266 3268
3209 3327
3210 3268 3270 3328
3211 3269 3271 3329
3270 3272 3330
3213 3271 3273 3331
3272 3274
3215 3273 3275 3333
3216 3274 3276
3217 3275 3277 3335
3276 3278 3336
3219 3277 3337
3220 3278 3280 3338
3221 3281 3339
3280 3282 3340
3223 3281 3283 3341
3224 3282 3284 3342
3225 3283 3343
3284 3286
3227 3285 3287 3345
3228 3286 3288 3346
3229 3287 3289 3347
3230 3288 3290 3348
3231 3289 3291 3349
3290 3292
3233 3291 3293 3351
3292 3294 3352
3235 3293 3353
3236 3294 3296 3354
3237 3295 3297 3355
3238 3296 3298 3356
3239 3297 3299 3357
3240 3298 3300 3358
3241 3299 3301 3359
3242 3300 3302
3243 3303 3361
3244 3302 3304 3362
3245 3303 3363
3306 3364
3247 3305 3307 3365
3248 3306 3308 3366
3249 3307 3367
3250 3308 3310
3251 3309 3311 3369
3252 3310 3312 3370
3253 3311 3313 3371
3312 3314 3372
3255 3315 3373
3314 3316 3374
3257 3375
3258 3316 3318 3376
3259 3317 3319 3377
3318 3320
3261 3319 3321 3379
3320 3322 3380
3263 3321 3323 3381
3264 3322 3324
3265 3323 3325 3383
3324 3326 3384
3267 3325 3327 3385
3326 3328 3386
3269 3387
3328 3330 3388
3271 3329 3389
3330 3332 3390
3273 3331 3391
3332 3334 3392
3275 3333 3335 3393
3334 3336 3394
3277 3337 3395
3278 3336 3338 3396
3279 3337 3397
3280 3338 3340 3398
3281 3341 3399
3340 3342
3283 3341 3343 3401
3284 3342 3344 3402
3285 3345 3403
3286 3344 3346
3287 3345 3405
3346 3348
3289 3349 3407
3290 3348 3350
3291 3349 3351 3409
3292 3350 3352 3410
3293 3353 3411
3294 3352 3354
3295 3353 3355 3413
3354 3356
3297 3357 3415
3298 3356 3358 3416
3299 3357 3359 3417
3358 3360
3301 3359 3361 3419
3302 3360 3362
3303 3361 3363 3421
3304 3362 3422
3305 3365 3423
3364 3366
3307 3425
3308 3366 3368 3426
3309 3367 3369 3427
3368 3370 3428
3311 3369 3429
3370 3372 3430
3313 3431
3372 3374 3432
3315 3433
3316 3374 3376 3434
3317 3375 3377 3435
3318 3376 3378
3319 3379 3437
3378 3380
3321 3379 3381 3439
3322 3380 3382 3440
3323 3441
3382 3384 3442
3325 3385 3443
3326 3384 3386 3444
3327 3445
3386 3388
3329 3389 3447
3330 3388 3390 3448
3331 3389 3449
3332 3390 3392 3450
3333 3391 3393 3451
3334 3392 3394 3452
3335 3453
3336 3394 3396 3454
3337 3395 3397 3455
3396 3398 3456
3339 3399 3457
3398 3400 3458
3341 3399 3401 3459
3400 3402 3460
3343 3461
3344 3402 3404 3462
3345 3405 3463
3346 3404 3406
3347 3405 3407 3465
3348 3406 3408
3349 3407 3409 3467
3350 3408 3410 3468
3351 3409 3411 3469
3410 3412
3353 3411 3471
3412 3414 3472
3355 3413 3415 3473
3356 3414 3416 3474
3357 3415 3417 3475
3358 3416 3418
3359 3477
3418 3420
3361 3479
3420 3422 3480
3363 3481
3364 3424
3365 3423 3425
3424 3426
3367 3427
3368 3426 3428
3369 3427
3428 3430
3371 3429 3431
3372 3430 3432
3373 3433
3374 3432 3434
3375 3433 3435
3376 3434 3436
3377 3435 3437
3436 3438
3379
3438 3440
3381 3439 3441
3382 3440 3442
3383 3441 3443
3384 3442 3444
3385 3443 3445
3386 3444 3446
3387 3447
3446 3448
3389 3447
3390 3448 3450
3391 3449
3392 3450 3452
3393
3394 3452 3454
3395 3453 3455
3396 3454 3456
3397 3457
3398 3456 3458
3399 3459
3458 3460
3401
3402 3460 3462
3403 3461
3404 3462 3464
3405 3463 3465
3406 3464 3466
3407 3467
3466 3468
3409 3467
3410 3468 3470
3411 3469 3471
3412 3470 3472
3413 3471 3473
3414 3472 3474
3415 3473
3474 3476
3417 3475 3477
3476 3478
3419 3477 3479
3420 3478 3480
3421 3479
3422 3480
