3600 10984 0
2
62
2 4 63
64
4 6 65
7 66
6 8
7 9 68
8 10 69
70
10 12
72
12 14 73
15 74
14 16 75
15 76
16 18
78
18 20 79
21 80
20 22
23 82
22 24 83
84
24 26 85
25 27 86
26 28
29 88
28 30 89
31 90
30 32
31 33 92
32 34
33 35 94
34 36 95
35 96
36 38 97
37 39 98
38 40 99
39 100
40 42
43 102
42 44 103
43 104
44 46 105
45 47 106
46 48 107
47 49 108
48 50
110
50 52 111
51 53 112
52 54
53 114
54 56
55 57 116
56 58 117
57 59 118
58 60 119
120
1 121
61 63 122
3 123
4 63 65
5 64 66 125
6 65 67 126
7 66 68 127
8 67 69 128
9 70 129
69 71 130
11 131
12 71 73 132
13 72 74 133
14 73 75 134
15 76 135
75 77 136
17 78 137
18 77 79
19 139
79 81 140
21 82 141
22 81 83 142
23 143
24 83 85 144
25 84 86 145
85 87 146
27 147
87 89
29 90 149
30 89 91 150
31 90 151
32 91 93
33 92 94 153
93 95
35 96 155
36 95 97
37 157
38 97 99
39 100 159
99 101
41 161
101 103 162
43 163
44 103 105
45 104 106 165
105 107 166
47 167
107 109
49 110 169
50 109 111
51 112 171
111 113 172
53 173
113 115 174
55 116 175
115 117
57 177
58 117 119
59 118 120 179
60 119
61 122 181
62 182
63 122 124
64 125 184
65 124 126 185
66 127 186
126 128
68 129 188
128 130
70 129 131 190
71 130 132 191
72 133 192
73 132 134 193
74 194
75 134 136 195
76 137 196
136 138
78 139 198
79 138 140 199
80 141 200
81 140 142 201
82 202
83 142 144 203
84 143 145 204
144 146 205
86 145 206
146 148 207
88 147 208
148 150 209
90 210
91 150 152 211
92 151 153 212
152 154 213
94 155 214
154 156 215
96 157 216
156 158 217
98 159 218
99 158 160
100 159 220
160 162 221
102 161 163 222
162 164 223
104 163 165 224
105 164 166
106 165 167 226
107 166 168 227
108 167 228
168 170
110 230
111 170 172 231
112 171 173 232
172 174 233
114 173 175 234
115 174 176 235
116 175 236
176 178
118 177 238
178 180 239
120 240
121 241
122 181 183
123 243
183 185
125 184 186 245
185 187
127 188 247
187 189 248
129 190 249
189 191
131 190 251
132 191 193
133 194 253
134 193 195
135 194 255
195 197
137 198 257
197 199
139 198 200 259
199 201 260
141 200 202 261
201 203
143 202 204 263
203 205
145 204 206 265
146 205 207 266
147 208 267
207 209 268
149 208 269
150 209 211
151 210 212 271
211 213
153 273
213 215 274
155 214 216 275
156 215 217
157 218 277
158 217 219 278
159 218 220 279
219 221
161 281
162 221 223
163 222 283
164 223 225 284
165 224 226 285
166 225 227 286
167 228 287
227 229 288
169 289
170 229 231
171 291
231 233 292
173 232 293
174 233 235
175 295
235 237 296
177 236 238 297
237 239 298
179 238 299
180 239 300
242 301
182 302
183 242 244
184 243 304
185 244 246 305
186 245 247 306
187 246 248
188 249 308
189 248 250
190 249 310
250 252 311
192 251 253 312
193 252 254 313
194 314
195 254 256
196 255 257 316
256 258
198 318
258 260 319
200 259 261 320
201 260 262 321
202 261 322
203 262 264
204 263 324
205 264 266
206 267 326
266 268 327
208 269 328
209 268 270 329
210 269 330
270 272 331
212 273 332
213 272 274
214 273 275 334
274 276
216 275 277 336
217 276 278
218 277 279 338
278 280 339
220 279 281 340
280 282 341
222 281 342
223 282 284 343
224 283 344
225 284 286 345
226 285 287 346
286 288
228 289 348
288 290
230 289 350
231 290 292
232 291 293 352
233 292 294
234 293 295 354
294 296
236 295 297 356
237 296 298 357
238 297 299 358
239 298 300 359
240 299 360
241 302 361
301 303 362
243 302 363
244 303 305 364
245 304 365
305 307
247 306 367
307 309 368
249 308 369
250 309 311 370
251 312 371
252 311 313
253 373
313 315 374
255 314 375
315 317
257 316 377
258 317 319 378
259 318 320 379
319 321 380
261 322 381
321 323 382
263 322 383
323 325
265 324 326 385
266 325 327 386
267 328 387
268 327 329
269 328 330 389
270 329 331
271 332 391
331 333
273 393
333 335
275 334 336 395
335 337 396
277 336 338 397
278 337 339
279 338 399
280 339 341 400
281 340 342 401
341 343 402
283 342 344 403
284 343 345
285 405
286 345 347 406
287 346 348 407
288 347 349
289 348 409
290 349 351
291 350 352 411
351 353
293 352 354 413
353 355
295 354 415
355 357 416
297 417
357 359
299 360 419
300 359 420
301 362 421
302 422
362 364 423
304 363 365 424
364 366 425
306 365 367 426
307 366 368 427
308 367 428
309 368 370
310 369 430
311 370 372
312 373 432
372 374
314 434
315 374 376
316 375 377 436
376 378
318 438
378 380 439
320 440
321 380 382 441
322 381 383 442
323 382 384 443
324 444
325 384 386 445
326 385 387 446
386 388
328 389 448
329 388 390 449
330 450
331 390 392
332 393 452
392 394
334 393 454
335 394 396 455
336 397 456
337 396 398 457
338 399 458
339 398 400 459
340 399 401 460
400 402 461
342 403 462
343 402 404
344 403 464
404 406 465
346 405 407 466
347 406 408
348 407 409 468
349 408 410
350 409 411 470
410 412
352 413 472
353 412 414 473
354 413 474
414 416
356 417 476
357 416 418
358 478
359 418 420
360 419 480
361 422 481
421 423 482
363 422 483
423 425
365 485
366 425 427
367 426 487
427 429
369 428 430 489
370 429 431
371 432 491
372 431 433 492
373 493
433 435
375 495
435 437
377 497
378 437 439
379 440 499
380 439 441 500
381 501
441 443 502
383 503
443 445 504
385 444 446 505
445 447
387 446 507
388 447 449 508
389 448 450 509
390 449 451 510
391 511
451 453
393 452 513
394 453 455
395 454 515
455 457
397 456 458 517
457 459 518
399 458 460 519
400 459 461 520
401 460 462 521
461 463
403 464 523
463 465 524
405 466 525
406 465 467 526
407 466 468 527
467 469
409 529
410 469 471 530
411 472 531
412 471 473 532
413 472 533
473 475
415 476 535
416 475 477 536
417 476 478 537
477 479
419 539
420 479
421 482
422 542
423 482 484
424 485 544
484 486 545
426 485 546
427 486 488 547
428 487 548
429 488 490 549
430 489 550
431 490 492 551
432 493 552
492 494
434 554
435 494 496 555
436 497 556
437 496 498 557
438 558
498 500
440 499 501 560
441 500 502
442 501 503 562
502 504 563
444 503 564
445 504 506 565
446 566
506 508 567
448 507 509 568
508 510 569
450 570
451 510 512 571
452 511 513 572
453 512 514
454 513 515 574
455 514 516
456 515 576
457 516 518
458 517 578
518 520
460 519 580
461 520 522
462 521 582
463 522 524 583
464 523 584
465 524 526
466 525 527 586
526 528
468 529 588
528 530
470 529 531 590
471 530 532 591
472 533 592
473 532 534
474 535 594
534 536 595
476 537 596
477 536 538 597
478 537 539 598
479 538 540 599
480 600
481 542 601
482 541 543 602
483 542 603
484 543 545 604
485 605
545 547 606
487 546 607
488 547 549
489 548 550 609
490 549 551
491 552 611
492 551 553 612
493 554 613
494 553 555 614
495 554 556 615
555 557
497 556 558 617
557 559 618
499 558 619
559 561
501 560 562 621
561 563 622
503 564 623
504 563 565 624
505 564 566 625
506 565 567
507 568 627
508 567 569
509 629
510 569 571 630
511 572 631
571 573
513 572 633
573 575 634
515 576 635
516 575 577 636
517 637
577 579
519 578 639
520 579 581
521 580 641
581 583
523 582 643
524 583 585
525 584 586 645
526 585 587
527 586 588 647
587 589
529 649
530 589 591 650
531 590 592 651
532 591 593 652
533 592 594 653
593 595
535 594 596 655
536 595 597 656
537 596 598 657
538 597 599 658
539 598 600 659
599 660
541 602 661
542 662
543 602 604
544 603 605 664
604 606 665
546 605 607 666
547 606 608
548 607 609 668
549 608 610
550 611 670
551 610 612
552 672
612 614 673
554 613 615 674
555 614 616
556 617 676
616 618 677
558 619 678
618 620
560 621 680
561 620 622
562 621 623 682
563 622 624
564 684
624 626
566 625 627 686
626 628 687
568 627 629 688
628 630
570 631 690
571 630 632 691
572 631 633 692
573 632 634 693
574 694
575 634 636
576 696
636 638 697
578 639 698
579 638 640 699
580 641 700
640 642 701
582 702
642 644
584 643 645 704
585 644 646
586 647 706
587 646 648 707
588 649 708
589 648 650
590 710
650 652
592 651 712
593 652 654
594 655 714
654 656 715
596 655 657 716
597 656 658 717
598 718
599 658 660
600 720
601 662 721
602 661 663 722
603 662 723
604 663 665 724
605 664 666 725
606 665 667
607 666 668 727
608 667 669
609 668 670 729
610 669 671 730
611 670 672 731
612 671 673 732
613 672 674 733
673 675
615 674 735
675 677
617 676 737
618 677 679 738
619 739
620 679 681 740
621 680 682 741
681 683
623 682 743
683 685 744
625 745
626 685 687 746
627 747
687 689 748
629 690 749
630 689 691
631 690 751
691 693 752
633 753
693 695 754
635 696 755
695 697
637 698 757
638 697 699
639 700 759
699 701 760
641 700 702 761
701 703
643 704 763
703 705 764
645 704 706 765
705 707 766
647 708 767
648 707 709 768
649 708 710 769
650 709 711 770
651 771
652 711 713 772
653 714 773
654 713 715 774
655 714 775
656 715 717 776
657 718 777
658 717 719
659 718 779
719 780
722 781
662 723 782
722 724
664 784
665 724 726 785
666 727 786
667 726 728 787
668 788
669 728 730
670 731 790
671 730 732 791
672 733 792
732 734
674 794
675 734 736
676 737 796
677 736 738
678 798
738 740 799
680 800
740 742 801
682 741 743 802
683 742 744 803
684 743 745 804
744 746 805
686 745 747 806
746 748 807
688 808
689 748 750
690 749 751 810
750 752 811
692 753 812
693 752 754
694 755 814
695 754 756
696 757 816
697 756 758 817
698 757 759 818
699 758 760
700 759 820
701 760 762 821
702 822
703 762 764
704 763 765 824
705 764 766 825
706 765 826
707 766 768 827
708 767 769 828
709 768 770 829
710 830
711 770 772
712 771 832
772 774 833
714 775 834
715 774 776
716 775 777 836
717 776 778
718 777 779 838
719 778 780 839
720 779 840
721 841
781 783 842
723 784 843
724 783 785
725 784 786 845
785 787 846
727 847
728 787 789
729 788 790 849
789 791
731 851
791 793 852
733 792 794 853
734 793 795 854
735 796 855
795 797
737 796 798 857
797 799
739 798 859
740 799 801
741 800 802 861
742 801 803
743 802 804 863
744 803 805 864
745 804 806 865
805 807
747 808 867
807 809
749 869
750 809 811 870
751 810 812 871
811 813 872
753 812 814 873
754 813 815
755 875
815 817
757 816 877
817 819 878
759 820 879
819 821 880
761 820 881
821 823
763 824 883
823 825 884
765 826 885
825 827
767 887
768 827 829 888
769 828 889
770 829 831 890
771 830 891
772 831 833 892
773 832 893
833 835
775 834 836 895
835 837
777 836 838 897
778 837 839
779 838 840 899
839 900
842 901
782 841 902
783 842 844
784 843 845 904
785 844 846 905
786 906
787 846 848
788 849 908
848 850 909
790 851 910
850 852 911
792 853 912
793 852 854 913
794 914
795 854 856
796 855 857 916
797 856 858
798 857 918
858 860
800 861 920
801 860 862
802 863 922
803 862 864 923
804 865 924
864 866 925
806 865 867 926
807 866 868 927
808 869 928
868 870
810 871 930
811 870 872
812 871 932
813 872 874
814 873 875 934
815 874 876 935
816 875 936
876 878
818 877 879 938
819 878 880
820 879 940
821 880 882
822 881 942
882 884
824 883 885 944
884 886
826 885 887 946
827 886 888
828 889 948
829 888 890 949
830 891 950
831 890 892
832 952
892 894 953
834 893 895 954
894 896
836 897 956
896 898
838 897 958
898 900
840 899 960
841 961
842 901 903 962
843 963
903 905
845 904 906 965
846 905 907 966
847 906 908 967
907 909 968
849 969
909 911 970
851 971
852 911 913
853 912 973
913 915
855 975
915 917 976
857 916 918 977
858 917 919 978
859 918 920 979
860 919 921 980
861 981
862 921 923
863 924 983
923 925 984
865 926 985
925 927 986
867 928 987
868 927 929 988
869 930 989
929 931 990
871 991
931 933
873 932 934 993
874 933 935 994
875 934 995
876 935 937
877 936 938 997
878 937 939
879 938 999
939 941 1000
881 1001
941 943 1002
883 942 1003
943 945
885 944 946 1005
945 947
887 948 1007
947 949 1008
889 948 1009
890 949 951
891 952 1011
892 951 953 1012
893 1013
953 955
895 1015
955 957
897 956 958 1017
898 957 959 1018
899 960 1019
959
901 962
902 961 1022
903 962 964 1023
904 1024
964 966
906 1026
966 968
908 967 1028
968 970 1029
910 971 1030
911 970 972
912 971 1032
972 974 1033
914 973 975 1034
974 976
916 975 1036
917 976 978
918 1038
919 978 980 1039
920 979 981 1040
921 980 982 1041
922 1042
982 984 1043
924 985 1044
984 986 1045
926 985 987 1046
927 986 988
928 989 1048
988 990
930 991 1050
990 992 1051
932 1052
992 994
934 995 1054
994 996 1055
936 1056
937 996 998 1057
938 999 1058
939 998 1000
940 999 1001 1060
941 1000 1002 1061
942 1003 1062
943 1002 1004
944 1003 1064
1004 1006
946 1066
1006 1008 1067
948 1007 1009 1068
1008 1010
950 1009 1011 1070
1010 1012 1071
952 1011 1072
953 1012 1014 1073
954 1015 1074
1014 1016 1075
956 1017 1076
957 1016 1018 1077
958 1017 1078
959 1018 1020 1079
960 1080
961 1022 1081
962 1021 1023
963 1022 1083
964 1023 1025 1084
965 1026 1085
966 1025 1027 1086
967 1087
968 1027 1029 1088
969 1028 1030 1089
1029 1031
971 1030 1032 1091
1031 1033 1092
973 1032 1034 1093
974 1033 1035 1094
975 1036 1095
976 1035 1037
977 1038 1097
978 1037 1039 1098
979 1038 1099
1039 1041
981 1101
1041 1043 1102
983 1044 1103
984 1043 1045
985 1044 1105
986 1045 1047 1106
987 1046 1048 1107
988 1047 1049
989 1048 1050 1109
1049 1051 1110
991 1050 1111
1051 1053 1112
993 1052 1113
994 1053 1055 1114
995 1054 1056 1115
1055 1057 1116
997 1056 1058 1117
998 1057 1059 1118
999 1058 1060 1119
1059 1061
1001 1062 1121
1061 1063
1003 1062 1123
1004 1063 1065
1005 1064 1066 1125
1065 1067
1007 1066 1068 1127
1008 1067 1069
1009 1068 1070 1129
1069 1071
1011 1131
1071 1073
1013 1072 1074 1133
1014 1073 1075
1015 1074 1135
1016 1075 1077
1017 1076 1078 1137
1077 1079 1138
1019 1078 1139
1020 1079
1021 1082 1141
1022 1081 1083 1142
1023 1082 1084 1143
1024 1083 1085 1144
1025 1084 1086
1026 1085 1087 1146
1086 1088
1028 1148
1088 1090
1030 1150
1090 1092 1151
1032 1093 1152
1033 1092 1094
1034 1093 1154
1035 1094 1096
1036 1095 1097 1156
1037 1096 1098 1157
1038 1097 1099 1158
1098 1100
1040 1099 1101 1160
1100 1102 1161
1042 1162
1043 1102 1104
1044 1103 1105 1164
1045 1104 1106 1165
1046 1105 1107 1166
1047 1106 1108 1167
1048 1107 1168
1108 1110 1169
1050 1109 1111 1170
1110 1112 1171
1052 1111 1172
1053 1112 1114
1054 1174
1055 1114 1116
1056 1176
1116 1118
1058 1117 1119 1178
1118 1120
1060 1119 1121 1180
1061 1120 1122 1181
1062 1182
1122 1124
1064 1123 1184
1124 1126 1185
1066 1125 1127 1186
1067 1126 1128
1068 1127 1188
1069 1128 1130
1070 1131 1190
1071 1130 1132 1191
1072 1131 1192
1132 1134 1193
1074 1133 1135 1194
1075 1134 1136
1076 1135 1196
1077 1136 1138
1078 1137 1198
1079 1138 1140 1199
1080 1200
1081 1201
1141 1143 1202
1083 1203
1143 1145 1204
1085 1144 1205
1086 1145 1147 1206
1087 1146 1148 1207
1147 1149 1208
1089 1150 1209
1149 1151 1210
1091 1211
1092 1151 1153
1093 1152 1154 1213
1094 1153 1155 1214
1095 1215
1155 1157
1097 1217
1098 1157 1159 1218
1099 1160 1219
1159 1161
1101 1221
1161 1163
1103 1164 1223
1104 1163 1165
1105 1164 1166 1225
1106 1165 1167
1107 1166 1168 1227
1167 1169 1228
1109 1168 1170 1229
1169 1171 1230
1111 1170 1172 1231
1171 1173
1113 1174 1233
1114 1173 1175 1234
1115 1235
1175 1177 1236
1117 1176 1178 1237
1118 1177 1179
1119 1178 1180 1239
1179 1181
1121 1180 1182 1241
1181 1183
1123 1182 1243
1183 1185 1244
1125 1186 1245
1126 1185 1187 1246
1127 1186 1188 1247
1128 1187 1189 1248
1129 1188 1190 1249
1130 1189 1191 1250
1131 1192 1251
1132 1191 1193 1252
1133 1194 1253
1193 1195 1254
1135 1255
1136 1195 1197 1256
1137 1257
1138 1197 1199 1258
1139 1198 1259
1140 1199 1260
1202 1261
1142 1262
1202 1204 1263
1144 1203 1205 1264
1204 1206
1146 1207 1266
1147 1206 1208 1267
1148 1207 1268
1208 1210 1269
1150 1209 1270
1151 1210 1212 1271
1152 1211 1213 1272
1153 1212 1214 1273
1154 1213 1215 1274
1155 1214 1216
1156 1215 1217 1276
1216 1218
1158 1278
1218 1220 1279
1160 1219 1221 1280
1220 1222
1162 1221 1282
1163 1222 1224 1283
1164 1284
1224 1226 1285
1166 1227 1286
1226 1228 1287
1168 1229 1288
1169 1228 1230 1289
1170 1290
1230 1232
1172 1233 1292
1173 1232 1234 1293
1174 1233 1235 1294
1234 1236 1295
1176 1296
1177 1236 1238
1178 1237 1239 1298
1238 1240 1299
1180 1241 1300
1181 1240 1242
1182 1241 1243 1302
1242 1244 1303
1184 1243 1304
1185 1244 1246 1305
1186 1245 1306
1187 1246 1248 1307
1188 1247 1249 1308
1248 1250
1190 1310
1250 1252
1192 1253 1312
1252 1254
1194 1314
1195 1254 1256 1315
1196 1255 1257 1316
1256 1258 1317
1198 1257 1259 1318
1258 1260
1200 1320
1201 1262 1321
1202 1261 1263
1203 1262 1264 1323
1204 1263 1265
1205 1266 1325
1265 1267 1326
1207 1266 1268 1327
1267 1269 1328
1209 1268 1329
1210 1269 1271
1211 1270 1272 1331
1212 1271 1273
1213 1272 1274 1333
1214 1273 1275 1334
1215 1335
1216 1275 1277
1217 1278 1337
1277 1279 1338
1219 1278 1280 1339
1220 1279 1281
1221 1282 1341
1281 1283 1342
1223 1282 1284 1343
1224 1283 1285
1225 1284 1345
1226 1285 1287 1346
1227 1286 1288 1347
1228 1287 1289
1229 1349
1289 1291 1350
1231 1290 1292 1351
1291 1293
1233 1353
1293 1295 1354
1235 1296 1355
1295 1297 1356
1237 1296 1298 1357
1297 1299
1239 1300 1359
1240 1299 1301 1360
1241 1302 1361
1242 1301 1303
1243 1302 1304 1363
1244 1303 1305
1245 1365
1246 1305 1307 1366
1247 1306 1308 1367
1248 1307 1309
1249 1369
1309 1311 1370
1251 1312 1371
1311 1313 1372
1253 1373
1313 1315 1374
1255 1316 1375
1256 1315 1317 1376
1257 1377
1317 1319 1378
1259 1320 1379
1260 1319 1380
1322 1381
1262 1382
1263 1322 1324
1264 1323 1325 1384
1265 1324 1326 1385
1266 1325 1327 1386
1326 1328 1387
1268 1329 1388
1269 1328 1330 1389
1270 1329 1331 1390
1330 1332 1391
1272 1331 1392
1273 1332 1334
1274 1335 1394
1275 1334 1336 1395
1276 1335 1337 1396
1277 1336 1338
1278 1337 1339 1398
1279 1338 1340
1280 1339 1400
1281 1340 1342
1282 1343 1402
1342 1344
1284 1404
1285 1344 1346 1405
1286 1347 1406
1346 1348 1407
1288 1347 1408
1348 1350
1290 1410
1350 1352 1411
1292 1412
1293 1352 1354 1413
1294 1353 1355 1414
1295 1354 1356
1296 1416
1356 1358
1298 1357 1418
1358 1360 1419
1300 1359 1420
1301 1360 1362 1421
1302 1422
1362 1364 1423
1304 1365 1424
1364 1366
1306 1367 1426
1366 1368 1427
1308 1367 1369 1428
1368 1370
1310 1369 1371 1430
1370 1372
1312 1371 1432
1313 1372 1374 1433
1314 1373 1434
1374 1376 1435
1316 1377 1436
1376 1378
1318 1377 1379 1438
1378 1380 1439
1320 1440
1321 1382 1441
1381 1383
1323 1382 1384 1443
1383 1385 1444
1325 1384 1445
1326 1385 1387 1446
1327 1386 1388 1447
1328 1387 1389 1448
1329 1390 1449
1330 1389 1391
1331 1390 1451
1332 1391 1393
1333 1392 1394 1453
1334 1393 1395 1454
1335 1394 1396 1455
1336 1395 1397
1337 1396 1398 1457
1338 1397 1399
1339 1398 1400 1459
1399 1401
1341 1400 1402 1461
1401 1403 1462
1343 1402 1463
1344 1403 1405 1464
1345 1404 1406 1465
1405 1407 1466
1347 1408 1467
1407 1409
1349 1408 1469
1350 1409 1411
1351 1410 1412 1471
1352 1411 1413 1472
1353 1414 1473
1354 1413 1415 1474
1355 1414 1416 1475
1356 1415 1417 1476
1357 1416 1477
1358 1417 1419
1359 1420 1479
1419 1421 1480
1361 1420 1422 1481
1421 1423 1482
1363 1422 1483
1423 1425
1365 1485
1425 1427 1486
1367 1426 1428 1487
1368 1427 1429 1488
1369 1489
1429 1431
1371 1432 1491
1372 1431 1433 1492
1373 1434 1493
1433 1435 1494
1375 1436 1495
1435 1437
1377 1438 1497
1378 1437 1439 1498
1379 1499
1439
1381 1442
1382 1443 1502
1383 1442 1444 1503
1384 1504
1444 1446 1505
1386 1445 1506
1387 1446 1448 1507
1388 1449 1508
1448 1450
1390 1449 1451 1510
1450 1452
1392 1451 1453 1512
1452 1454
1394 1455 1514
1395 1454 1456
1396 1455 1457 1516
1397 1456 1458 1517
1398 1518
1458 1460 1519
1400 1461 1520
1401 1460 1462
1402 1461 1522
1403 1462 1464
1404 1465 1524
1405 1464 1466 1525
1406 1465 1526
1466 1468 1527
1408 1467 1469 1528
1409 1468 1470
1410 1469 1530
1411 1470 1472 1531
1412 1471 1532
1413 1472 1474 1533
1414 1473 1475 1534
1415 1474 1476
1416 1475 1477 1536
1476 1478
1418 1477 1538
1478 1480 1539
1420 1540
1421 1480 1482
1422 1481 1483 1542
1482 1484 1543
1424 1483 1485 1544
1425 1484 1486 1545
1426 1485 1487 1546
1486 1488
1428 1487 1548
1488 1490 1549
1430 1550
1490 1492 1551
1432 1491 1493 1552
1433 1492 1494
1434 1493 1554
1435 1494 1496 1555
1436 1497 1556
1437 1496 1498 1557
1438 1499 1558
1439 1498 1500 1559
1440 1560
1441 1502 1561
1442 1501 1503
1443 1502 1504 1563
1503 1505 1564
1445 1506 1565
1505 1507
1447 1508 1567
1448 1507 1509 1568
1449 1508 1510 1569
1509 1511 1570
1451 1510 1571
1511 1513 1572
1453 1512 1573
1454 1513 1515 1574
1455 1514 1516 1575
1515 1517
1457 1516 1518 1577
1458 1517 1519
1459 1518 1520 1579
1519 1521
1461 1522 1581
1462 1521 1523
1463 1522 1524 1583
1523 1525 1584
1465 1524 1585
1466 1525 1527 1586
1467 1526 1528 1587
1527 1529
1469 1530 1589
1470 1529 1531
1471 1530 1591
1531 1533
1473 1532 1534 1593
1474 1533 1535 1594
1475 1534 1595
1535 1537 1596
1477 1536 1538 1597
1537 1539 1598
1479 1538 1540 1599
1480 1539 1541 1600
1481 1542 1601
1482 1541 1543 1602
1483 1544 1603
1484 1543 1545
1485 1544 1605
1486 1545 1547 1606
1487 1546 1548 1607
1547 1549
1489 1548 1550 1609
1490 1549 1551 1610
1491 1552 1611
1551 1553 1612
1493 1554 1613
1494 1553 1555 1614
1495 1615
1555 1557
1497 1556 1617
1557 1559 1618
1499 1558 1560 1619
1559 1620
1562 1621
1502 1561 1622
1503 1562 1564
1504 1563 1565 1624
1564 1566 1625
1506 1567 1626
1507 1566 1568 1627
1508 1569 1628
1568 1570 1629
1510 1569 1571 1630
1511 1570 1572 1631
1512 1573 1632
1572 1574 1633
1514 1634
1574 1576 1635
1516 1636
1576 1578 1637
1518 1577 1579 1638
1578 1580 1639
1520 1581 1640
1521 1580 1582 1641
1522 1583 1642
1523 1582 1584 1643
1524 1583 1585 1644
1525 1584 1586
1526 1587 1646
1586 1588
1528 1589 1648
1588 1590
1530 1589 1591 1650
1590 1592
1532 1593 1652
1533 1592 1594
1534 1593 1595 1654
1594 1596
1536 1595 1597 1656
1596 1598 1657
1538 1658
1598 1600
1540 1601 1660
1600 1602 1661
1542 1662
1602 1604
1544 1605 1664
1604 1606
1546 1605 1666
1547 1606 1608 1667
1548 1607 1609 1668
1549 1608 1610
1550 1670
1610 1612 1671
1552 1611 1672
1553 1612 1614 1673
1554 1613 1615 1674
1555 1614 1616 1675
1556 1615 1676
1557 1616 1618 1677
1558 1678
1559 1618 1620
1560 1619 1680
1561 1681
1621 1623 1682
1563 1683
1564 1623 1625 1684
1565 1624 1626 1685
1625 1627
1567 1626 1628 1687
1627 1629 1688
1569 1689
1629 1631 1690
1571 1691
1572 1631 1633
1573 1693
1574 1633 1635
1575 1636 1695
1576 1635 1637 1696
1577 1638 1697
1578 1637 1639 1698
1579 1638 1699
1639 1641
1581 1701
1582 1641 1643
1583 1644 1703
1643 1645 1704
1585 1646 1705
1586 1645 1647 1706
1587 1707
1588 1647 1649 1708
1589 1709
1590 1649 1651 1710
1591 1652 1711
1651 1653 1712
1593 1713
1594 1653 1655
1595 1654 1715
1596 1655 1657 1716
1597 1717
1598 1657 1659
1599 1660 1719
1600 1659 1661 1720
1601 1721
1661 1663 1722
1603 1664 1723
1663 1665 1724
1605 1664 1725
1665 1667
1607 1668 1727
1608 1667 1669
1609 1670 1729
1669 1671 1730
1611 1670 1731
1612 1671 1673
1613 1672 1674 1733
1673 1675 1734
1615 1676 1735
1616 1675 1677
1617 1676 1737
1618 1677 1679 1738
1619 1739
1620 1679 1740
1682
1622 1683 1742
1682 1684
1624 1683 1744
1625 1684 1686 1745
1626 1687 1746
1686 1688 1747
1628 1687 1689 1748
1629 1688 1690
1630 1691 1750
1631 1690 1692 1751
1632 1691 1752
1633 1692 1694 1753
1634 1693 1754
1635 1694 1696 1755
1636 1695 1697 1756
1637 1696 1698 1757
1638 1697 1758
1639 1698 1700 1759
1640 1701 1760
1641 1700 1702 1761
1642 1701 1762
1702 1704 1763
1644 1705 1764
1645 1704 1706
1646 1766
1706 1708
1648 1709 1768
1649 1708 1710 1769
1650 1770
1651 1710 1712 1771
1652 1711 1772
1712 1714
1654 1713 1715 1774
1714 1716 1775
1656 1776
1716 1718
1658 1717 1719 1778
1659 1718 1720
1660 1719 1721 1780
1720 1722 1781
1662 1782
1663 1722 1724
1664 1723 1725 1784
1665 1724 1726 1785
1666 1727 1786
1726 1728
1668 1729 1788
1728 1730 1789
1670 1790
1730 1732
1672 1792
1673 1732 1734
1674 1733 1735 1794
1734 1736 1795
1676 1735 1737 1796
1736 1738 1797
1678 1739 1798
1679 1738 1740
1680 1739 1800
1681 1742 1801
1741 1743 1802
1683 1742 1744 1803
1684 1743 1745 1804
1685 1805
1745 1747
1687 1746 1748 1807
1688 1747 1749
1689 1748 1809
1690 1749 1751
1691 1752 1811
1692 1751 1753 1812
1693 1752 1813
1753 1755 1814
1695 1815
1696 1755 1757
1697 1758 1817
1698 1757 1759 1818
1699 1758 1819
1759 1761 1820
1701 1760 1762 1821
1761 1763
1703 1823
1704 1763 1765 1824
1705 1766 1825
1765 1767 1826
1707 1827
1708 1767 1769
1709 1768 1829
1710 1769 1771
1711 1770 1831
1771 1773
1713 1772 1833
1714 1773 1775
1715 1776 1835
1716 1775 1777
1717 1778 1837
1777 1779
1719 1778 1839
1720 1779 1781
1721 1782 1841
1781 1783 1842
1723 1782 1843
1724 1783 1785 1844
1725 1786 1845
1785 1787
1727 1786 1788 1847
1787 1789 1848
1729 1788 1849
1730 1789 1791
1731 1792 1851
1732 1791 1793
1733 1792 1794 1853
1734 1793 1795 1854
1735 1794 1855
1795 1797 1856
1737 1796 1798 1857
1797 1799 1858
1739 1798 1800 1859
1799
1741 1802
1742 1801 1803 1862
1743 1802 1804 1863
1744 1803 1864
1804 1806
1746 1805 1807 1866
1806 1808
1748 1809 1868
1808 1810 1869
1750 1809 1811 1870
1810 1812 1871
1752 1811 1813 1872
1753 1812 1814 1873
1754 1815 1874
1814 1816 1875
1756 1815 1817 1876
1816 1818 1877
1758 1817 1819 1878
1759 1818 1820
1760 1819 1821 1880
1820 1822 1881
1762 1821 1823 1882
1763 1822 1824
1764 1823 1825 1884
1765 1824 1826 1885
1766 1825 1827 1886
1767 1826 1828
1768 1827 1888
1769 1828 1830
1770 1829 1831 1890
1771 1830 1832 1891
1772 1833 1892
1832 1834 1893
1774 1833 1894
1775 1834 1836
1776 1837 1896
1777 1836 1838 1897
1778 1837 1898
1838 1840
1780 1839 1900
1781 1840 1842
1782 1841 1902
1783 1842 1844 1903
1784 1843 1845 1904
1844 1846 1905
1786 1845 1847 1906
1846 1848
1788 1908
1789 1848 1850 1909
1790 1910
1850 1852 1911
1792 1853 1912
1852 1854
1794 1853 1855 1914
1854 1856 1915
1796 1855 1857 1916
1797 1856 1858
1798 1859 1918
1858 1860 1919
1800 1920
1801 1862 1921
1861 1863 1922
1803 1862 1923
1804 1863 1865 1924
1805 1864 1866 1925
1865 1867 1926
1807 1927
1867 1869 1928
1809 1868 1929
1810 1869 1871
1811 1872 1931
1812 1871 1873
1813 1872 1874 1933
1814 1873 1875
1815 1935
1816 1875 1877
1817 1937
1877 1879
1819 1880 1939
1820 1879 1881 1940
1821 1882 1941
1881 1883 1942
1823 1882 1884 1943
1824 1883 1885 1944
1825 1884 1886 1945
1826 1885 1887 1946
1827 1947
1828 1887 1889
1829 1888 1890 1949
1889 1891
1831 1890 1951
1891 1893
1833 1892 1894 1953
1834 1893 1895
1835 1894 1896 1955
1895 1897 1956
1837 1957
1897 1899 1958
1839 1898 1900 1959
1840 1899 1901
1841 1900 1961
1842 1901 1903
1843 1902 1963
1844 1903 1905 1964
1845 1904 1965
1846 1905 1907 1966
1847 1908 1967
1907 1909 1968
1849 1910 1969
1850 1909 1911
1851 1910 1912 1971
1911 1913 1972
1853 1914 1973
1913 1915 1974
1855 1916 1975
1856 1915 1917
1857 1916 1918 1977
1917 1919 1978
1859 1918 1920 1979
1919 1980
1922 1981
1862 1921 1923 1982
1922 1924 1983
1864 1925 1984
1924 1926 1985
1866 1925 1927 1986
1867 1926 1928 1987
1868 1927 1988
1869 1928 1930 1989
1870 1929 1931 1990
1871 1930 1932
1872 1933 1992
1873 1932 1934
1874 1933 1994
1875 1934 1936 1995
1876 1937 1996
1877 1936 1938 1997
1878 1998
1938 1940
1880 1939 2000
1881 1940 1942 2001
1882 1941 1943 2002
1942 1944
1884 1943 1945 2004
1944 1946 2005
1886 1947 2006
1887 1946 1948
1888 1947 1949 2008
1889 1948 1950 2009
1890 1951 2010
1950 1952
1892 2012
1952 1954 2013
1894 1953 1955 2014
1895 1954 1956
1896 1957 2016
1956 1958
1898 1959 2018
1899 1958 1960
1900 2020
1960 1962 2021
1902 1961 2022
1903 1962 1964 2023
1904 1965 2024
1905 1964 1966
1906 1965 1967 2026
1966 1968 2027
1908 1967 1969 2028
1968 1970 2029
1910 2030
1970 1972 2031
1912 1971 2032
1913 1972 1974 2033
1914 2034
1915 1974 1976
1916 1975 1977 2036
1917 1976 1978
1918 2038
1978 1980
1920 2040
1921 2041
1981 1983
1923 1982 1984 2043
1924 1983 1985 2044
1925 1984 1986 2045
1926 1985 1987 2046
1927 1988 2047
1987 1989 2048
1929 1988 1990 2049
1989 1991 2050
1931 1990 1992 2051
1932 1991 1993
1933 1992 1994 2053
1993 1995 2054
1935 2055
1936 1995 1997
1937 1996 1998 2057
1938 1997 1999
1939 1998 2059
1999 2001 2060
1941 2061
1942 2001 2003 2062
1943 2002 2004 2063
1944 2003 2005
1945 2004 2006 2065
2005 2007
1947 2006 2008 2067
2007 2009
1949 2010 2069
1950 2009 2011
1951 2071
1952 2011 2013
1953 2012 2014 2073
1954 2013 2015 2074
1955 2014 2075
1956 2015 2017
1957 2018 2077
1958 2017 2019 2078
1959 2018 2079
2019 2021 2080
1961 2020 2022 2081
1962 2021 2023 2082
1963 2022 2083
1964 2023 2025
1965 2024 2085
1966 2025 2027
1967 2087
2027 2029 2088
1969 2028 2030 2089
2029 2031
1971 2032 2091
2031 2033
1973 2032 2093
2033 2035 2094
1975 2034 2036 2095
1976 2035 2037 2096
1977 2097
1978 2037 2039 2098
1979 2040 2099
1980 2039 2100
2042
1982 2041 2043 2102
1983 2042 2044
1984 2043 2045 2104
1985 2044 2046
1986 2047 2106
2046 2048 2107
1988 2108
2048 2050 2109
1990 2051 2110
2050 2052 2111
1992 2051 2112
1993 2052 2054 2113
1994 2114
2054 2056
1996 2055 2057 2116
2056 2058
1998 2059 2118
2058 2060 2119
2000 2059 2120
2001 2060 2062 2121
2002 2122
2062 2064
2004 2124
2005 2064 2066
2006 2067 2126
2066 2068
2008 2067 2128
2068 2070
2010 2130
2070 2072 2131
2012 2071 2073 2132
2013 2072 2074 2133
2014 2134
2074 2076 2135
2016 2075 2136
2076 2078
2018 2138
2078 2080 2139
2020 2140
2021 2080 2082 2141
2022 2081 2083 2142
2023 2082 2084
2024 2083 2144
2025 2084 2086 2145
2026 2087 2146
2086 2088
2028 2087 2089 2148
2088 2090 2149
2030 2091 2150
2031 2090 2092
2032 2093 2152
2033 2092 2094 2153
2034 2093 2095 2154
2094 2096
2036 2097 2156
2037 2096 2098 2157
2038 2099 2158
2098 2100 2159
2040 2099 2160
2041 2161
2101 2103
2043 2102 2104 2163
2103 2105 2164
2045 2106 2165
2046 2105 2107 2166
2047 2106 2167
2107 2109 2168
2049 2108 2110 2169
2050 2109 2111
2051 2110 2171
2052 2111 2113 2172
2053 2173
2054 2113 2115 2174
2055 2116 2175
2056 2115 2117 2176
2057 2177
2058 2117 2119 2178
2059 2120 2179
2119 2121 2180
2061 2122 2181
2121 2123 2182
2063 2124 2183
2064 2123 2125 2184
2065 2124 2126 2185
2066 2125 2127 2186
2067 2187
2068 2127 2129 2188
2069 2128 2130 2189
2070 2129 2131 2190
2071 2191
2072 2131 2133
2073 2132 2193
2133 2135 2194
2075 2134 2136 2195
2076 2135 2137 2196
2077 2136 2138 2197
2078 2137 2139
2079 2140 2199
2080 2139 2141
2081 2140 2142 2201
2141 2143
2083 2142 2203
2084 2143 2145 2204
2085 2144 2205
2086 2145 2147
2087 2146 2148 2207
2147 2149 2208
2089 2209
2149 2151 2210
2091 2211
2151 2153
2093 2154 2213
2153 2155 2214
2095 2156 2215
2155 2157 2216
2097 2158 2217
2098 2157 2159 2218
2099 2160 2219
2100 2159
2101 2162 2221
2102 2161 2222
2103 2162 2164 2223
2104 2163 2165 2224
2105 2164 2166
2106 2226
2107 2166 2168 2227
2108 2228
2168 2170
2110 2230
2170 2172 2231
2112 2173 2232
2172 2174 2233
2114 2173 2234
2115 2174 2176 2235
2116 2175 2177 2236
2176 2178 2237
2118 2179 2238
2119 2178 2180 2239
2120 2179 2181 2240
2180 2182 2241
2122 2183 2242
2123 2182 2184 2243
2124 2244
2125 2184 2186 2245
2126 2185 2246
2186 2188
2128 2248
2129 2188 2190
2130 2250
2131 2190 2192
2132 2252
2133 2192 2194 2253
2134 2193 2195 2254
2135 2194 2196 2255
2136 2197 2256
2137 2196 2198 2257
2138 2199 2258
2139 2198 2200
2140 2260
2200 2202
2142 2203 2262
2143 2202 2204
2144 2203 2205 2264
2204 2206 2265
2146 2207 2266
2147 2206 2208 2267
2148 2207 2209 2268
2149 2208 2210 2269
2150 2270
2151 2210 2212
2152 2211 2272
2212 2214 2273
2154 2274
2155 2214 2216 2275
2156 2276
2157 2216 2218 2277
2158 2217 2219 2278
2218 2220 2279
2160 2219 2280
2161 2281
2221 2223
2163 2224 2283
2164 2223 2225 2284
2165 2224 2285
2225 2227
2167 2287
2168 2227 2229 2288
2169 2289
2229 2231 2290
2171 2230 2232 2291
2172 2231 2233
2173 2232 2293
2233 2235 2294
2175 2236 2295
2235 2237
2177 2236 2238 2297
2237 2239 2298
2179 2238 2299
2180 2239 2241
2181 2240 2301
2241 2243
2183 2244 2303
2184 2243 2245 2304
2185 2244 2246 2305
2245 2247 2306
2187 2307
2188 2247 2249 2308
2189 2309
2190 2249 2251 2310
2191 2250 2252 2311
2251 2253
2193 2252 2313
2253 2255 2314
2195 2256 2315
2196 2255 2257 2316
2197 2258 2317
2257 2259
2199 2258 2260 2319
2259 2261
2201 2321
2261 2263 2322
2203 2262 2264 2323
2204 2263 2265
2205 2264 2266 2325
2206 2265 2267
2207 2266 2327
2267 2269
2209 2329
2210 2269 2271 2330
2211 2331
2212 2271 2273 2332
2213 2274 2333
2214 2273 2275
2215 2274 2276 2335
2216 2275 2277
2217 2337
2218 2277 2279 2338
2219 2339
2220 2279 2340
2282 2341
2222 2281 2342
2223 2282 2284 2343
2224 2283 2285 2344
2284 2286 2345
2226 2285 2346
2227 2286 2288 2347
2228 2287 2289 2348
2288 2290
2230 2289 2350
2290 2292 2351
2232 2291 2352
2233 2292 2294 2353
2234 2293 2295 2354
2235 2294 2296 2355
2236 2356
2296 2298 2357
2238 2297 2358
2298 2300 2359
2240 2299 2360
2300 2302 2361
2242 2301 2303 2362
2302 2304 2363
2244 2303 2305 2364
2245 2304 2306
2246 2307 2366
2306 2308
2248 2368
2308 2310
2250 2309 2370
2310 2312
2252 2311 2313 2372
2312 2314 2373
2254 2313 2315 2374
2314 2316 2375
2256 2315 2317 2376
2316 2318 2377
2258 2378
2318 2320 2379
2260 2319 2321 2380
2261 2320 2322 2381
2262 2321 2382
2263 2322 2324 2383
2264 2325 2384
2265 2324 2326
2266 2386
2326 2328 2387
2268 2329 2388
2269 2328 2330 2389
2270 2329 2331 2390
2330 2332 2391
2272 2331 2392
2273 2332 2334
2274 2335 2394
2334 2336
2276 2335 2337 2396
2277 2336 2338
2278 2337 2339 2398
2279 2338 2340
2280 2400
2281 2342 2401
2282 2341 2343 2402
2283 2342 2344 2403
2284 2343 2345 2404
2285 2346 2405
2286 2345 2347
2287 2346 2348 2407
2288 2347 2349 2408
2289 2348 2409
2290 2349 2351 2410
2291 2350 2352 2411
2351 2353 2412
2293 2352 2354 2413
2294 2353 2355 2414
2295 2354 2356 2415
2296 2355 2357 2416
2297 2356 2417
2298 2357 2359 2418
2299 2358 2360 2419
2300 2359 2361 2420
2301 2421
2302 2361 2363
2303 2362 2364 2423
2304 2363 2365 2424
2305 2366 2425
2365 2367 2426
2307 2366 2368 2427
2308 2367 2369 2428
2309 2368 2429
2310 2369 2371 2430
2311 2431
2371 2373
2313 2372 2374 2433
2373 2375 2434
2315 2374 2435
2375 2377
2317 2378 2437
2318 2377 2379
2319 2380 2439
2320 2379 2381 2440
2321 2380 2441
2322 2381 2383
2323 2382 2384 2443
2324 2383 2385 2444
2325 2384 2445
2326 2385 2387
2327 2386 2388 2447
2387 2389 2448
2329 2388 2449
2389 2391 2450
2331 2390 2392 2451
2332 2391 2393
2333 2392 2394 2453
2393 2395
2335 2396 2455
2336 2395 2397 2456
2337 2398 2457
2397 2399 2458
2339 2400 2459
2399 2460
2341 2402 2461
2342 2401 2462
2343 2402 2404 2463
2344 2464
2404 2406
2346 2407 2466
2347 2406 2408 2467
2348 2409 2468
2349 2408 2410 2469
2350 2411 2470
2351 2410 2412 2471
2352 2411 2413 2472
2412 2414 2473
2354 2474
2355 2414 2416
2356 2417 2476
2357 2416 2418
2358 2417 2419 2478
2418 2420
2360 2419 2421 2480
2420 2422
2362 2421 2423 2482
2422 2424
2364 2423 2425 2484
2365 2424 2426
2366 2427 2486
2426 2428 2487
2368 2488
2369 2428 2430
2370 2431 2490
2371 2430 2432 2491
2372 2492
2432 2434 2493
2374 2435 2494
2434 2436
2376 2435 2437 2496
2377 2436 2438 2497
2378 2439 2498
2379 2438 2440
2380 2439 2441 2500
2381 2440 2442 2501
2382 2441 2502
2442 2444
2384 2445 2504
2444 2446 2505
2386 2506
2387 2446 2448
2388 2449 2508
2448 2450
2390 2449 2451 2510
2391 2450 2452 2511
2392 2451 2453 2512
2393 2452 2454 2513
2394 2453 2455 2514
2395 2454 2456 2515
2396 2455 2457 2516
2397 2456 2458
2398 2459 2518
2399 2458 2460
2400 2459 2520
2401 2462 2521
2402 2461 2463
2403 2464 2523
2463 2465 2524
2405 2464 2466 2525
2406 2465 2467
2407 2466 2527
2408 2467 2469
2409 2470 2529
2469 2471 2530
2411 2470 2472 2531
2471 2473 2532
2413 2472 2474 2533
2414 2473 2475 2534
2415 2474 2476 2535
2416 2475 2477 2536
2417 2476 2478 2537
2418 2477 2479
2419 2539
2420 2479 2481 2540
2421 2541
2481 2483 2542
2423 2482 2543
2424 2483 2485 2544
2425 2486 2545
2485 2487
2427 2486 2547
2428 2487 2489
2429 2490 2549
2430 2489 2491 2550
2431 2492 2551
2491 2493
2433 2492 2494 2553
2493 2495
2435 2496 2555
2495 2497 2556
2437 2496 2557
2497 2499
2439 2559
2499 2501
2441 2500 2561
2501 2503 2562
2443 2504 2563
2503 2505
2445 2504 2506 2565
2446 2505 2507 2566
2447 2508 2567
2448 2507 2509 2568
2449 2508 2569
2509 2511 2570
2451 2571
2452 2511 2513 2572
2453 2512 2573
2454 2513 2515 2574
2455 2514 2516 2575
2456 2515 2517
2457 2516 2518 2577
2458 2517 2519 2578
2459 2518 2579
2460 2519 2580
2461 2522
2462 2582
2463 2522 2524
2464 2523 2525 2584
2465 2524 2526
2466 2525 2527 2586
2467 2526 2528 2587
2468 2527 2529 2588
2528 2530
2470 2529 2590
2471 2530 2532 2591
2472 2592
2532 2534
2474 2533 2535 2594
2475 2534 2536
2476 2596
2477 2536 2538 2597
2478 2537 2598
2538 2540 2599
2480 2541 2600
2481 2540 2542 2601
2482 2541 2602
2483 2542 2544
2484 2604
2544 2546 2605
2486 2606
2546 2548
2488 2547 2549 2608
2548 2550
2490 2549 2551 2610
2550 2552
2492 2553 2612
2493 2552 2554
2494 2553 2555 2614
2495 2554 2556 2615
2496 2616
2556 2558 2617
2498 2618
2499 2558 2560 2619
2500 2559 2620
2501 2560 2562 2621
2502 2561 2563 2622
2562 2564
2504 2565 2624
2505 2564 2566 2625
2506 2567 2626
2566 2568
2508 2567 2569 2628
2568 2570
2510 2569 2571 2630
2511 2570 2572
2512 2573 2632
2513 2572 2574 2633
2514 2575 2634
2515 2574 2576 2635
2516 2577 2636
2517 2576 2578 2637
2518 2579 2638
2519 2578 2580
2520 2640
2521 2641
2522 2581 2583 2642
2523 2643
2524 2583 2585 2644
2525 2584 2586 2645
2526 2585 2587
2527 2586 2588 2647
2587 2589 2648
2529 2588 2590 2649
2589 2591
2531 2590 2592 2651
2532 2591 2593
2533 2592 2594 2653
2593 2595
2535 2655
2595 2597 2656
2537 2596 2598 2657
2538 2597 2599
2539 2659
2599 2601 2660
2541 2600 2661
2542 2601 2603
2543 2663
2544 2603 2605
2545 2604 2665
2546 2605 2607
2547 2606 2667
2607 2609 2668
2549 2608 2610 2669
2550 2609 2611
2551 2612 2671
2552 2611 2613 2672
2553 2612 2614 2673
2554 2613 2615 2674
2555 2614 2675
2615 2617 2676
2557 2618 2677
2558 2617 2619 2678
2559 2618 2679
2560 2619 2621 2680
2561 2622 2681
2562 2621 2623 2682
2563 2683
2564 2623 2625 2684
2565 2685
2625 2627
2567 2626 2628 2687
2568 2627 2629
2569 2628 2689
2629 2631
2571 2630 2632 2691
2572 2631 2633 2692
2573 2634 2693
2574 2633 2635
2575 2634 2636 2695
2635 2637 2696
2577 2636 2638 2697
2637 2639 2698
2579 2638 2640 2699
2639
2642 2701
2582 2702
2642 2644
2584 2643 2645 2704
2585 2644 2646 2705
2586 2647 2706
2587 2646 2648 2707
2588 2647 2708
2648 2650
2590 2649 2651 2710
2591 2650 2652 2711
2592 2651 2712
2652 2654
2594 2653 2655 2714
2654 2656 2715
2596 2657 2716
2597 2656 2658 2717
2598 2659 2718
2658 2660 2719
2600 2659 2661 2720
2601 2660 2662 2721
2602 2661 2722
2603 2662 2664 2723
2604 2663 2724
2664 2666 2725
2606 2665 2726
2666 2668
2608 2669 2728
2668 2670 2729
2610 2671 2730
2670 2672 2731
2612 2671 2673 2732
2672 2674
2614 2734
2615 2674 2676 2735
2616 2675 2677 2736
2617 2676 2678
2618 2677 2679 2738
2678 2680
2620 2679 2740
2680 2682 2741
2622 2681 2683 2742
2623 2682 2684
2624 2683 2685 2744
2625 2684 2686 2745
2626 2685 2746
2686 2688
2628 2687 2748
2629 2688 2690
2630 2750
2631 2690 2692 2751
2632 2693 2752
2692 2694 2753
2634 2754
2694 2696 2755
2636 2756
2637 2696 2698
2638 2697 2758
2639 2698 2700
2640 2699 2760
2641 2702 2761
2642 2701 2703 2762
2643 2702 2763
2644 2703 2705 2764
2645 2706 2765
2705 2707 2766
2647 2706 2708 2767
2707 2709
2649 2708 2769
2650 2709 2711 2770
2651 2771
2652 2711 2713
2653 2714 2773
2713 2715 2774
2655 2714 2716 2775
2656 2715 2717 2776
2657 2718 2777
2717 2719 2778
2659 2718 2779
2660 2719 2721 2780
2661 2722 2781
2662 2721 2723 2782
2663 2724 2783
2723 2725 2784
2665 2724 2726 2785
2666 2725 2727 2786
2667 2787
2727 2729 2788
2669 2728 2789
2729 2731 2790
2671 2732 2791
2672 2731 2733
2673 2732 2734 2793
2733 2735
2675 2734 2795
2676 2735 2737 2796
2677 2738 2797
2737 2739 2798
2679 2738 2740 2799
2680 2739 2741 2800
2681 2740 2801
2741 2743
2683 2744 2803
2684 2743 2745 2804
2685 2744 2746 2805
2686 2745 2747 2806
2687 2748 2807
2688 2747 2749 2808
2689 2748 2750 2809
2690 2749 2751
2691 2811
2751 2753
2693 2752 2813
2694 2753 2755 2814
2695 2815
2696 2755 2757 2816
2697 2756 2758 2817
2757 2759
2699 2758 2819
2759 2820
2762
2702 2822
2703 2762 2764
2704 2765 2824
2705 2764 2766
2706 2826
2707 2766 2768
2708 2767 2769 2828
2768 2770
2710 2769 2771 2830
2711 2770 2772
2712 2771 2832
2772 2774
2714 2775 2834
2715 2774 2776 2835
2716 2777 2836
2717 2776 2778
2718 2777 2779 2838
2778 2780 2839
2720 2840
2780 2782
2722 2781 2842
2723 2782 2784 2843
2724 2783 2785 2844
2784 2786
2726 2785 2846
2727 2786 2788 2847
2728 2787 2848
2788 2790
2730 2791 2850
2731 2790 2792
2732 2852
2733 2792 2794 2853
2734 2793 2854
2735 2794 2796 2855
2736 2795 2797 2856
2796 2798 2857
2738 2797 2799 2858
2739 2798 2800
2740 2801 2860
2800 2802
2742 2801 2803 2862
2802 2804 2863
2744 2803 2864
2804 2806 2865
2746 2807 2866
2806 2808
2748 2868
2749 2808 2810
2750 2809 2870
2751 2810 2812 2871
2752 2811 2872
2812 2814
2754 2874
2814 2816
2756 2815 2876
2816 2818
2758 2817 2878
2759 2818 2820
2760 2819 2880
2761 2822 2881
2762 2821 2823
2763 2822 2824 2883
2764 2823 2825
2765 2824 2826 2885
2766 2825 2827
2767 2826 2828 2887
2827 2829 2888
2769 2828 2889
2829 2831 2890
2771 2830 2832 2891
2831 2833 2892
2773 2832 2834 2893
2833 2835 2894
2775 2834 2895
2776 2835 2837
2777 2838 2897
2778 2837 2839 2898
2779 2840 2899
2839 2841 2900
2781 2842 2901
2841 2843
2783 2842 2903
2843 2845 2904
2785 2905
2845 2847 2906
2787 2846 2907
2788 2847 2849 2908
2789 2848 2850 2909
2790 2849 2851 2910
2791 2911
2851 2853 2912
2793 2852 2854 2913
2853 2855 2914
2795 2915
2855 2857
2797 2856 2858 2917
2798 2857 2859
2799 2858 2860 2919
2800 2859 2861
2801 2860 2921
2861 2863 2922
2803 2864 2923
2804 2863 2865 2924
2805 2864 2866 2925
2806 2865 2867
2807 2868 2927
2867 2869
2809 2870 2929
2810 2869 2871
2811 2931
2871 2873 2932
2813 2874 2933
2873 2875
2815 2876 2935
2875 2877
2817 2876 2937
2877 2879
2819 2878 2880 2939
2820 2879 2940
2882
2822 2881 2942
2823 2882 2884 2943
2824 2885 2944
2884 2886
2826 2885 2887 2946
2886 2888 2947
2828 2948
2829 2888 2890
2830 2891 2950
2831 2890 2892 2951
2832 2891 2893 2952
2833 2892 2894 2953
2834 2954
2835 2894 2896
2836 2956
2837 2896 2898 2957
2838 2897 2899 2958
2898 2900
2840 2899 2901 2960
2900 2902 2961
2842 2901 2903 2962
2843 2902 2904 2963
2844 2905 2964
2845 2904 2906 2965
2846 2966
2906 2908 2967
2848 2968
2908 2910 2969
2850 2970
2851 2910 2912 2971
2852 2913 2972
2853 2912 2914 2973
2854 2974
2914 2916
2856 2976
2857 2916 2918 2977
2858 2917 2919 2978
2918 2920 2979
2860 2980
2861 2920 2922 2981
2862 2921 2923 2982
2922 2924
2864 2923 2925 2984
2924 2926 2985
2866 2927 2986
2926 2928 2987
2868 2929 2988
2928 2930
2870 2931 2990
2871 2930 2932 2991
2872 2933 2992
2932 2934
2874 2933 2935 2994
2934 2936
2876 2935 2996
2936 2938
2878 2937 2998
2938 2940 2999
2880 3000
2881 3001
2882 2941 2943 3002
2883 2944 3003
2943 2945
2885 3005
2886 2945 2947 3006
2887 2946 3007
2888 2947 2949 3008
2889 2948 2950 3009
2890 2949 2951
2891 2950 2952 3011
2892 2951 2953 3012
2893 2952 3013
2953 2955
2895 2954 3015
2896 2955 2957 3016
2897 2958 3017
2898 2957 2959 3018
2899 2958 2960 3019
2959 2961
2901 2962 3021
2961 2963 3022
2903 3023
2904 2963 2965
2905 2964 3025
2906 2965 2967 3026
2907 2966 2968 3027
2967 2969 3028
2909 2968 2970 3029
2969 2971
2911 2972 3031
2912 2971 2973 3032
2913 2974 3033
2914 2973 2975
2915 2974 2976 3035
2975 2977 3036
2917 2976 3037
2918 2977 2979 3038
2919 2978 2980 3039
2979 2981
2921 2980 3041
2922 2981 2983
2923 3043
2983 2985 3044
2925 2984 2986 3045
2926 2985 2987
2927 2986 2988 3047
2928 2987 2989
2929 2990 3049
2989 2991 3050
2931 2990 3051
2991 2993 3052
2933 2992 2994 3053
2934 2993 2995 3054
2935 2994 2996 3055
2995 2997
2937 2998 3057
2997 2999
2939 2998 3000 3059
2999 3060
2941 3002 3061
2942 3003 3062
2943 3002 3004
2944 3003 3064
3004 3006 3065
2946 3007 3066
2947 3006 3008 3067
2948 3009 3068
3008 3010 3069
2950 3009 3011 3070
2951 3010 3012
2952 3072
3012 3014
2954 3013 3015 3074
2955 3014 3016
2956 3015 3017 3076
2957 3016 3018
2958 3019 3078
3018 3020
2960 3021 3080
2961 3020 3022
2962 3021 3082
2963 3022 3024
2964 3084
2965 3024 3026 3085
2966 3025 3027 3086
2967 3026 3028 3087
2968 3027 3088
3028 3030 3089
2970 3090
3030 3032 3091
2972 3031 3033 3092
2973 3032 3034
2974 3033 3035 3094
2975 3034 3036 3095
2976 3037 3096
2977 3036 3038 3097
2978 3039 3098
3038 3040 3099
2980 3039 3100
3040 3042
2982 3041 3043 3102
3042 3044 3103
2984 3104
2985 3044 3046
2986 3047 3106
2987 3046 3048 3107
2988 3047 3108
3048 3050 3109
2990 3051 3110
2991 3050 3052 3111
2992 3051 3053 3112
2993 3052 3054
2994 3053 3114
3054 3056
2996 3055 3057 3116
2997 3056 3058
2998 3118
3058 3060 3119
3000 3059 3120
3001 3062 3121
3061 3063
3003 3123
3063 3065
3005 3064 3125
3065 3067
3007 3066 3068 3127
3067 3069
3009 3129
3010 3069 3071 3130
3011 3131
3071 3073
3013 3074 3133
3073 3075 3134
3015 3074 3076 3135
3016 3075 3077 3136
3017 3076 3137
3077 3079
3019 3139
3020 3079 3081 3140
3021 3080 3082 3141
3081 3083
3023 3084 3143
3024 3083 3085
3025 3086 3145
3026 3085 3087
3027 3147
3028 3087 3089 3148
3029 3088 3090 3149
3030 3089 3091
3031 3092 3151
3032 3091 3093 3152
3033 3153
3034 3093 3095 3154
3035 3155
3036 3095 3097
3037 3096 3098 3157
3097 3099 3158
3039 3100 3159
3040 3099 3101
3041 3102 3161
3042 3101 3103
3043 3102 3104 3163
3103 3105
3045 3104 3165
3046 3105 3107
3047 3167
3048 3107 3109
3049 3169
3050 3109 3111 3170
3051 3110 3171
3052 3111 3113 3172
3053 3112 3173
3054 3113 3115 3174
3055 3114 3116 3175
3056 3115 3117 3176
3057 3118 3177
3117 3119 3178
3059 3118 3179
3060 3119 3180
3122 3181
3062 3121 3123 3182
3063 3122 3124
3064 3123 3184
3124 3126 3185
3066 3127 3186
3126 3128 3187
3068 3127 3188
3069 3128 3130 3189
3070 3129 3131 3190
3071 3130 3132 3191
3072 3131 3133 3192
3132 3134
3074 3135 3194
3075 3134 3136 3195
3076 3137 3196
3077 3136 3138
3078 3137 3198
3138 3140 3199
3080 3200
3140 3142 3201
3082 3202
3142 3144
3084 3143 3145 3204
3144 3146 3205
3086 3206
3087 3146 3148 3207
3088 3149 3208
3148 3150 3209
3090 3210
3150 3152 3211
3092 3151 3153 3212
3152 3154
3094 3214
3095 3154 3156 3215
3096 3157 3216
3097 3156 3158
3098 3218
3158 3160
3100 3159 3161 3220
3160 3162
3102 3161 3222
3162 3164 3223
3104 3163 3165 3224
3105 3164 3166 3225
3106 3165 3226
3107 3166 3168
3108 3169 3228
3109 3168 3170
3110 3171 3230
3111 3170 3172
3112 3232
3113 3172 3174
3114 3234
3174 3176 3235
3116 3236
3117 3176 3178
3118 3179 3238
3178 3180
3120 3179 3240
3121 3241
3122 3181 3183 3242
3123 3182 3184 3243
3124 3183 3185 3244
3125 3186 3245
3185 3187 3246
3127 3188 3247
3128 3187 3189 3248
3129 3190 3249
3130 3189 3191 3250
3131 3190 3192 3251
3191 3193
3133 3253
3193 3195
3135 3196 3255
3136 3195 3197
3137 3196 3198 3257
3138 3197 3199
3139 3198 3259
3199 3201 3260
3141 3200 3202 3261
3201 3203
3143 3263
3203 3205 3264
3145 3265
3205 3207 3266
3147 3267
3148 3207 3209
3149 3210 3269
3150 3209 3211
3151 3210 3212 3271
3152 3211 3213
3153 3212 3214 3273
3213 3215 3274
3155 3214 3216 3275
3156 3215 3217
3157 3277
3217 3219
3159 3279
3160 3219 3221 3280
3161 3281
3162 3221 3223 3282
3163 3222 3224 3283
3164 3223 3225
3165 3285
3225 3227
3167 3226 3287
3227 3229
3169 3228 3289
3170 3229 3231
3171 3232 3291
3172 3231 3233
3173 3232 3293
3174 3233 3235 3294
3175 3236 3295
3176 3235 3237
3177 3238 3297
3237 3239 3298
3179 3238 3299
3239
3242
3182 3241 3243 3302
3183 3242 3244 3303
3184 3245 3304
3185 3244 3246 3305
3186 3306
3187 3246 3248
3188 3308
3248 3250
3190 3310
3191 3250 3252
3192 3251 3253 3312
3252 3254
3194 3253 3255 3314
3195 3254 3256
3196 3255 3316
3197 3256 3258 3317
3198 3257 3318
3199 3258 3260
3200 3259 3261 3320
3201 3260 3262 3321
3202 3261 3322
3203 3262 3264 3323
3204 3324
3205 3264 3266
3206 3265 3326
3207 3266 3268
3208 3267 3328
3268 3270
3210 3271 3330
3211 3270 3272
3212 3273 3332
3213 3272 3274 3333
3214 3273 3275 3334
3274 3276 3335
3216 3336
3217 3276 3278
3218 3279 3338
3219 3278 3280 3339
3220 3340
3221 3280 3282 3341
3222 3281 3342
3223 3282 3284
3224 3344
3225 3284 3286 3345
3226 3285 3287 3346
3227 3286 3288 3347
3228 3287 3289 3348
3229 3288 3290
3230 3289 3350
3231 3290 3292 3351
3232 3291 3293 3352
3292 3294
3234 3354
3235 3294 3296
3236 3297 3356
3237 3296 3298 3357
3238 3297 3358
3239 3298 3300 3359
3240 3299 3360
3241 3302 3361
3301 3303 3362
3243 3304 3363
3244 3303 3305 3364
3245 3304 3306 3365
3305 3307 3366
3247 3306 3367
3248 3307 3309 3368
3249 3308 3310 3369
3309 3311
3251 3312 3371
3252 3311 3313
3253 3314 3373
3254 3313 3315 3374
3255 3314 3316 3375
3256 3315 3317 3376
3257 3316 3377
3317 3319 3378
3259 3318 3320 3379
3319 3321
3261 3322 3381
3321 3323
3263 3322 3324 3383
3323 3325
3265 3324 3385
3266 3325 3327
3267 3326 3387
3327 3329 3388
3269 3328 3330 3389
3329 3331
3271 3330 3332 3391
3331 3333
3273 3332 3393
3274 3333 3335 3394
3275 3336 3395
3276 3335 3337
3277 3338 3397
3278 3337 3339
3279 3340 3399
3280 3339 3341 3400
3281 3342 3401
3341 3343 3402
3283 3403
3343 3345
3285 3344 3405
3286 3345 3347 3406
3287 3346 3348 3407
3347 3349 3408
3289 3350 3409
3290 3349 3351
3291 3350 3352 3411
3351 3353
3293 3352 3354 3413
3353 3355
3295 3354 3356 3415
3296 3355 3357 3416
3297 3356 3417
3357 3359 3418
3299 3419
3359 3420
3362 3421
3302 3361 3363 3422
3303 3362 3364 3423
3304 3363 3424
3364 3366 3425
3306 3367 3426
3366 3368
3308 3428
3309 3368 3370 3429
3310 3371 3430
3311 3370 3372
3312 3371 3432
3313 3372 3374
3314 3375 3434
3374 3376
3316 3377 3436
3317 3376 3378 3437
3318 3438
3378 3380
3320 3379 3381 3440
3380 3382
3322 3381 3442
3323 3382 3384
3324 3383 3444
3325 3384 3386 3445
3326 3385 3387 3446
3386 3388 3447
3328 3389 3448
3329 3388 3390 3449
3330 3389 3391 3450
3331 3390 3392
3332 3391 3393 3452
3333 3392 3394
3334 3395 3454
3394 3396
3336 3395 3397 3456
3396 3398
3338 3399 3458
3339 3398 3400
3340 3460
3341 3400 3402 3461
3342 3462
3343 3402 3404
3344 3403 3405 3464
3345 3404 3406
3346 3405 3466
3347 3406 3408 3467
3348 3468
3349 3408 3410
3350 3411 3470
3351 3410 3412
3352 3413 3472
3353 3412 3414 3473
3354 3474
3355 3414 3416 3475
3356 3417 3476
3416 3418 3477
3358 3478
3359 3418 3420 3479
3360 3480
3361 3422 3481
3362 3421 3423 3482
3363 3483
3364 3423 3425
3365 3485
3425 3427 3486
3367 3428 3487
3427 3429
3369 3428 3430 3489
3370 3429 3431 3490
3371 3430 3432 3491
3372 3431 3433
3373 3432 3434 3493
3374 3433 3435
3375 3436 3495
3376 3435 3437 3496
3377 3436 3497
3437 3439
3379 3438 3499
3439 3441
3381 3501
3441 3443
3383 3442 3503
3384 3443 3445
3385 3444 3446 3505
3386 3445 3447
3387 3446 3448 3507
3447 3449
3389 3450 3509
3390 3449 3451
3391 3511
3451 3453 3512
3393 3513
3453 3455 3514
3395 3454 3515
3396 3455 3457
3397 3456 3517
3457 3459 3518
3399 3458 3519
3400 3459 3461
3401 3460 3462 3521
3461 3463 3522
3403 3462 3464 3523
3404 3463 3465 3524
3405 3525
3406 3465 3467 3526
3407 3468 3527
3408 3467 3469
3409 3470 3529
3410 3469 3471
3411 3531
3471 3473
3413 3474 3533
3473 3475 3534
3415 3476 3535
3416 3475 3477 3536
3417 3476 3478 3537
3418 3477 3479
3419 3539
3479
3421 3482 3541
3422 3542
3423 3482 3484 3543
3424 3483 3544
3425 3484 3486 3545
3426 3546
3486 3488
3428 3487 3548
3488 3490
3430 3489 3550
3431 3490 3492
3432 3491 3552
3492 3494
3434 3554
3494 3496
3436 3495 3556
3496 3498 3557
3438 3497 3558
3498 3500
3440 3501 3560
3441 3500 3502 3561
3442 3562
3443 3502 3504
3444 3503 3564
3504 3506 3565
3446 3507 3566
3506 3508 3567
3448 3507 3568
3449 3508 3510
3450 3570
3451 3510 3512
3452 3572
3453 3512 3514
3454 3513 3515 3574
3514 3516 3575
3456 3515 3576
3457 3516 3518
3458 3517 3519 3578
3459 3518 3520 3579
3460 3521 3580
3461 3520 3522 3581
3462 3521 3523 3582
3463 3522 3524
3464 3525 3584
3465 3524 3526 3585
3466 3527 3586
3467 3526 3528 3587
3468 3527 3588
3469 3528 3530 3589
3470 3529 3531 3590
3530 3532
3472 3531 3592
3473 3532 3534
3474 3535 3594
3534 3536 3595
3476 3535 3596
3536 3538
3478 3598
3479 3538 3540
3480 3600
3481 3542
3482 3541 3543
3483 3542
3484 3543 3545
3485 3544 3546
3545 3547
3487
3547 3549
3489 3548 3550
3490 3549 3551
3491 3550
3492 3551 3553
3493 3554
3553 3555
3495 3556
3555 3557
3497
3498 3557 3559
3499
3559 3561
3501 3560 3562
3561 3563
3503 3564
3504 3563 3565
3505 3564
3506 3565 3567
3507 3568
3567 3569
3509
3569 3571
3511 3570
3571 3573
3513 3572
3573 3575
3515 3576
3575 3577
3517 3576 3578
3577 3579
3519
3579 3581
3521
3522 3581 3583
3523 3582
3524 3583 3585
3525 3586
3585 3587
3527 3586
3528 3587 3589
3529 3588 3590
3589 3591
3531 3590
3532 3591 3593
3533 3592 3594
3534 3593 3595
3535 3594
3536 3595 3597
3537 3596 3598
3597 3599
3539
3599
