3600 12722 0
2 61
1 3 62
2 4
3 5 64
4 6 65
5 7 66
6 8 67
7 9 68
8 10 69
9 11 70
10 12 71
13 72
12 14 73
13 15 74
14 16 75
17 76
16 18 77
17 19 78
18 20 79
19 21 80
20 22 81
21 82
22 24
23 25 84
24 26 85
25 27 86
26 28 87
27 29 88
28 30 89
29 90
30 32 91
31 92
32 34 93
33 35 94
34 36 95
35 37 96
36 38
37 39 98
38 40 99
39 41 100
40 42 101
41 43 102
42 44 103
43 45 104
44 46 105
45 47 106
46 48 107
49 108
48 50 109
49 110
50 52
51 53 112
52 54 113
53 55 114
54 56 115
57 116
56 58 117
59 118
58 60 119
59 120
1 62 121
2 61 63 122
3 62 64 123
4 63 65 124
5 64 66 125
6 65 67 126
7 66 68 127
67 69
9 68 70 129
10 69 71 130
11 72 131
12 71 73 132
13 72 133
14 73 75
15 74 76 135
16 75 77 136
17 76 78 137
18 77 79 138
19 78 80 139
20 79 81 140
21 80 82 141
22 81 83
23 82 84 143
24 83 85 144
25 86 145
26 85 87 146
27 86 88 147
28 87 89 148
29 88 90 149
89 91 150
31 90 92 151
32 91 93 152
33 92 94 153
34 93 95 154
35 94 155
36 95 97 156
37 96 98 157
38 97 99
39 98 159
40 99 101 160
41 102 161
42 101 103 162
43 104 163
44 103 105 164
45 106 165
105 107 166
47 106 108 167
48 107 109 168
49 108 110 169
50 109 111 170
51 112 171
52 111 113 172
53 114 173
54 113 115 174
55 114 116 175
56 115 117 176
57 116 177
58 117 119 178
59 120 179
119 180
61 122 181
62 123 182
63 122 124 183
64 125 184
65 124 126 185
66 125 186
67 126 128 187
68 129 188
128 130 189
70 129 131 190
130 132
72 131 133 192
73 132 134 193
74 133 135 194
134 136 195
76 135 137 196
77 136 138 197
78 137 139 198
79 138 140 199
80 139 141 200
81 140 142 201
82 141 143 202
142 144 203
84 143 145 204
85 144 146
86 145 147 206
87 146 148 207
88 149 208
89 148 150
90 149 151 210
91 150 152
92 151 153 212
152 154 213
94 153 155 214
95 154 156
96 155 157 216
156 158 217
98 157 159 218
99 158 160 219
100 159 220
101 160 162 221
102 161 163 222
103 162 164
104 163 165 224
105 164 166 225
106 165 226
107 166 168 227
108 167 169 228
109 168 170 229
110 169 171 230
170 172 231
112 171 232
113 172 174
114 173 175 234
115 174 176
116 175 177 236
117 176 178
118 179 238
119 178 180
120 179 240
121 182 241
122 181 183 242
123 184 243
183 185 244
125 184 186 245
126 185 187
127 186 247
128 187 189 248
129 188 190 249
130 189 191 250
131 190 192 251
132 191 193 252
133 192 194 253
134 193 195 254
135 194 255
195 197
137 196 198 257
138 197 199
139 198 200 259
140 199 201 260
141 200 261
142 201 203
143 202 204 263
144 203 205
145 204 206 265
205 207 266
147 206 208 267
207 209 268
149 208 210 269
150 209 211
151 210 271
152 211 213 272
153 212 214 273
154 213 215 274
155 214 216 275
156 215 217 276
157 216 218 277
158 217 219 278
159 218 220 279
219 221
161 220 281
162 221 223 282
163 222 224 283
164 223 225
165 224 226 285
166 225 227 286
167 226 228 287
227 229 288
169 230 289
229 231 290
171 232 291
172 231 233 292
173 232 234 293
174 233 235
175 234 236 295
176 235 237 296
177 236 238 297
178 237 239 298
179 238 240 299
180 239 300
181 242
182 243 302
183 242 244 303
184 243 245 304
185 244 246 305
186 245 247 306
187 246 248
188 308
189 248 250 309
190 249 251 310
191 250 252 311
192 312
193 252 254 313
194 255 314
254 256 315
196 255 257 316
197 256 258 317
198 257 259 318
258 260 319
200 259 261 320
201 260 262 321
202 261 263 322
262 264 323
204 263 265 324
205 264 266 325
206 265 267 326
207 266 268 327
208 267 269 328
209 268 270 329
210 269 271 330
270 272 331
212 271 273 332
213 272 274
214 273 275 334
215 274 276 335
216 277 336
217 276 278
218 279 338
278 280 339
220 281 340
221 280 282
222 283 342
223 282 284
224 283 285 344
225 284 286 345
226 285 346
227 286 288 347
228 289 348
229 288 290 349
230 291 350
231 290 292 351
232 352
233 292 294 353
234 293 295 354
235 294 296 355
236 295 297 356
237 296 298 357
238 297 299 358
239 298 300 359
240 299 360
241 361
242 301 303 362
243 304 363
303 305 364
245 304 306 365
246 305 307 366
247 306 308 367
248 307 309
249 308 369
250 309 311 370
251 310 312 371
252 311 313 372
253 312 314 373
254 313 315 374
255 314 316 375
256 315 317 376
257 316 377
258 317 319 378
259 318 379
319 321 380
261 320 322 381
321 323
263 322 324 383
323 325 384
265 326 385
266 325 327 386
267 326 328 387
268 327 329 388
269 328 330 389
270 329 331 390
271 330 332 391
272 331 333 392
273 393
274 333 335
275 336 395
276 335 337
277 336 338 397
278 337 339
279 338 340 399
280 339 341 400
281 340 342 401
282 341 343
283 342 344 403
284 343 345 404
285 346 405
345 347
287 346 348 407
347 349 408
289 348 409
290 349 351 410
291 350 352 411
292 351 353 412
293 352 354 413
294 353 355 414
295 354 356 415
296 355 357 416
297 356 358 417
357 359 418
299 358 360 419
359
362 421
302 361 363 422
303 362 364 423
304 363 365 424
305 364 366 425
306 365 426
307 366 368 427
308 367 369 428
309 368 370 429
310 369 371 430
311 370 372 431
312 371 373 432
372 374
314 434
374 376 435
316 377 436
376 378 437
318 377 379 438
319 378 380
320 379 440
321 380 382 441
322 381 383 442
382 384 443
324 385 444
325 384 386 445
326 385 387 446
386 388
328 387 389 448
329 388 390 449
330 389 391 450
331 390 392 451
332 391 393 452
333 392 394 453
334 454
335 394 396 455
336 395 397 456
337 396 398
338 399 458
339 398 400
340 399 460
341 400 402 461
342 401 403 462
343 402 404
344 403 405 464
345 404 406 465
346 405 407 466
347 406 408 467
348 409 468
349 408 410 469
350 409 411 470
351 410 412
352 411 413 472
353 412 414 473
354 415 474
355 414 416 475
356 415 417 476
357 416 418 477
358 417 419 478
359 418 420 479
360 480
361 422 481
362 421 423 482
363 422 483
364 423 425
365 424 426 485
366 425 427 486
367 426 428 487
427 429 488
369 428 430 489
370 429 431 490
371 430 491
372 431 433 492
373 432 434 493
374 433 435 494
375 434 436 495
376 435 437 496
377 438 497
378 437 439 498
379 438 440 499
380 439 441 500
381 440 501
441 443 502
383 444 503
384 443 445
385 444 446 505
386 445 447
387 446 448 507
388 447 449 508
389 448 509
390 449 451 510
391 452 511
392 451 453 512
393 452 454 513
394 453 455 514
395 456 515
396 455 457 516
397 456 517
457 459 518
399 460 519
400 459 461
401 462 521
402 461 463 522
403 462 464 523
404 463 465 524
405 464 466 525
406 465 467 526
407 468 527
408 467 469 528
409 468 470 529
410 469 471 530
411 470 531
412 471 473 532
413 472 474 533
414 473 475 534
415 476 535
475 477
417 476 478 537
418 477 479 538
419 478 480 539
420 479 540
421 482 541
422 481 483 542
423 482 484 543
424 485 544
484 486 545
426 485 487 546
486 488 547
428 487 489 548
429 488 490
430 489 491 550
431 490 492
432 491 552
492 494
434 495 554
494 496 555
436 495 556
437 496 498 557
438 497 499 558
498 500 559
440 499 501 560
441 500 502
442 501 503 562
502 504 563
444 505 564
445 504 506 565
446 505 507 566
447 506 508 567
448 507 568
449 508 510 569
450 509 570
451 510 512 571
452 572
453 512 514 573
454 513 515 574
514 516 575
456 515 517 576
457 516 518 577
458 517 519 578
459 518 520 579
460 519 521 580
461 520 522 581
462 521 523 582
463 522 524 583
464 523 525 584
465 524 526 585
466 525 586
467 526 528 587
468 527 529 588
469 528 530
470 529 531 590
471 530 532 591
472 531 533 592
473 532 534 593
474 535 594
475 534 536 595
476 596
477 536 538 597
478 598
479 538 540 599
480 539 600
481 542 601
482 541 543 602
483 544 603
543 545 604
485 544 546 605
486 545 547 606
487 546 607
488 547 549 608
489 548 609
490 549 551 610
491 552 611
492 551 553 612
493 552 613
494 553 555
495 554 556 615
496 555 557 616
497 558 617
498 557 559 618
499 558 619
500 559 561 620
501 560 562 621
502 561 563 622
503 562 564 623
504 563 565 624
505 564 566 625
506 565 567 626
507 566 568 627
508 567 569
509 629
569 571
511 572 631
512 571 573 632
513 572 574 633
514 573 575 634
515 576 635
516 575 577 636
517 576 578 637
518 577 579 638
519 580 639
520 579 581 640
521 580 582 641
581 583
523 582 584 643
524 583 585
525 584 586 645
585 587 646
527 586 588 647
528 587 589 648
529 588 590 649
530 589 591 650
531 590 592 651
532 591 593 652
533 592 594 653
534 593 595
535 594 596 655
536 595 597 656
537 596 598 657
538 597 599 658
539 600 659
540 599 660
541 602 661
542 601 603 662
602 604 663
544 603 605 664
545 604 606 665
546 605 607 666
547 606 608 667
548 607 609 668
549 608 610 669
550 609 611 670
551 610 612
552 611 613 672
612 614 673
554 613 615 674
614 616 675
556 615 617 676
557 616 618 677
558 619 678
559 618 620 679
560 621 680
561 620 622
562 621 623 682
563 622 624
564 623 625 684
565 624 626 685
566 625 627 686
567 626 628
568 627 629 688
569 628 630
570 629 631 690
571 630 632
572 633 692
573 632 634 693
574 633 635 694
575 634 636 695
576 635 637 696
577 636 638 697
578 637 698
579 638 640 699
580 639 641 700
581 640 642 701
582 641 643 702
583 642 644 703
584 643 645 704
585 644 646 705
586 645 647 706
587 646 648
588 649 708
589 648 650 709
590 649 651 710
650 652 711
592 651 653 712
593 652 654
594 653 655 714
654 656 715
596 655 657 716
597 656 658 717
598 657 659 718
599 658 660 719
600 659 720
601 662 721
661 663 722
603 662 723
604 663 665 724
605 666 725
606 665 667 726
607 668 727
608 667 669 728
609 668 729
610 669 671 730
611 672 731
612 671 673 732
613 672 733
614 673 675 734
615 674 676 735
616 675 677 736
617 676 737
618 677 679 738
619 678 680 739
620 679 681 740
621 680 682 741
622 681 683 742
623 684 743
624 683 685 744
625 684 686 745
626 685 687 746
627 688 747
628 687 689 748
629 688 690 749
630 689 691 750
631 690 692 751
632 691 693
633 692 694 753
634 693 695
635 696 755
695 697 756
637 696 757
697 699 758
639 698 700 759
640 699 701 760
641 702 761
642 701 703
643 702 763
644 703 705
645 706 765
646 705 707
647 706 708 767
648 707 709
649 708 769
650 709 711 770
651 710 712 771
652 711 713 772
653 712 714 773
654 713 715 774
655 714 716 775
656 715 717 776
657 718 777
717 719 778
659 718 779
660 719 780
661 722 781
662 721 723 782
663 722 724 783
664 723 725 784
724 726 785
666 725 727 786
726 728 787
668 727 729 788
728 730
670 731 790
671 730 732 791
672 731 733 792
732 734 793
674 735 794
675 734 736 795
676 735 737 796
677 736 738 797
678 737 739 798
679 738 740 799
680 741 800
681 740 742 801
682 741 743 802
742 744 803
684 804
685 744 746 805
686 745 747 806
687 746 748 807
688 747 749 808
748 750 809
690 749 751 810
750 752 811
692 751 753 812
693 752 754 813
694 753 755 814
695 754 756
696 755 757 816
697 756 758 817
698 759 818
699 758 760 819
700 759 761 820
701 760 762
702 761 822
762 764
704 763 765 824
705 764 766 825
706 765 826
707 766 768 827
708 767 769 828
709 768 770
710 769 771 830
711 770 772
712 771 773 832
713 772 774 833
714 775 834
715 774 776 835
716 775 777 836
717 776 778 837
718 777 779 838
719 778 780 839
720 840
721 782 841
722 781 783 842
723 782 784 843
724 783 785
725 784 786 845
726 785 787 846
727 786 788 847
728 787 789 848
729 788 849
730 789 791 850
731 790 792 851
732 791 793
733 792 794 853
734 793 795 854
735 794 796 855
736 795 797
737 796 798 857
738 797 799 858
739 798 800 859
799 801 860
741 800 802 861
742 801 803
743 802 804 863
744 803 805 864
745 804 865
746 805 807 866
747 806 808 867
748 807 809 868
749 808 810 869
750 809 811 870
751 810 871
752 811 813
753 812 814 873
754 813 815 874
755 814 875
756 815 817
757 818 877
758 817 819 878
759 818 820 879
760 819 821 880
761 820 822 881
821 823 882
763 822 883
764 823 825 884
765 885
766 825 827 886
767 887
768 827 829 888
769 828 830 889
829 831 890
771 832 891
772 831 833 892
773 832 893
774 833 835 894
775 834 836 895
776 835 837 896
777 836 838 897
778 837 839 898
779 838 840 899
780 839 900
781 842 901
782 841 843 902
783 842 844 903
784 904
785 844 846 905
786 845 847 906
787 846 848 907
788 847 849 908
789 848 850
790 849 851 910
791 850 852 911
792 853 912
793 852 854 913
794 853 914
854 856 915
796 855 857 916
797 856 858 917
798 857 859 918
799 858 860 919
800 859 861 920
801 860 862 921
802 861 922
862 864
804 863 865 924
805 864 866 925
806 865 867 926
807 866 868 927
808 867 869 928
809 868 870 929
810 869 871 930
811 870 872 931
812 873 932
813 872 874
814 873 875 934
815 874 876 935
816 875 877 936
817 876 878 937
818 879 938
878 880 939
820 881 940
880 882 941
822 881 883 942
823 882 884 943
824 883 944
825 884 886
826 885 887 946
827 886 888 947
828 887 889 948
829 888 890 949
830 889 950
890 892 951
832 891 952
833 892 894 953
834 893 895 954
894 896
836 895 897 956
837 896 898 957
838 897 899 958
839 898 900
840 960
841 902 961
842 901 903 962
843 902 904 963
844 903 905 964
845 904 906 965
846 905 907 966
847 906 908 967
848 907 909 968
849 910 969
850 909 911 970
851 912 971
852 911 913 972
853 912 914 973
854 913 915 974
855 914 916 975
856 915 917 976
857 918 977
858 917 919
859 918 920 979
860 919 921 980
861 920 922 981
862 921 923 982
863 924 983
864 923 925 984
865 924 926 985
866 925 927 986
867 926 987
868 927 929
869 928 930 989
870 929 931
871 930 932 991
872 931 933 992
873 932 993
874 933 935 994
875 934 995
876 935 937 996
877 936 938 997
878 937 939 998
879 938 940 999
880 939 941
881 940 942 1001
882 941 943 1002
883 942 1003
884 943 945
885 946 1005
886 945 947 1006
887 946 1007
947 949 1008
889 950 1009
890 949 951 1010
891 1011
951 953 1012
893 952 954 1013
894 953 955 1014
895 954 956 1015
896 955 957
897 956 958 1017
957 959 1018
899 958 960 1019
900 959 1020
901 962
902 961 963 1022
903 962 964
904 963 965 1024
905 964 966
906 1026
907 966 968
908 967 969 1028
909 968 970 1029
910 969 971 1030
911 970 972
912 971 973 1032
913 972 974 1033
914 973 1034
915 974 976 1035
916 975 977 1036
917 976 978
918 977 979 1038
919 978 980 1039
920 981 1040
921 980 982 1041
922 981 983 1042
923 982 984 1043
924 985 1044
925 984 986 1045
926 985 1046
927 986 988
928 989 1048
929 988 990
930 989 991 1050
931 990 992
932 991 993 1052
933 992 994 1053
934 993 995 1054
935 994 996 1055
936 995 997 1056
937 996 998 1057
938 997 1058
939 998 1000 1059
940 999 1060
941 1000 1002
942 1001 1003 1062
943 1002 1004 1063
944 1003 1005 1064
945 1004 1006
946 1005 1007 1066
947 1006 1008 1067
948 1007 1009 1068
949 1008 1010
950 1009 1011 1070
951 1010 1012 1071
952 1011 1013 1072
953 1012 1014 1073
954 1013 1015 1074
955 1014 1016 1075
956 1015 1017 1076
1016 1018
958 1019 1078
959 1018 1020 1079
960 1019 1080
961 1022 1081
962 1021 1023 1082
963 1022 1024 1083
1023 1025 1084
965 1024 1026 1085
966 1025 1027
967 1026 1028 1087
1027 1029 1088
969 1030 1089
970 1029 1031 1090
971 1030 1032 1091
972 1031 1033 1092
973 1032 1093
1033 1035 1094
975 1034 1036 1095
1035 1037
977 1036 1038 1097
978 1037 1039 1098
979 1040 1099
980 1039 1041 1100
981 1040 1042 1101
982 1041 1043 1102
983 1042 1044 1103
984 1043 1045
985 1044 1105
986 1045 1047 1106
987 1048 1107
988 1047 1049 1108
989 1048 1050 1109
990 1049 1051 1110
991 1050 1052 1111
992 1051 1053 1112
993 1052 1054 1113
994 1053 1055 1114
995 1054 1056 1115
996 1055 1057 1116
997 1117
998 1057 1059 1118
999 1060 1119
1000 1059 1061
1001 1060 1062 1121
1002 1061 1063
1003 1062 1064 1123
1004 1063 1065 1124
1005 1064 1125
1006 1065 1067 1126
1007 1066 1068 1127
1008 1067 1069
1009 1070 1129
1010 1069 1071 1130
1011 1070 1131
1071 1073 1132
1013 1072 1133
1014 1073 1075 1134
1015 1074 1076 1135
1016 1075 1077
1017 1137
1018 1077 1079 1138
1019 1078 1080 1139
1020 1079 1140
1021 1082 1141
1022 1083 1142
1023 1082 1084
1024 1083 1085 1144
1084 1086 1145
1026 1085 1087 1146
1027 1086 1088 1147
1028 1087 1148
1029 1088 1090 1149
1030 1089 1091 1150
1031 1090 1092 1151
1032 1093 1152
1033 1092 1094 1153
1034 1093 1095 1154
1035 1094 1096 1155
1036 1097 1156
1037 1096 1098 1157
1038 1097 1099 1158
1039 1098 1100
1040 1099 1101 1160
1041 1100 1102 1161
1042 1101 1103 1162
1043 1102 1104 1163
1044 1105 1164
1045 1104 1106 1165
1046 1105 1166
1047 1106 1108 1167
1048 1107 1109 1168
1049 1108 1110 1169
1050 1109 1170
1051 1110 1112
1052 1111 1113 1172
1053 1112 1114 1173
1054 1115 1174
1055 1114 1116 1175
1056 1115 1176
1116 1118 1177
1058 1117 1119 1178
1059 1118 1120 1179
1060 1119 1121 1180
1120 1122 1181
1062 1121 1123 1182
1063 1122 1124 1183
1064 1123 1125 1184
1065 1124 1126
1066 1186
1126 1128 1187
1068 1127 1129 1188
1128 1130 1189
1070 1131 1190
1071 1130 1132 1191
1072 1131 1133 1192
1073 1132 1134 1193
1074 1135 1194
1075 1134 1136 1195
1076 1196
1077 1136 1138 1197
1078 1137 1139 1198
1079 1138 1140 1199
1080 1139 1200
1081 1142 1201
1082 1141 1143 1202
1083 1142 1144 1203
1084 1143 1145
1085 1144 1146 1205
1145 1147 1206
1087 1146 1148 1207
1088 1147 1149
1089 1148 1150 1209
1090 1149 1151 1210
1091 1150 1152 1211
1151 1153 1212
1093 1152 1154 1213
1094 1153 1155 1214
1095 1154 1156 1215
1096 1155 1157 1216
1097 1156 1158 1217
1098 1157 1159 1218
1099 1158 1160 1219
1159 1161 1220
1101 1160 1162 1221
1102 1161 1163 1222
1103 1162 1164 1223
1104 1163 1165 1224
1105 1164 1166 1225
1106 1165 1167 1226
1107 1166 1227
1108 1167 1169 1228
1109 1170 1229
1110 1169 1171 1230
1111 1172 1231
1112 1171 1173 1232
1113 1172 1174 1233
1114 1173 1175 1234
1115 1174 1235
1175 1177 1236
1117 1176 1178 1237
1118 1177 1179 1238
1119 1180 1239
1120 1179 1181 1240
1121 1182 1241
1122 1181 1183 1242
1123 1182 1184 1243
1124 1183 1185 1244
1125 1184 1245
1126 1185 1187
1127 1186 1188 1247
1128 1187 1189 1248
1129 1188 1190 1249
1130 1189 1191 1250
1131 1190 1192 1251
1191 1193
1133 1192 1194 1253
1134 1193 1195 1254
1135 1194 1255
1136 1195 1197 1256
1137 1196 1257
1138 1197 1199 1258
1139 1198 1200 1259
1140 1199
1141 1202 1261
1142 1203 1262
1143 1202 1204 1263
1144 1203 1264
1204 1206 1265
1146 1205 1207 1266
1206 1208
1148 1268
1149 1208 1210 1269
1150 1209 1211 1270
1151 1210 1212
1152 1213 1272
1153 1212 1214 1273
1154 1213 1274
1155 1214 1216 1275
1156 1215 1217 1276
1216 1218 1277
1158 1217 1219 1278
1218 1220
1160 1219 1280
1161 1220 1222
1162 1221 1223 1282
1163 1222 1224 1283
1164 1223 1225 1284
1224 1226 1285
1166 1225 1286
1167 1226 1228 1287
1168 1227 1229 1288
1228 1230
1170 1229 1290
1230 1232 1291
1172 1231 1233 1292
1232 1234 1293
1174 1233 1235 1294
1175 1234 1236 1295
1176 1235 1237 1296
1177 1236 1238 1297
1178 1237 1239 1298
1238 1240 1299
1180 1239 1241 1300
1181 1240 1242 1301
1182 1243 1302
1183 1242 1244
1184 1243 1245 1304
1185 1244 1246 1305
1186 1245 1247 1306
1187 1246 1248 1307
1188 1247 1249 1308
1189 1248 1250 1309
1190 1249 1251 1310
1191 1250 1252
1192 1253 1312
1193 1252 1254 1313
1194 1253 1255 1314
1254 1256 1315
1196 1255 1257 1316
1197 1256 1258 1317
1198 1259 1318
1199 1258 1260 1319
1200 1320
1201 1262 1321
1261 1263 1322
1203 1264 1323
1204 1263 1265 1324
1205 1264 1266 1325
1265 1267 1326
1207 1266 1268 1327
1267 1269
1209 1270 1329
1269 1271 1330
1211 1270 1272 1331
1212 1271 1273 1332
1213 1272 1274 1333
1214 1273 1275
1215 1274 1276 1335
1216 1275 1277 1336
1217 1278 1337
1218 1277 1279 1338
1219 1280 1339
1279 1281
1221 1282 1341
1222 1281 1283 1342
1223 1282 1343
1224 1283 1285 1344
1225 1284 1286 1345
1226 1285 1287 1346
1227 1286 1288 1347
1228 1287 1289
1229 1288 1290 1349
1230 1289 1291 1350
1231 1290 1292 1351
1232 1291 1293 1352
1233 1292 1353
1234 1293 1295 1354
1235 1294 1296 1355
1236 1295 1297 1356
1237 1296 1298 1357
1238 1297 1299 1358
1239 1300 1359
1240 1299 1301 1360
1241 1300 1302 1361
1242 1301 1303 1362
1243 1302 1304 1363
1244 1303 1305 1364
1245 1304 1365
1246 1305 1307 1366
1247 1306 1308 1367
1248 1307 1309 1368
1249 1308 1310 1369
1309 1311 1370
1251 1312 1371
1252 1311 1313 1372
1253 1312 1314 1373
1254 1313 1315
1255 1314 1316 1375
1256 1315 1317 1376
1257 1316 1318 1377
1258 1317 1319
1259 1318 1320 1379
1319
1261 1322 1381
1262 1321 1323 1382
1263 1322 1324 1383
1264 1323 1384
1265 1324 1326 1385
1266 1325 1327 1386
1267 1326 1328 1387
1268 1329 1388
1269 1328 1330 1389
1270 1329 1331 1390
1330 1332
1272 1392
1273 1332 1334 1393
1274 1333 1335 1394
1334 1336
1276 1335 1337 1396
1277 1336 1338
1278 1339 1398
1279 1338 1340 1399
1280 1339 1341 1400
1281 1340 1342 1401
1282 1341 1343 1402
1283 1342 1344 1403
1284 1343 1345 1404
1285 1344 1346 1405
1286 1345 1347 1406
1287 1346 1348 1407
1288 1347 1349 1408
1289 1348 1350 1409
1290 1349 1410
1350 1352
1292 1351 1353 1412
1352 1354 1413
1294 1353 1414
1295 1354 1356
1296 1355 1357 1416
1297 1356 1358 1417
1298 1357 1359 1418
1299 1358 1360 1419
1300 1359 1361 1420
1301 1360 1362 1421
1302 1361 1422
1303 1362 1364 1423
1304 1363 1365 1424
1305 1364 1366 1425
1306 1365 1367 1426
1307 1366 1368 1427
1308 1367 1369 1428
1368 1370 1429
1310 1369 1371 1430
1311 1370 1372
1312 1371 1373 1432
1313 1372 1374 1433
1314 1373 1375 1434
1315 1374 1376 1435
1316 1377 1436
1317 1376 1378 1437
1318 1377 1379 1438
1319 1378 1380 1439
1320 1379 1440
1321 1382 1441
1322 1381 1383 1442
1323 1382 1384 1443
1324 1383 1385 1444
1325 1386 1445
1326 1385 1387 1446
1327 1447
1328 1387 1389 1448
1329 1388 1390 1449
1330 1389 1391 1450
1331 1390 1392 1451
1332 1391 1393 1452
1333 1392 1453
1334 1393 1395 1454
1335 1394 1396 1455
1336 1395 1397 1456
1337 1396 1398 1457
1397 1399 1458
1339 1398 1459
1340 1399 1401 1460
1341 1400 1402 1461
1342 1401 1403 1462
1343 1402 1404 1463
1344 1403 1405
1345 1404 1406 1465
1346 1405 1407 1466
1347 1406 1408 1467
1348 1407 1409
1349 1408 1410 1469
1350 1409 1411
1351 1410 1412 1471
1352 1411 1413 1472
1353 1412 1414 1473
1354 1413 1415 1474
1355 1414 1416 1475
1356 1415 1417 1476
1357 1477
1417 1419 1478
1359 1418 1420 1479
1360 1419 1421 1480
1361 1420 1422 1481
1362 1421 1423 1482
1363 1422 1424 1483
1364 1423 1425 1484
1365 1424 1485
1366 1425 1427
1367 1426 1428 1487
1427 1429 1488
1369 1428 1430 1489
1370 1429 1431
1371 1432 1491
1372 1431 1433 1492
1373 1432 1493
1374 1433 1435 1494
1375 1434 1436 1495
1376 1435 1437 1496
1377 1436 1438 1497
1378 1437 1439 1498
1379 1438 1440 1499
1380 1439
1381 1442 1501
1382 1441 1443 1502
1383 1442 1444 1503
1384 1443 1504
1385 1444 1446 1505
1386 1445 1506
1387 1446 1448
1388 1447 1449 1508
1389 1448 1450 1509
1390 1449 1451 1510
1391 1450 1452 1511
1392 1451 1453 1512
1393 1452 1454
1394 1453 1455 1514
1395 1454 1456 1515
1396 1455 1457 1516
1456 1458
1398 1457 1459 1518
1399 1458 1460 1519
1400 1459 1520
1460 1462
1402 1461 1463 1522
1403 1462 1464
1404 1463 1465 1524
1464 1466 1525
1406 1465 1467 1526
1407 1466 1468 1527
1408 1467 1469 1528
1409 1468 1470 1529
1410 1469 1471 1530
1411 1470 1472 1531
1412 1471 1473 1532
1413 1472 1474
1414 1475 1534
1415 1474 1476 1535
1416 1475 1477 1536
1417 1476 1478 1537
1418 1477 1479 1538
1478 1480 1539
1420 1479 1481 1540
1421 1480 1482 1541
1422 1481 1483 1542
1482 1484 1543
1424 1483 1485 1544
1484 1486 1545
1426 1487 1546
1486 1488 1547
1428 1487 1489 1548
1429 1488 1490 1549
1430 1489 1491 1550
1490 1492 1551
1432 1493 1552
1433 1492 1494 1553
1434 1493 1495 1554
1435 1494 1496 1555
1436 1495 1497 1556
1437 1496 1498 1557
1438 1497 1499 1558
1439 1498 1500
1440 1499 1560
1441 1502 1561
1442 1501 1503 1562
1443 1502 1504 1563
1503 1505 1564
1445 1504 1506 1565
1446 1505 1507 1566
1447 1567
1507 1509
1449 1508 1569
1450 1509 1511 1570
1451 1510 1512 1571
1452 1511 1513
1453 1512 1514 1573
1513 1515 1574
1455 1514 1516 1575
1456 1515 1517
1457 1516 1518 1577
1458 1517 1519 1578
1459 1520 1579
1519 1521 1580
1461 1520 1522 1581
1462 1521 1523
1463 1522 1524 1583
1464 1523 1525
1465 1526 1585
1466 1525 1527 1586
1467 1528 1587
1468 1527 1529 1588
1469 1528 1530 1589
1529 1531 1590
1471 1530 1532 1591
1531 1533
1473 1532 1534 1593
1474 1533 1535 1594
1475 1534 1536 1595
1476 1535 1537 1596
1477 1536 1538 1597
1537 1539 1598
1479 1538 1540 1599
1539 1541 1600
1481 1540 1601
1482 1541 1543 1602
1483 1544 1603
1484 1543 1545 1604
1485 1544 1546 1605
1486 1545 1547 1606
1487 1546 1548 1607
1488 1547 1549
1489 1548 1609
1490 1549 1551 1610
1491 1550 1552 1611
1551 1553 1612
1493 1554 1613
1494 1553 1555 1614
1495 1554 1615
1496 1555 1557
1497 1556 1558 1617
1498 1557 1559 1618
1499 1560 1619
1500 1559 1620
1501 1562
1502 1563 1622
1562 1564 1623
1504 1563 1565 1624
1505 1564 1566 1625
1506 1567 1626
1507 1566 1568
1508 1567 1569 1628
1509 1568 1570 1629
1510 1571 1630
1511 1570 1572 1631
1512 1571 1573 1632
1513 1572 1574 1633
1514 1573 1634
1574 1576 1635
1516 1575 1577 1636
1517 1576 1578 1637
1518 1579 1638
1519 1578 1580
1520 1579 1581 1640
1521 1580 1582
1522 1581 1583 1642
1582 1584 1643
1524 1585 1644
1525 1584 1586 1645
1526 1587 1646
1527 1586 1588 1647
1528 1587 1589 1648
1529 1588 1590 1649
1530 1589 1591 1650
1531 1590 1592 1651
1532 1591 1593 1652
1533 1592 1594 1653
1534 1593 1654
1535 1594 1596 1655
1536 1595 1597 1656
1596 1598 1657
1538 1597 1599 1658
1539 1598 1600
1540 1599 1601 1660
1600 1602 1661
1542 1601 1603 1662
1602 1604 1663
1544 1603 1605 1664
1604 1606 1665
1546 1605 1607 1666
1547 1606 1608 1667
1548 1607 1609 1668
1608 1610 1669
1550 1609 1611 1670
1551 1610 1612 1671
1552 1611 1613 1672
1612 1614
1554 1613 1674
1555 1614 1616 1675
1556 1615 1617 1676
1616 1618
1558 1619 1678
1559 1618 1620
1560 1619 1680
1561 1622 1681
1562 1621 1623 1682
1563 1622 1683
1623 1625 1684
1565 1624 1626 1685
1566 1625 1627 1686
1567 1626 1628 1687
1568 1627 1629 1688
1569 1689
1570 1629 1631 1690
1571 1630 1632 1691
1572 1631 1633
1573 1632 1634 1693
1574 1633 1635 1694
1575 1634 1636 1695
1576 1635 1637 1696
1577 1636 1697
1578 1637 1639 1698
1579 1638 1640 1699
1639 1641 1700
1581 1640 1642 1701
1582 1641 1643 1702
1583 1642 1644 1703
1643 1645
1585 1646 1705
1586 1645 1647 1706
1587 1646 1707
1647 1649 1708
1589 1648 1650 1709
1590 1649 1651 1710
1591 1652 1711
1592 1651 1653
1593 1652 1654 1713
1594 1653 1655 1714
1595 1654 1656 1715
1596 1655 1657 1716
1597 1658 1717
1598 1657 1659 1718
1599 1658 1660 1719
1600 1659 1661 1720
1601 1660 1662 1721
1602 1661 1663 1722
1603 1662 1664 1723
1663 1665
1605 1664 1666 1725
1606 1665 1667 1726
1607 1668 1727
1608 1667 1669 1728
1609 1668 1670 1729
1669 1671 1730
1611 1670 1672 1731
1671 1673 1732
1613 1672 1674 1733
1614 1673 1675 1734
1615 1674 1676 1735
1616 1675 1677 1736
1617 1676 1678 1737
1618 1677 1679 1738
1619 1678 1680 1739
1620 1679
1621 1682
1622 1742
1682 1684 1743
1624 1683 1744
1625 1684 1686 1745
1626 1685 1687 1746
1627 1686 1688 1747
1628 1687 1689 1748
1688 1690 1749
1630 1689 1691 1750
1631 1690 1692 1751
1632 1691 1693 1752
1633 1692 1694
1634 1695 1754
1635 1694 1696
1636 1695 1697 1756
1637 1696 1698 1757
1638 1697 1699 1758
1639 1698 1700 1759
1640 1699 1701 1760
1641 1700 1702 1761
1642 1701 1762
1643 1702 1704 1763
1644 1703 1705 1764
1645 1704 1706 1765
1646 1766
1647 1706 1708 1767
1648 1768
1649 1708 1710 1769
1650 1709 1711 1770
1651 1710 1712 1771
1652 1711 1713 1772
1653 1712 1714 1773
1654 1715 1774
1714 1716 1775
1656 1715 1717 1776
1657 1716 1718 1777
1658 1717 1719 1778
1718 1720 1779
1660 1719 1721 1780
1720 1722 1781
1662 1721 1723 1782
1663 1722 1724 1783
1664 1725 1784
1665 1724 1726 1785
1666 1725 1786
1667 1726 1728 1787
1668 1727 1729 1788
1728 1730 1789
1670 1729 1731 1790
1671 1730 1732 1791
1672 1731 1792
1673 1732 1734 1793
1674 1733 1735 1794
1675 1734 1736 1795
1676 1735 1737 1796
1736 1738 1797
1678 1739 1798
1679 1738 1740 1799
1680 1739 1800
1681 1801
1682 1741 1743 1802
1683 1742 1744 1803
1743 1745 1804
1685 1744 1805
1686 1745 1747 1806
1687 1746 1748 1807
1688 1747 1749 1808
1689 1748 1750 1809
1690 1749 1751 1810
1691 1750 1752 1811
1692 1751 1753 1812
1693 1752 1813
1694 1753 1755
1695 1754 1756 1815
1755 1757 1816
1697 1756 1817
1757 1759
1699 1758 1760 1819
1700 1759 1761 1820
1701 1760 1762 1821
1761 1763 1822
1703 1762 1764 1823
1704 1763 1765
1705 1764 1766 1825
1765 1767 1826
1707 1766 1768 1827
1708 1767 1769 1828
1709 1768 1770 1829
1769 1771 1830
1711 1770 1831
1712 1771 1773 1832
1713 1772 1774 1833
1714 1773 1775
1715 1776 1835
1716 1775 1777 1836
1717 1776 1778 1837
1718 1777 1779 1838
1719 1778 1780 1839
1720 1779 1781 1840
1721 1780 1841
1722 1781 1783 1842
1723 1782 1784 1843
1724 1783 1785 1844
1725 1786 1845
1726 1785 1787
1727 1786 1788 1847
1728 1787 1789 1848
1729 1849
1730 1789 1791
1731 1790 1851
1732 1791 1793 1852
1733 1794 1853
1793 1795 1854
1735 1796 1855
1736 1795 1797 1856
1737 1796 1857
1738 1797 1799 1858
1739 1798 1800 1859
1740 1799
1802 1861
1742 1801 1803 1862
1743 1802 1804 1863
1744 1805 1864
1804 1806
1746 1805 1807 1866
1747 1806 1808 1867
1748 1807 1809 1868
1749 1808 1810
1750 1809 1870
1751 1810 1812 1871
1752 1811 1813 1872
1753 1812 1814 1873
1754 1815 1874
1814 1816 1875
1756 1815 1817 1876
1757 1816 1818 1877
1758 1817 1819 1878
1759 1818 1820 1879
1760 1819 1821 1880
1820 1822
1762 1821 1823 1882
1763 1822 1824 1883
1764 1823 1884
1765 1824 1826 1885
1766 1825 1827 1886
1767 1826 1828 1887
1768 1827 1829 1888
1828 1830 1889
1770 1831 1890
1830 1832 1891
1772 1833 1892
1832 1834
1774 1833 1835 1894
1775 1834 1836 1895
1776 1835 1837 1896
1777 1836 1838 1897
1778 1837 1839 1898
1779 1838 1840 1899
1780 1839 1841 1900
1781 1840 1842 1901
1782 1841 1843 1902
1783 1842 1844 1903
1784 1843 1845 1904
1844 1846 1905
1786 1845 1847 1906
1787 1846 1848 1907
1788 1847 1849 1908
1848 1850 1909
1790 1849 1851 1910
1791 1850 1852 1911
1792 1853 1912
1793 1852 1854 1913
1794 1855 1914
1795 1854 1856 1915
1796 1855 1857 1916
1797 1856 1858
1798 1857 1859 1918
1799 1858 1860 1919
1800 1859 1920
1801 1862 1921
1802 1861 1863
1803 1862 1864 1923
1863 1865 1924
1805 1864 1866 1925
1806 1865 1867 1926
1807 1866 1868 1927
1808 1867 1869 1928
1809 1868 1870 1929
1869 1871 1930
1811 1931
1871 1873
1813 1872 1874 1933
1873 1875 1934
1815 1874 1876 1935
1875 1877 1936
1817 1878 1937
1877 1879 1938
1819 1878 1880 1939
1820 1879 1881 1940
1821 1880 1882 1941
1822 1881 1883 1942
1823 1884 1943
1824 1883 1885 1944
1825 1884 1886 1945
1826 1885 1887 1946
1827 1886 1888 1947
1828 1887 1889 1948
1829 1888 1890 1949
1830 1889 1891 1950
1831 1892 1951
1832 1891 1893 1952
1833 1894 1953
1834 1893 1895 1954
1835 1894 1955
1836 1895 1897
1837 1896 1957
1897 1899 1958
1839 1898 1900 1959
1840 1899 1901 1960
1841 1900 1902 1961
1842 1901 1903
1843 1902 1904 1963
1903 1905 1964
1845 1904 1965
1846 1905 1907 1966
1847 1908 1967
1848 1907 1909 1968
1849 1908 1910 1969
1850 1909 1911
1851 1910 1912 1971
1852 1911 1913 1972
1853 1912 1914 1973
1854 1913 1915 1974
1855 1914 1975
1856 1915 1917 1976
1857 1916 1918 1977
1917 1919 1978
1859 1918 1920 1979
1860 1919 1980
1861 1922 1981
1862 1923 1982
1922 1924
1864 1923 1925 1984
1924 1926 1985
1866 1925 1927 1986
1867 1926 1928 1987
1868 1927 1929 1988
1869 1928 1930
1870 1929 1931 1990
1871 1930 1932 1991
1872 1931 1933 1992
1873 1932 1934 1993
1874 1933 1935 1994
1875 1934 1936 1995
1876 1935 1937 1996
1877 1936 1938 1997
1878 1937 1939 1998
1879 1938 1940 1999
1880 1941 2000
1881 1940 1942 2001
1882 1941 2002
1883 1942 1944 2003
1884 1945 2004
1885 1944 1946
1886 1945 1947 2006
1887 1946 1948 2007
1888 1947 1949 2008
1948 1950 2009
1890 1949 2010
1891 1950 1952 2011
1892 1951 1953 2012
1893 1952 1954 2013
1894 1953 1955 2014
1895 1954 1956 2015
1896 1955 1957 2016
1897 1956 1958 2017
1898 1957 1959 2018
1899 1958 1960
1900 1959 1961 2020
1901 1960 1962 2021
1902 1963 2022
1903 1962 1964 2023
1904 1965 2024
1905 1964 1966 2025
1906 1965 1967 2026
1907 1966 1968 2027
1908 1967 1969 2028
1968 1970 2029
1910 1969 1971 2030
1911 1970 1972 2031
1912 1971 1973 2032
1913 1972 1974 2033
1914 1973 2034
1915 1974 1976 2035
1916 1975 1977 2036
1976 1978 2037
1918 1977 1979 2038
1919 1978 1980 2039
1920 2040
1921 2041
1922 1981 1983
1923 1982 1984 2043
1983 1985 2044
1925 1986 2045
1926 1985 1987 2046
1927 1986 1988 2047
1928 1987 1989 2048
1929 1988 2049
1930 1989 1991 2050
1931 1990 1992 2051
1932 1991 1993 2052
1933 1992 2053
1934 1993 1995 2054
1935 1994 2055
1936 1995 1997 2056
1937 1996 1998 2057
1938 1997 1999
1939 1998 2000 2059
1940 1999 2001 2060
1941 2000 2002 2061
1942 2001 2003 2062
1943 2004 2063
2003 2005 2064
1945 2004 2065
1946 2005 2007
1947 2006 2008 2067
1948 2007 2009 2068
1949 2010 2069
1950 2009 2011 2070
1951 2010 2012 2071
1952 2011 2013
1953 2014 2073
1954 2013 2015 2074
1955 2014 2016 2075
1956 2015 2017 2076
1957 2016 2018 2077
2017 2019
1959 2018 2020 2079
1960 2019 2021 2080
1961 2020 2022 2081
1962 2021 2023
1963 2022 2024 2083
1964 2023 2025 2084
1965 2024 2026 2085
1966 2025 2027 2086
1967 2028 2087
2027 2029 2088
1969 2028 2030 2089
1970 2029 2031 2090
1971 2030 2032 2091
1972 2031 2033 2092
1973 2032 2034 2093
2033 2035 2094
1975 2034 2036 2095
1976 2035 2037 2096
1977 2036 2038 2097
1978 2037 2039
1979 2038 2099
2039 2100
1981 2042 2101
1982 2041 2043 2102
1983 2042 2044 2103
1984 2104
1985 2044 2046
1986 2045 2047 2106
1987 2046 2048 2107
1988 2047 2108
1989 2048 2050 2109
1990 2051 2110
1991 2050 2052 2111
1992 2051 2053 2112
2052 2054 2113
1994 2053 2055 2114
1995 2054 2056 2115
1996 2055 2116
2056 2058 2117
1998 2057 2059 2118
2058 2060
2000 2059 2120
2001 2060 2062 2121
2002 2061 2063 2122
2003 2062 2064
2004 2063 2065 2124
2005 2064 2066
2006 2065 2067 2126
2007 2066 2068 2127
2008 2067 2069 2128
2009 2068 2070 2129
2010 2069 2071 2130
2011 2070 2072 2131
2012 2073 2132
2072 2074 2133
2014 2073 2075 2134
2074 2076 2135
2016 2077 2136
2017 2076 2078
2018 2077 2138
2019 2078 2080 2139
2020 2140
2021 2080 2082
2022 2083 2142
2023 2082 2084
2024 2083 2085 2144
2025 2084 2086 2145
2026 2085 2087 2146
2027 2086 2088 2147
2028 2087 2089 2148
2029 2088 2090 2149
2030 2091 2150
2031 2090 2092 2151
2032 2091 2093 2152
2033 2092 2094 2153
2034 2095 2154
2035 2094 2096 2155
2036 2095 2156
2037 2096 2098
2038 2097 2099 2158
2039 2098 2100
2040 2099 2160
2041 2102 2161
2042 2101 2103 2162
2043 2102 2163
2044 2103 2105 2164
2045 2165
2046 2105 2107 2166
2047 2108 2167
2107 2109 2168
2049 2108 2110 2169
2050 2109 2111 2170
2051 2110 2171
2111 2113 2172
2053 2112 2173
2113 2115 2174
2055 2114 2116 2175
2115 2117
2057 2116 2118 2177
2058 2117 2119 2178
2059 2118 2120 2179
2060 2119 2121 2180
2061 2120 2122 2181
2062 2121 2123
2063 2122 2124 2183
2064 2123 2125
2065 2126 2185
2125 2127 2186
2067 2126 2187
2068 2127 2129
2069 2128 2130 2189
2129 2131 2190
2071 2130 2132 2191
2131 2133
2073 2134 2193
2074 2133 2135 2194
2075 2134 2136 2195
2076 2135 2137 2196
2077 2136 2197
2078 2137 2139 2198
2079 2138 2140 2199
2139 2141 2200
2081 2140 2142 2201
2141 2143 2202
2083 2142 2144 2203
2084 2143 2145 2204
2085 2144 2146 2205
2086 2145 2147
2087 2146 2148 2207
2147 2149 2208
2089 2148 2150 2209
2090 2149 2151 2210
2091 2150 2152 2211
2092 2151 2153 2212
2093 2152 2213
2094 2153 2155
2095 2154 2215
2096 2155 2157 2216
2097 2156 2158 2217
2157 2159 2218
2099 2158 2160 2219
2159 2220
2101 2162 2221
2102 2163 2222
2103 2162 2164
2104 2163 2165 2224
2105 2164 2166 2225
2106 2165 2167 2226
2166 2168 2227
2108 2169 2228
2109 2168 2170 2229
2110 2169 2171 2230
2111 2170 2172 2231
2112 2171 2173 2232
2113 2172 2174 2233
2114 2173 2234
2115 2174 2176 2235
2116 2175 2177 2236
2117 2176 2178 2237
2118 2177 2179 2238
2119 2178 2180 2239
2120 2179 2240
2121 2180 2182 2241
2122 2181 2242
2123 2182 2184
2124 2185 2244
2125 2184 2186 2245
2126 2187 2246
2127 2186 2188 2247
2128 2187 2189 2248
2188 2190 2249
2130 2189 2191 2250
2131 2190 2192 2251
2132 2191 2193 2252
2192 2194 2253
2134 2193 2195 2254
2135 2194 2196 2255
2136 2195 2197 2256
2137 2196 2198 2257
2138 2199 2258
2139 2198 2200
2140 2199 2201 2260
2141 2200 2202
2142 2201 2203 2262
2143 2202 2204 2263
2144 2205 2264
2204 2206 2265
2146 2205 2207 2266
2147 2206 2208 2267
2148 2207 2209 2268
2149 2208 2210 2269
2150 2209 2211 2270
2210 2212 2271
2152 2211 2213 2272
2153 2212 2214 2273
2154 2213 2215 2274
2155 2214 2216 2275
2156 2215 2217 2276
2157 2216 2218 2277
2158 2217 2219 2278
2159 2218 2220 2279
2160 2219 2280
2161 2222 2281
2162 2221 2223
2163 2222 2224 2283
2164 2223 2225 2284
2165 2224 2285
2166 2225 2227 2286
2167 2228 2287
2168 2227 2229 2288
2169 2228 2230 2289
2229 2231 2290
2171 2230 2232 2291
2172 2231 2233
2173 2232 2234 2293
2233 2235 2294
2175 2234 2295
2176 2235 2237 2296
2177 2236 2238 2297
2237 2239 2298
2179 2238 2240 2299
2239 2241 2300
2181 2240 2242 2301
2241 2243
2183 2242 2244 2303
2243 2245 2304
2185 2244 2246 2305
2186 2245 2247 2306
2187 2246 2248 2307
2188 2247 2249
2189 2248 2309
2190 2249 2251
2191 2250 2252 2311
2251 2253 2312
2193 2252 2254 2313
2194 2253 2255 2314
2195 2315
2196 2255 2257 2316
2197 2256 2258 2317
2257 2259 2318
2199 2319
2200 2259 2261 2320
2201 2260 2262 2321
2261 2263 2322
2203 2262 2264 2323
2204 2263 2265 2324
2205 2266 2325
2206 2265 2267 2326
2207 2266 2268 2327
2208 2267 2269 2328
2209 2268 2329
2210 2269 2271 2330
2211 2270 2331
2271 2273 2332
2213 2272 2274 2333
2214 2273 2275 2334
2215 2274 2276 2335
2216 2275 2277
2217 2278 2337
2218 2277 2279
2219 2280 2339
2220 2279 2340
2221 2282 2341
2222 2281 2283 2342
2223 2282 2284 2343
2224 2285 2344
2225 2284 2286
2226 2285 2287 2346
2227 2286 2288
2228 2287 2289 2348
2229 2288 2290 2349
2230 2289 2291 2350
2231 2290 2292 2351
2232 2291 2293 2352
2233 2292 2294
2234 2293 2295 2354
2235 2294 2296
2236 2295 2356
2237 2296 2298 2357
2238 2297 2299 2358
2239 2298 2300 2359
2240 2299 2360
2241 2300 2302 2361
2242 2301 2303 2362
2243 2302 2304
2244 2303 2305 2364
2245 2304 2306
2246 2307 2366
2247 2306 2308 2367
2248 2368
2249 2308 2310 2369
2250 2309 2370
2310 2312
2252 2311 2313 2372
2253 2312 2314 2373
2254 2315 2374
2255 2314 2316 2375
2256 2317 2376
2257 2316 2318
2258 2317 2378
2318 2320
2260 2319 2380
2261 2320 2322 2381
2262 2321 2323 2382
2263 2322 2324 2383
2264 2323 2325 2384
2265 2324 2326 2385
2266 2325 2327 2386
2267 2326 2328 2387
2268 2327 2329 2388
2269 2328 2330 2389
2270 2390
2271 2330 2332 2391
2272 2331 2333 2392
2332 2334 2393
2274 2335 2394
2275 2334 2336 2395
2276 2396
2277 2336 2338 2397
2278 2337 2339 2398
2279 2338 2340 2399
2280 2339 2400
2281 2342 2401
2282 2341 2343
2283 2342 2344 2403
2284 2343 2345 2404
2285 2344 2346 2405
2286 2345 2347 2406
2287 2346 2348 2407
2288 2347 2349
2289 2348 2409
2290 2349 2351 2410
2291 2350 2352 2411
2292 2351 2353 2412
2293 2352 2354 2413
2294 2353 2355 2414
2295 2354 2415
2296 2355 2357 2416
2297 2356 2358 2417
2298 2357 2359 2418
2299 2358 2360 2419
2300 2359 2361 2420
2301 2362 2421
2361 2363 2422
2303 2364 2423
2363 2365 2424
2305 2364 2366 2425
2306 2365 2367 2426
2307 2366 2368 2427
2308 2367 2369 2428
2309 2368 2429
2310 2369 2371 2430
2311 2370 2372 2431
2312 2371 2373 2432
2313 2372 2374 2433
2314 2373 2375 2434
2315 2376 2435
2316 2375 2377 2436
2317 2376 2437
2318 2377 2379 2438
2319 2378 2380 2439
2320 2379 2381 2440
2321 2380 2382 2441
2322 2381 2383 2442
2323 2382 2384 2443
2324 2383 2385 2444
2325 2384 2386 2445
2326 2385 2387 2446
2327 2388 2447
2328 2387 2389 2448
2329 2388 2390 2449
2330 2389 2391
2331 2392 2451
2332 2391 2393 2452
2333 2392 2394 2453
2334 2393 2395 2454
2335 2394 2396 2455
2336 2395 2397 2456
2337 2396 2457
2397 2399
2339 2398 2400 2459
2340 2399 2460
2341 2402 2461
2342 2401 2403 2462
2343 2402 2404 2463
2344 2403 2405 2464
2404 2406 2465
2346 2405 2407 2466
2347 2406 2408 2467
2348 2407 2409 2468
2349 2408 2410 2469
2350 2409 2411 2470
2410 2412
2352 2413 2472
2412 2414
2354 2413 2415 2474
2414 2416 2475
2356 2415 2417 2476
2357 2416 2418
2358 2417 2478
2359 2418 2420 2479
2360 2421 2480
2361 2420 2422 2481
2362 2421 2423 2482
2422 2424 2483
2364 2423 2425 2484
2424 2426
2366 2425 2427 2486
2367 2426 2428 2487
2368 2427 2488
2428 2430 2489
2370 2429 2431 2490
2371 2430 2432 2491
2372 2433 2492
2373 2432 2434 2493
2374 2433 2435 2494
2375 2434 2436 2495
2376 2437 2496
2377 2436 2438
2378 2437 2439 2498
2379 2438 2440 2499
2380 2439 2441 2500
2381 2440 2442 2501
2382 2441 2443 2502
2383 2442 2444 2503
2384 2504
2385 2444 2446 2505
2386 2445 2447 2506
2387 2446 2448
2388 2449 2508
2389 2448 2450 2509
2390 2449 2451 2510
2450 2452 2511
2392 2451 2512
2393 2452 2454 2513
2394 2453 2455 2514
2395 2454 2456 2515
2396 2455 2457 2516
2397 2456 2458 2517
2398 2457 2459 2518
2399 2458 2460 2519
2400 2459 2520
2401 2462 2521
2402 2461 2463 2522
2403 2462 2464 2523
2404 2463 2465 2524
2405 2464 2466 2525
2406 2465 2467 2526
2407 2466 2468 2527
2408 2467 2469
2409 2468 2529
2410 2469 2471 2530
2411 2470 2531
2412 2471 2473 2532
2413 2472 2474 2533
2414 2473 2475 2534
2415 2476 2535
2475 2477
2417 2476 2478 2537
2418 2477 2479 2538
2419 2480 2539
2479 2481
2421 2482 2541
2422 2481 2483
2423 2482 2543
2483 2485 2544
2425 2484 2545
2426 2485 2487 2546
2427 2486 2488 2547
2487 2489 2548
2429 2488 2490 2549
2430 2489 2491 2550
2431 2492 2551
2432 2491 2493
2433 2494 2553
2434 2493 2495 2554
2435 2494 2496 2555
2495 2497
2437 2498 2557
2438 2497 2499
2439 2498 2500 2559
2440 2499 2501 2560
2441 2500 2502 2561
2442 2501 2503 2562
2443 2502 2563
2444 2503 2505 2564
2445 2504 2565
2446 2505 2507
2447 2506 2508 2567
2507 2509 2568
2449 2508 2510 2569
2450 2509 2511
2451 2510 2512 2571
2452 2511 2513 2572
2453 2512 2514 2573
2513 2515 2574
2455 2514 2516 2575
2456 2515 2517 2576
2457 2516 2518 2577
2458 2517 2519 2578
2459 2518 2579
2460 2519 2580
2461 2522 2581
2462 2521 2523 2582
2522 2524 2583
2464 2523 2525 2584
2524 2526 2585
2466 2525 2527 2586
2467 2526 2528 2587
2468 2527 2529 2588
2469 2528 2530 2589
2470 2529 2531 2590
2530 2532 2591
2472 2531 2533 2592
2532 2534 2593
2474 2533 2535 2594
2475 2534 2536 2595
2476 2535 2537 2596
2477 2536 2538 2597
2478 2537 2539 2598
2479 2538 2540 2599
2480 2539 2541 2600
2481 2540 2542 2601
2482 2541 2602
2483 2542 2544
2484 2545 2604
2485 2544 2546 2605
2486 2545 2547 2606
2487 2546 2548
2488 2547 2549 2608
2489 2548 2550
2490 2549 2551 2610
2491 2550 2552 2611
2492 2553 2612
2493 2552 2554 2613
2494 2553 2555 2614
2554 2556
2496 2555 2616
2497 2556 2558 2617
2498 2557 2618
2499 2558 2560 2619
2500 2559 2620
2501 2560 2562 2621
2502 2561 2563 2622
2503 2562 2564 2623
2504 2565 2624
2505 2564 2566
2506 2565 2567 2626
2507 2566 2568 2627
2508 2567 2569 2628
2568 2570 2629
2510 2569 2571 2630
2511 2570 2572 2631
2512 2571 2573 2632
2513 2572 2574 2633
2514 2573 2634
2574 2576
2516 2575 2577 2636
2576 2578 2637
2518 2577 2579 2638
2519 2578 2580 2639
2520 2579 2640
2521 2582 2641
2522 2581 2583 2642
2523 2643
2524 2583 2585 2644
2525 2584 2645
2526 2585 2587 2646
2527 2586 2588 2647
2528 2587 2589
2529 2588 2649
2530 2589 2591 2650
2531 2590 2592 2651
2532 2591 2593
2533 2592 2594 2653
2534 2593 2595 2654
2535 2594 2596 2655
2595 2597 2656
2537 2596 2598 2657
2538 2597 2599 2658
2539 2598 2659
2540 2599 2601
2541 2600 2602 2661
2542 2601 2603
2543 2602 2604 2663
2544 2603 2605 2664
2545 2604 2606 2665
2605 2607
2547 2608 2667
2548 2607 2609 2668
2549 2610 2669
2550 2609 2611 2670
2551 2610 2671
2552 2611 2613 2672
2553 2612 2673
2554 2613 2615 2674
2555 2614 2675
2556 2615 2617 2676
2557 2616 2618 2677
2558 2617 2619 2678
2559 2618 2620 2679
2560 2619 2621 2680
2561 2620 2622 2681
2562 2621 2623
2563 2622 2624 2683
2564 2623 2625 2684
2565 2624 2685
2566 2625 2627 2686
2567 2626 2628 2687
2568 2627 2629 2688
2569 2628 2630 2689
2570 2629 2631 2690
2571 2630 2632 2691
2572 2631 2633 2692
2573 2693
2574 2633 2635 2694
2575 2636 2695
2576 2635 2637 2696
2577 2636 2638 2697
2578 2637 2639 2698
2579 2640 2699
2580 2639
2581 2642 2701
2582 2641 2702
2583 2642 2644 2703
2584 2645 2704
2585 2644 2646 2705
2586 2647 2706
2587 2646 2648 2707
2588 2708
2589 2648 2650 2709
2590 2651 2710
2650 2652 2711
2592 2651 2653 2712
2652 2654 2713
2594 2655 2714
2595 2654 2656 2715
2596 2655 2657 2716
2597 2656 2658 2717
2598 2657 2659 2718
2599 2658 2660 2719
2600 2659 2720
2660 2662 2721
2602 2661 2663 2722
2603 2662 2664
2604 2663 2665 2724
2605 2664 2666 2725
2606 2665 2667 2726
2607 2666 2668 2727
2608 2667 2669 2728
2609 2668 2670 2729
2610 2669 2671 2730
2611 2670 2672
2612 2671 2673 2732
2613 2672 2674
2614 2673 2675 2734
2615 2674 2676
2616 2675 2677 2736
2617 2676 2678
2618 2677 2738
2619 2678 2680 2739
2620 2679 2681 2740
2621 2680 2682 2741
2622 2681 2683 2742
2682 2684 2743
2624 2683 2685 2744
2625 2684 2686 2745
2626 2687 2746
2686 2688
2628 2687 2748
2629 2688 2690 2749
2630 2691 2750
2631 2690 2692 2751
2632 2691 2693 2752
2633 2692 2694 2753
2634 2693 2695 2754
2694 2696 2755
2636 2695 2697 2756
2637 2696 2698 2757
2638 2699 2758
2639 2698 2700 2759
2640 2699 2760
2641 2702 2761
2642 2701 2703 2762
2643 2704 2763
2644 2703 2705 2764
2645 2704 2765
2705 2707 2766
2647 2706 2708 2767
2707 2709 2768
2649 2708 2710 2769
2650 2709 2711 2770
2651 2710 2712 2771
2652 2711 2713 2772
2653 2712 2714 2773
2654 2713 2715 2774
2655 2714 2716 2775
2656 2715 2717 2776
2657 2716 2718 2777
2658 2717 2719
2659 2718 2720 2779
2719 2721
2661 2720 2722 2781
2662 2721 2723 2782
2663 2724 2783
2723 2725 2784
2665 2726 2785
2666 2725 2727 2786
2667 2726 2728 2787
2727 2729 2788
2669 2728 2730 2789
2729 2731 2790
2671 2730 2791
2672 2731 2733 2792
2673 2732 2793
2674 2733 2735 2794
2675 2734 2736 2795
2676 2735 2737 2796
2677 2736 2738 2797
2737 2739
2679 2738 2740 2799
2680 2739 2741 2800
2681 2740 2742 2801
2682 2741 2743 2802
2683 2742 2744 2803
2684 2743 2745 2804
2685 2744 2746 2805
2686 2745 2747
2687 2746 2807
2688 2747 2749 2808
2689 2750 2809
2749 2751 2810
2691 2750 2752 2811
2692 2751 2753
2693 2752 2754 2813
2694 2753 2755 2814
2695 2754 2756 2815
2696 2755 2757 2816
2697 2756 2758 2817
2757 2759 2818
2699 2758 2760 2819
2700 2759 2820
2701 2762 2821
2702 2761 2763 2822
2703 2762 2764
2704 2765 2824
2705 2764 2766 2825
2706 2765 2767 2826
2707 2766 2768 2827
2708 2767 2769 2828
2709 2768 2770 2829
2710 2769 2771 2830
2711 2770 2772 2831
2712 2771 2773 2832
2713 2772 2774 2833
2714 2773 2834
2715 2774 2776 2835
2716 2775 2836
2717 2776 2778 2837
2718 2777 2779 2838
2719 2778 2780 2839
2720 2779 2781 2840
2780 2782 2841
2722 2781 2783 2842
2723 2782 2784 2843
2724 2783 2785 2844
2725 2784 2786 2845
2726 2785 2787 2846
2727 2786 2788 2847
2728 2787 2789 2848
2729 2788 2790 2849
2730 2791 2850
2731 2790 2792
2732 2791 2793 2852
2733 2792 2794 2853
2734 2795 2854
2735 2794 2796 2855
2736 2795 2797 2856
2737 2796 2798 2857
2738 2797 2799 2858
2739 2798 2800 2859
2740 2860
2741 2800 2802 2861
2742 2801 2862
2743 2802 2804 2863
2744 2803 2805 2864
2745 2804 2806 2865
2746 2805 2866
2747 2806 2808 2867
2748 2809 2868
2749 2808 2810 2869
2750 2809 2811 2870
2810 2812 2871
2752 2813 2872
2753 2812 2814
2754 2874
2814 2816 2875
2756 2815 2817 2876
2757 2816 2818 2877
2758 2817 2878
2759 2818 2820
2760 2880
2761 2822 2881
2762 2821 2823
2763 2822 2824 2883
2764 2823 2825 2884
2765 2824 2826 2885
2766 2825 2827 2886
2767 2826 2828 2887
2768 2827 2829 2888
2769 2828 2830 2889
2770 2829 2831 2890
2771 2830 2832 2891
2772 2831 2833 2892
2773 2832 2834 2893
2774 2833 2835
2775 2834 2836 2895
2776 2835 2837 2896
2777 2836 2838 2897
2778 2837 2839 2898
2779 2838 2840 2899
2780 2839 2841 2900
2781 2840 2901
2782 2841 2843 2902
2783 2842 2903
2784 2843 2845 2904
2785 2844 2846 2905
2845 2847 2906
2787 2846 2848 2907
2788 2847 2849 2908
2789 2848 2850 2909
2849 2851 2910
2791 2852 2911
2792 2851 2853 2912
2793 2852 2913
2794 2853 2855
2795 2915
2796 2855 2857 2916
2797 2858 2917
2798 2857 2859
2799 2858 2860 2919
2800 2859 2861
2801 2860 2862 2921
2861 2863
2803 2862 2864 2923
2804 2863 2865 2924
2805 2864 2866 2925
2806 2865 2867 2926
2807 2866 2868 2927
2808 2867 2869 2928
2809 2870 2929
2810 2869 2871
2811 2870 2931
2871 2873
2813 2933
2814 2873 2875 2934
2815 2874 2876 2935
2816 2875 2877
2817 2876 2937
2818 2877 2879 2938
2819 2878 2880 2939
2820 2879 2940
2821 2882 2941
2822 2881 2883 2942
2823 2882 2884 2943
2824 2944
2825 2884 2886 2945
2826 2885 2946
2827 2886 2888
2828 2887 2889 2948
2829 2888 2890
2830 2889 2950
2831 2890 2892 2951
2832 2891 2893 2952
2833 2892 2894 2953
2834 2893 2895 2954
2835 2894 2896 2955
2836 2897 2956
2837 2896 2898
2838 2897 2958
2839 2898 2900 2959
2840 2899 2901 2960
2841 2900 2902
2842 2901 2903 2962
2843 2902 2904
2844 2903 2905 2964
2845 2904 2906 2965
2846 2905 2907 2966
2847 2906 2908 2967
2848 2907 2968
2849 2908 2910
2850 2911 2970
2851 2910 2912 2971
2852 2911 2913 2972
2912 2914 2973
2854 2913 2915 2974
2855 2914 2916 2975
2856 2915 2917 2976
2857 2916 2918 2977
2858 2917 2919 2978
2859 2918 2920 2979
2860 2919 2980
2920 2922 2981
2862 2921 2923 2982
2863 2922 2924 2983
2864 2923 2925 2984
2865 2924 2926 2985
2866 2925 2927 2986
2867 2926 2928
2868 2927 2929 2988
2869 2928 2930 2989
2870 2929 2931 2990
2930 2932
2872 2931 2992
2873 2932 2934 2993
2874 2933 2935 2994
2875 2934 2936
2876 2937 2996
2877 2936 2938 2997
2878 2937 2939 2998
2879 2938 2940 2999
2880 2939 3000
2881 2942 3001
2882 2941 2943 3002
2883 2942 2944 3003
2884 2943 2945
2885 2944 2946 3005
2886 2945 2947 3006
2887 2946 2948 3007
2888 2947 2949 3008
2889 2948 2950 3009
2890 2949 2951 3010
2891 2950 2952 3011
2951 2953 3012
2893 3013
2894 2953 2955 3014
2895 2956 3015
2896 2955 2957 3016
2897 2958 3017
2898 2957 2959 3018
2899 2958 3019
2900 2959 2961 3020
2901 2960 2962 3021
2961 2963 3022
2903 2962 2964 3023
2904 2963 2965 3024
2905 2966 3025
2906 2965 2967 3026
2907 2966 2968 3027
2908 2967 2969 3028
2909 2968 2970 3029
2910 2969 2971 3030
2911 2970 3031
2912 2971 2973 3032
2913 2972 2974 3033
2914 2973 2975 3034
2915 2974 2976 3035
2916 2975 2977 3036
2917 2976 2978 3037
2918 2977 2979 3038
2919 2978 2980 3039
2920 2979 2981 3040
2921 2980 2982 3041
2922 2981 2983 3042
2923 2982 2984 3043
2924 2983 2985
2925 3045
2926 2985 2987 3046
2927 2988 3047
2928 2987 2989 3048
2929 2988 2990 3049
2930 2989 2991
2931 2990 3051
2932 2991 2993 3052
2933 2992 2994 3053
2934 2993 2995 3054
2935 2996 3055
2936 2995 2997
2937 3057
2938 2997 2999 3058
2939 2998 3000 3059
2940 2999 3060
2941 3002 3061
2942 3003 3062
3002 3004 3063
2944 3003 3064
2945 3004 3006 3065
2946 3005 3007 3066
2947 3006 3008 3067
2948 3007 3009 3068
2949 3008 3010 3069
2950 3009 3070
2951 3010 3012 3071
2952 3011 3072
3012 3014
2954 3013 3015 3074
3014 3016 3075
2956 3015 3017 3076
3016 3018 3077
2958 3017 3019 3078
2959 3018 3020 3079
2960 3019 3021 3080
2961 3020 3022 3081
2962 3021 3082
3022 3024 3083
2964 3023 3025 3084
2965 3024 3026 3085
2966 3025 3027 3086
2967 3026 3028 3087
2968 3027 3029 3088
2969 3028 3030 3089
2970 3029 3090
3030 3032
2972 3031 3033 3092
3032 3034 3093
2974 3033 3035 3094
2975 3034 3036 3095
2976 3037 3096
2977 3036 3038 3097
2978 3037 3039 3098
3038 3040 3099
2980 3041 3100
2981 3040 3042 3101
2982 3041 3102
2983 3042 3044
2984 3043 3045 3104
2985 3044 3046
2986 3106
3046 3048 3107
2988 3047 3049 3108
2989 3048 3050 3109
2990 3049 3051 3110
2991 3050 3052 3111
2992 3112
2993 3052 3054
2994 3053 3055 3114
2995 3054 3056 3115
2996 3057 3116
2997 3056 3058 3117
2998 3057 3118
2999 3058 3060 3119
3000 3120
3001 3062 3121
3002 3061 3063 3122
3003 3062 3064 3123
3004 3063 3065 3124
3005 3064 3125
3065 3067 3126
3007 3068 3127
3008 3067 3069
3009 3068 3070 3129
3069 3071 3130
3011 3070 3072 3131
3071 3073 3132
3013 3072 3074 3133
3073 3075 3134
3015 3074 3076 3135
3016 3075 3077
3017 3076 3078 3137
3018 3077 3079 3138
3019 3078 3080 3139
3079 3081 3140
3021 3080 3082 3141
3081 3083 3142
3023 3084 3143
3083 3085
3025 3086 3145
3026 3085 3087
3027 3086 3088 3147
3028 3087 3089
3029 3090 3149
3030 3089 3091 3150
3031 3090 3151
3032 3091 3093 3152
3033 3092 3153
3034 3093 3095 3154
3035 3094 3096 3155
3095 3097 3156
3037 3098 3157
3097 3099 3158
3039 3098 3100 3159
3040 3099 3101 3160
3041 3100 3102 3161
3042 3101 3103
3043 3102 3163
3103 3105 3164
3045 3104 3106 3165
3046 3105 3107 3166
3047 3106 3108 3167
3048 3107 3109 3168
3049 3108 3110 3169
3050 3109 3111
3051 3110 3112 3171
3052 3111 3113
3053 3112 3114 3173
3054 3113 3115
3055 3114 3116 3175
3056 3115 3117 3176
3057 3177
3058 3117 3119 3178
3059 3179
3060 3119 3180
3061 3122 3181
3062 3121 3123 3182
3122 3124 3183
3064 3123 3125 3184
3065 3124 3126 3185
3066 3125 3127 3186
3067 3126 3128 3187
3068 3127 3129 3188
3069 3128 3130 3189
3070 3190
3071 3130 3132 3191
3072 3131 3133 3192
3132 3134 3193
3074 3135 3194
3075 3134 3136 3195
3076 3135 3137 3196
3077 3136 3138 3197
3078 3137 3139 3198
3079 3138 3140 3199
3080 3139 3141 3200
3081 3140 3142
3082 3143 3202
3083 3142 3144 3203
3084 3143 3145 3204
3085 3144 3146 3205
3086 3206
3146 3148 3207
3088 3147 3149 3208
3089 3148 3150 3209
3090 3151 3210
3091 3150 3152
3092 3212
3093 3152 3154 3213
3094 3153 3155 3214
3095 3154 3156 3215
3096 3157 3216
3097 3156 3158
3098 3157 3159 3218
3158 3160 3219
3100 3161 3220
3101 3160 3162
3102 3161 3163 3222
3103 3162 3164 3223
3104 3163 3165 3224
3105 3164 3166 3225
3106 3165 3167 3226
3107 3166 3168 3227
3108 3167 3169 3228
3168 3170 3229
3110 3169 3171 3230
3111 3170 3172 3231
3112 3232
3113 3172 3174 3233
3114 3173 3175 3234
3115 3174 3176 3235
3116 3177 3236
3117 3176 3178 3237
3118 3179 3238
3178 3180 3239
3120 3240
3121 3182 3241
3122 3181 3183 3242
3123 3182 3243
3124 3183 3185 3244
3125 3184 3186 3245
3126 3185 3187 3246
3127 3247
3187 3189 3248
3129 3188 3190 3249
3130 3189 3191
3131 3190 3192 3251
3132 3191 3193 3252
3133 3192 3194 3253
3193 3195 3254
3135 3194 3196 3255
3136 3195 3197 3256
3137 3196 3198 3257
3138 3197 3199 3258
3139 3200 3259
3140 3199 3201 3260
3141 3200 3202 3261
3142 3201 3203
3143 3204 3263
3144 3203 3205 3264
3145 3204 3206 3265
3146 3205 3207
3147 3206 3208 3267
3148 3207 3209 3268
3149 3208 3210 3269
3209 3211
3151 3210 3212 3271
3152 3211 3213
3153 3212 3273
3154 3213 3215 3274
3155 3214 3216 3275
3156 3215 3217 3276
3157 3216 3218 3277
3158 3217 3219 3278
3159 3218 3220 3279
3219 3221 3280
3161 3220 3281
3162 3221 3223 3282
3163 3222 3224 3283
3223 3225 3284
3165 3224 3226 3285
3166 3225 3227 3286
3167 3226 3287
3168 3227 3229
3169 3228 3289
3170 3229 3231 3290
3171 3232 3291
3172 3231 3233 3292
3173 3232 3234 3293
3174 3233 3235 3294
3175 3234 3295
3176 3235 3237 3296
3177 3238 3297
3178 3237 3239 3298
3179 3238 3299
3239 3300
3181 3242
3182 3241 3243 3302
3183 3242 3244 3303
3184 3243 3245 3304
3185 3244 3246 3305
3186 3245 3247 3306
3187 3246 3248 3307
3188 3247 3308
3189 3248 3250 3309
3190 3249 3251 3310
3250 3252 3311
3192 3251 3253 3312
3193 3252 3254 3313
3194 3253 3255 3314
3195 3254 3256 3315
3196 3257 3316
3197 3256 3258 3317
3198 3318
3199 3258 3260 3319
3200 3261 3320
3201 3260 3262
3202 3261 3322
3262 3264 3323
3204 3263 3324
3264 3266 3325
3206 3265 3267 3326
3207 3266 3268 3327
3208 3267 3328
3209 3268 3270 3329
3210 3269 3271 3330
3211 3270 3272 3331
3212 3271 3332
3213 3272 3274 3333
3214 3273 3275 3334
3215 3274 3276 3335
3216 3277 3336
3217 3276 3278 3337
3218 3277 3279 3338
3278 3280 3339
3220 3279 3340
3221 3280 3282 3341
3222 3281 3283 3342
3223 3282 3284 3343
3224 3283 3285 3344
3225 3284 3286 3345
3226 3285 3287 3346
3227 3286 3288 3347
3228 3289 3348
3288 3290 3349
3230 3291 3350
3290 3292 3351
3232 3291 3293 3352
3233 3292 3294 3353
3234 3293 3295 3354
3235 3294 3296 3355
3236 3295 3356
3237 3296 3298 3357
3238 3297 3299 3358
3239 3298 3300
3240 3299 3360
3241 3302 3361
3242 3301 3303 3362
3243 3304 3363
3244 3303 3305 3364
3245 3304 3306 3365
3305 3307 3366
3247 3306 3308 3367
3248 3307 3309
3249 3308 3369
3250 3309 3311 3370
3251 3310 3312 3371
3252 3311 3313 3372
3253 3314 3373
3254 3313 3315 3374
3255 3314 3316 3375
3256 3315 3317 3376
3257 3318 3377
3258 3317 3319
3259 3379
3319 3321 3380
3261 3322 3381
3262 3321 3323 3382
3263 3322 3383
3323 3325 3384
3265 3324 3326 3385
3266 3325 3327 3386
3267 3326 3328 3387
3268 3327 3329 3388
3269 3328 3330 3389
3270 3329 3331 3390
3271 3391
3331 3333 3392
3273 3332 3334 3393
3274 3333 3335 3394
3275 3395
3276 3335 3337 3396
3277 3338 3397
3278 3337 3339 3398
3279 3338 3340 3399
3280 3339 3341
3281 3340 3342 3401
3341 3343 3402
3283 3342 3344 3403
3284 3343 3345 3404
3285 3344 3346 3405
3286 3345 3347
3287 3348 3407
3347 3349
3289 3348 3409
3290 3349 3351 3410
3291 3350 3352 3411
3292 3351 3353 3412
3293 3354 3413
3353 3355 3414
3295 3354 3356 3415
3355 3357
3297 3356 3358 3417
3357 3359 3418
3299 3358 3360 3419
3300 3359 3420
3301 3362 3421
3302 3361 3363 3422
3303 3362 3364 3423
3304 3363 3365 3424
3305 3364 3366
3306 3365 3367 3426
3366 3368 3427
3308 3367 3369 3428
3309 3368 3370 3429
3310 3369 3371 3430
3311 3370 3372
3312 3371 3432
3372 3374 3433
3314 3373 3375 3434
3374 3376 3435
3316 3375 3436
3317 3376 3378
3318 3377 3438
3319 3378 3380 3439
3320 3379 3381 3440
3380 3382 3441
3322 3383 3442
3323 3382 3384 3443
3324 3383 3385 3444
3325 3384 3386 3445
3326 3385 3446
3386 3388 3447
3328 3389 3448
3329 3388 3390 3449
3330 3391 3450
3331 3390 3392 3451
3332 3393 3452
3333 3392 3394 3453
3334 3393 3395 3454
3335 3394 3396 3455
3336 3395 3397 3456
3337 3396 3398 3457
3338 3397 3399 3458
3339 3398 3400
3340 3399 3401 3460
3341 3400 3402 3461
3342 3462
3343 3402 3404 3463
3344 3403 3405 3464
3404 3406 3465
3346 3405 3407 3466
3347 3406 3408 3467
3348 3407 3409 3468
3349 3408 3410 3469
3350 3409 3411 3470
3351 3410 3412 3471
3352 3413 3472
3353 3412 3414 3473
3354 3413 3474
3355 3414 3416 3475
3356 3415 3417 3476
3357 3416 3418 3477
3358 3419 3478
3418 3420
3360 3419 3480
3361 3422 3481
3362 3421 3423 3482
3363 3422 3424 3483
3364 3423 3425 3484
3365 3424 3426 3485
3366 3425 3427
3367 3426 3428 3487
3368 3427 3429 3488
3369 3428 3430 3489
3370 3429 3431 3490
3371 3432 3491
3372 3431 3433 3492
3373 3432 3434 3493
3374 3433 3435 3494
3375 3434 3436 3495
3376 3435 3437 3496
3377 3436 3438 3497
3378 3437 3439 3498
3379 3438 3440 3499
3380 3439 3441 3500
3381 3440 3442 3501
3382 3441 3443
3383 3442 3444 3503
3384 3443 3445
3385 3444 3446 3505
3445 3447 3506
3387 3446 3448 3507
3388 3447 3449
3389 3450 3509
3390 3449 3451 3510
3391 3450 3452 3511
3392 3451 3453 3512
3393 3452 3513
3453 3455 3514
3395 3454 3515
3396 3455 3457 3516
3397 3456 3517
3398 3457 3459 3518
3399 3458 3519
3400 3459 3461 3520
3401 3460 3462 3521
3402 3461 3463 3522
3403 3462 3464 3523
3404 3463 3465
3405 3525
3406 3465 3467
3407 3466 3468 3527
3408 3467 3469 3528
3409 3468 3470 3529
3410 3469 3471 3530
3411 3470 3472 3531
3412 3471 3473 3532
3413 3472 3474 3533
3414 3473 3475 3534
3415 3535
3416 3475 3477 3536
3417 3476 3478 3537
3418 3477 3479 3538
3419 3478 3480 3539
3479 3540
3421 3482 3541
3422 3481 3483 3542
3423 3482 3484 3543
3424 3544
3425 3484 3486
3426 3485 3487 3546
3427 3486 3488 3547
3428 3487 3489 3548
3429 3488 3490 3549
3430 3489 3491 3550
3490 3492 3551
3432 3491 3493 3552
3433 3492 3494 3553
3434 3495 3554
3435 3494 3496 3555
3436 3495 3497 3556
3437 3496 3498 3557
3438 3497 3499 3558
3498 3500
3440 3499 3501 3560
3441 3500 3502 3561
3442 3562
3443 3502 3504
3444 3564
3445 3504 3506 3565
3446 3505 3507 3566
3447 3506 3508 3567
3448 3507 3509 3568
3508 3510 3569
3450 3509 3511 3570
3451 3510 3512 3571
3452 3511 3572
3512 3514 3573
3454 3513 3574
3455 3514 3516
3456 3515 3576
3457 3516 3518 3577
3458 3517 3519 3578
3459 3518 3520 3579
3460 3519 3521 3580
3461 3520 3522 3581
3462 3521 3523 3582
3522 3524 3583
3464 3525 3584
3465 3524 3526 3585
3466 3525 3527 3586
3467 3526 3528 3587
3468 3527 3529 3588
3469 3528 3530 3589
3470 3529 3590
3471 3530 3532
3472 3531 3533 3592
3473 3532 3534 3593
3474 3533 3535 3594
3475 3534 3536
3476 3535 3596
3477 3536 3538 3597
3478 3537 3539 3598
3479 3538 3540 3599
3480 3539 3600
3481 3542
3482 3541 3543
3483 3542 3544
3484 3543 3545
3485 3544 3546
3486 3545 3547
3487 3546 3548
3488 3547 3549
3489 3548
3490 3549 3551
3491 3550 3552
3551 3553
3493 3552 3554
3494 3553 3555
3495 3554 3556
3496 3555 3557
3497 3558
3498 3557 3559
3499 3560
3500 3559 3561
3501 3562
3561 3563
3503 3562
3504 3563 3565
3505 3566
3506 3565 3567
3507 3566 3568
3508 3567 3569
3509 3568 3570
3510 3569 3571
3511 3572
3512 3571 3573
3513 3572
3514 3573 3575
3515 3574 3576
3516 3575 3577
3517 3576 3578
3577 3579
3519 3580
3520 3579 3581
3521 3582
3522 3581 3583
3523 3582 3584
3524 3583 3585
3525 3584 3586
3526 3585 3587
3527 3586
3528 3587 3589
3529 3588 3590
3589 3591
3531 3592
3532 3591 3593
3533 3592 3594
3534 3593 3595
3535 3594 3596
3536 3595 3597
3537 3596 3598
3597 3599
3539 3598 3600
3540 3599
