5476 14559 0
2
1 3 76
2 4 77
78
4 6
5 7 80
6 8
82
8 10
11 84
10 12 85
86
12 14
88
14 16 89
15 17 90
16 18 91
19 92
18 20
94
20 22 95
96
22 24 97
98
24 26
25 100
26 28 101
102
28 30
104
30 32
33 106
32 34
33 108
34 36 109
35 110
36 38 111
112
38 40
114
40 42
41 43 116
42 44
118
44 46 119
120
46 48
122
48 50
124
50 52 125
53 126
52 54
128
54 56
130
56 58 131
132
58 60
61 134
60 62
61 136
62 64
138
64 66 139
65 67 140
66 68
67 69 142
68 70
69 71 144
70 72 145
73 146
72 74
148
1 149
2 75 77
3 151
4 77 79
5 80 153
79 81 154
7 80 82 155
81 83 156
9 82 84 157
83 85
11 84 86 159
85 87
13 161
14 87 89
15 163
89 91 164
17 165
18 91 93 166
19 167
93 95
21 96 169
95 97 170
23 171
97 99 172
25 173
99 101
27 175
101 103 176
29 102 177
103 105
31 179
105 107 180
33 181
34 107 109 182
35 108 183
109 111 184
37 112 185
111 113
39 187
40 113 115
41 116 189
42 115 117
43 116 191
44 117 119
45 118 193
46 119 121
47 122 195
121 123 196
49 122 197
50 123 125
51 199
125 127 200
53 126 201
127 129
55 203
129 131 204
57 130 132 205
58 131 133
59 207
60 133 135
61 209
135 137
63 211
137 139
65 140 213
139 141
67 215
141 143
69 144 217
143 145
71 144 219
72 145 147
73 146 148 221
147
150 223
76 224
150 152
78 153 226
152 154 227
80 155 228
81 154 156
82 230
156 158 231
84 232
158 160 233
86 159 234
87 160 162 235
88 161 236
89 162 164
90 238
164 166
92 167 240
166 168
94 169 242
95 168 170 243
96 169 244
170 172 245
98 171 173 246
99 172 174 247
100 173 248
174 176 249
102 250
176 178
104 252
178 180 253
106 181 254
180 182 255
108 181 183 256
182 184
110 183 185 258
184 186 259
112 260
186 188
114 262
188 190
116 191 264
190 192
118 191 266
192 194 267
120 268
194 196
122 270
196 198
124 272
125 198 200
126 274
127 200 202
128 276
202 204
130 278
204 206
132 207 280
206 208
134 207 209 282
208 210 283
136 209 284
210 212
138 213 286
212 214 287
140 288
141 214 216 289
142 217 290
216 218 291
144 219 292
218 220
146 294
147 220 222
148 221 296
149 297
223 225 298
151 226 299
225 227
153 301
227 229
155 228 303
229 231 304
157 305
231 233
159 307
233 235
161 309
235 237
163 311
164 237 239
165 313
239 241 314
167 240 315
241 243
169 317
243 245
171 319
245 247
173 321
247 249
175 250 323
249 251
177 252 325
178 251 253 326
179 252 327
253 255
181 254 329
182 255 257 330
183 256 258 331
257 259 332
185 258 260 333
259 261
187 262 335
261 263 336
189 262 337
263 265 338
191 339
265 267
193 268 341
194 267 269
195 343
269 271
197 345
271 273
199 347
200 273 275
201 349
275 277
203 351
277 279 352
205 280 353
206 279 281
207 280 355
281 283
209 357
210 283 285 358
211 359
212 285 287
213 361
287 289
215 288 363
289 291 364
217 290 365
291 293 366
219 292 294 367
293 295 368
221 296 369
295 370
223 298
224 299 372
298 300 373
226 374
300 302 375
228 301 376
302 304 377
230 378
231 304 306 379
232 307 380
306 308 381
234 307 382
235 308 310
236 384
237 310 312
238 313 386
312 314
240 315 388
241 314 316
242 315 317 390
243 316 318
244 392
318 320
246 319 394
247 320 322 395
248 321 323 396
322 324 397
250 398
251 324 326 399
252 325 400
326 328
254 327 329 402
328 330
256 331 404
257 330 332 405
258 333 406
332 334 407
260 408
334 336
262 335 410
336 338
264 412
338 340
266 341 414
340 342
268 341 416
342 344
270 343 345 418
271 344 346
272 347 420
346 348 421
274 422
275 348 350 423
276 349 351 424
277 350 352
278 426
279 352 354 427
280 353 355 428
281 354 356 429
282 430
283 356 358
284 359 432
358 360
286 359 434
287 360 362
288 436
362 364
290 363 438
291 364 366
292 365 440
366 368
294 442
368 370
296 444
297 372 445
298 371 373
299 447
373 375
301 449
375 377
303 451
377 379
305 380 453
306 379 381 454
307 455
308 381 383
309 382 457
310 383 385
311 384 386 459
385 387
313 386 461
314 387 389
315 463
389 391 464
317 392 465
318 391 393
319 467
320 393 395
321 394 396 469
395 397
323 396 398 471
397 399 472
325 400 473
399 401
327 400 475
401 403 476
329 402 477
403 405
331 404 406 479
405 407 480
333 408 481
407 409 482
335 483
409 411
337 485
411 413
339 487
413 415
341 489
415 417
343 416 491
344 417 419 492
345 493
419 421
347 422 495
421 423
349 424 497
423 425
351 424 426 499
425 427 500
353 501
354 427 429 502
355 503
429 431
357 505
358 431 433 506
359 507
433 435
361 434 509
362 435 437
363 511
437 439 512
365 438 440 513
439 441
367 442 515
368 441 443
369 442 517
443
371 446 519
372 445 520
446 448 521
374 447 522
448 450
376 524
377 450 452
378 526
379 452 454
380 528
454 456
382 530
456 458 531
384 459 532
458 460
386 534
460 462
388 536
389 462 464
390 538
391 464 466 539
392 465 467 540
466 468 541
394 467 542
395 468 470 543
396 469 544
397 470 472 545
398 471 546
472 474
400 475 548
401 474 476
402 475 477 550
476 478 551
404 479 552
405 478 480 553
406 479 554
480 482 555
408 556
482 484 557
410 483 558
484 486
412 487 560
413 486 488 561
414 562
415 488 490
416 489 564
490 492
418 491 493 566
492 494
420 568
494 496
422 570
496 498 571
424 499 572
498 500 573
426 574
427 500 502
428 503 576
502 504
430 503 578
504 506
432 505 580
433 506 508 581
434 582
508 510
436 584
510 512
438 511 586
512 514
440 588
514 516 589
442 515 590
443 516 518 591
444 517 592
445 520 593
446 519 521 594
447 595
521 523 596
449 524 597
450 523 525
451 526 599
525 527
453 528 601
454 527 529
455 528 603
529 531 604
457 530 605
531 533 606
459 532 607
533 535
461 609
535 537 610
463 611
537 539
465 613
539 541 614
467 615
468 541 543
469 617
543 545
471 544 619
545 547 620
473 546 621
547 549
475 550 623
476 549 551 624
477 625
551 553 626
479 627
480 553 555
481 554 629
555 557 630
483 631
557 559
485 633
486 559 561
487 560 635
561 563
489 564 637
563 565 638
491 564 639
492 565 567
493 566 568 641
567 569
495 643
569 571
497 570 645
498 571 573
499 572 647
573 575
501 649
575 577 650
503 578 651
577 579
505 580 653
579 581 654
507 655
508 581 583 656
509 657
583 585
511 586 659
512 585 587
513 586 661
587 589 662
515 663
589 591
517 592 665
518 591
594 667
520 668
521 594 596
522 595 670
596 598
524 597 672
598 600
526 599 601 674
600 602
528 676
602 604 677
530 678
531 604 606
532 605 607 680
606 608
534 607 682
535 608 610
536 609 684
610 612
538 611 613 686
612 614 687
540 688
541 614 616
542 615 690
616 618
544 617 692
618 620 693
546 694
620 622
548 621 696
622 624 697
550 623 698
551 624 626 699
552 700
626 628 701
554 702
555 628 630
556 704
630 632
558 631 706
632 634 707
560 635 708
561 634 636
562 635 637 710
636 638
564 712
638 640
566 641 714
640 642 715
568 716
642 644 717
570 645 718
644 646 719
572 645 720
646 648
574 649 722
648 650 723
576 649 651 724
650 652 725
578 726
652 654
580 728
581 654 656
582 655 657 730
656 658
584 732
658 660 733
586 659 661 734
660 662
588 663 736
662 664
590 738
591 664 666
592 740
593 741
667 669 742
595 670 743
669 671 744
597 670 745
598 671 673
599 747
673 675
601 749
675 677 750
603 678 751
677 679
605 753
606 679 681 754
607 755
608 681 683 756
609 682 757
683 685
611 684 686 759
612 685 687
613 686 761
687 689
615 763
689 691 764
617 690 765
691 693
619 692 767
693 695 768
621 696 769
695 697
623 771
697 699
625 773
699 701 774
627 702 775
628 701 703
629 704 777
703 705
631 779
705 707 780
633 706 781
707 709
635 710 783
709 711
637 785
711 713
639 714 787
713 715
641 789
715 717
643 718 791
717 719 792
645 793
719 721
647 720 795
721 723 796
649 722 797
650 723 725 798
651 799
652 725 727
653 728 801
727 729 802
655 728 803
729 731
657 730 805
731 733 806
659 807
733 735
661 736 809
735 737
663 738 811
737 739
665 813
666 739
667 742
668 816
742 744 817
670 745 818
744 746
672 747 820
746 748
674 747 822
748 750
676 824
677 750 752
678 826
679 752 754
680 753 828
754 756 829
682 830
756 758
684 832
758 760
686 834
760 762 835
688 763 836
689 762 764
690 763 838
764 766
692 765 840
766 768
694 842
768 770
696 769 771 844
770 772 845
698 773 846
772 774
700 775 848
774 776
702 850
776 778
704 852
778 780
706 779 781 854
780 782
708 783 856
782 784
710 858
784 786
712 860
786 788
714 862
788 790 863
716 864
790 792
718 866
719 792 794
720 795 868
794 796
722 795 870
723 796 798 871
724 799 872
725 798 800 873
726 874
727 800 802
728 801 803 876
802 804
730 878
731 804 806
732 805 880
806 808
734 809 882
808 810
736 884
737 810 812
738 886
739 812 814
740 888
741 889
742 815 817
743 891
817 819
745 893
819 821 894
747 895
821 823 896
749 897
750 823 825
751 824 826 899
752 825 827
753 901
827 829
755 828 903
829 831 904
757 830 905
831 833 906
759 834 907
833 835
761 909
762 835 837 910
763 911
764 837 839 912
765 913
839 841 914
767 915
841 843 916
769 844 917
770 843 845
771 919
845 847
773 848 921
847 849
775 848 850 923
776 849 851 924
777 925
851 853
779 927
853 855
781 929
855 857
783 856 931
857 859
785 933
859 861
787 860 935
861 863
789 937
790 863 865
791 864 939
865 867
793 868 941
867 869
795 943
869 871 944
797 870 945
798 871 873
799 874 947
873 875
801 874 949
875 877
803 876 951
804 877 879
805 878 880 953
806 879 881
807 880 955
881 883
809 882 884 957
810 883 885
811 959
885 887 960
813 886 961
887 962
890 963
816 889 891 964
890 892 965
818 891 966
819 892 894
820 968
894 896 969
822 897 970
896 898 971
824 899 972
898 900 973
826 974
900 902
828 903 976
902 904 977
830 903 978
904 906
832 907 980
906 908 981
834 907 909 982
908 910
836 984
837 910 912 985
838 913 986
912 914 987
840 913 988
841 914 916
842 917 990
916 918
844 919 992
918 920
846 919 994
920 922
848 923 996
922 924 997
850 998
924 926
852 927 1000
926 928
854 929 1002
928 930
856 929 931 1004
930 932
858 933 1006
932 934
860 1008
861 934 936 1009
862 1010
863 936 938 1011
864 1012
938 940
866 1014
867 940 942 1015
868 941 943 1016
942 944
870 945 1018
944 946
872 1020
946 948
874 947 1022
875 948 950
876 1024
877 950 952
878 953 1026
879 952 954
880 953 1028
881 954 956 1029
882 955 957 1030
956 958
884 957 1032
885 958 960
886 1034
960 962 1035
888 961 1036
889 1037
963 965
891 1039
892 965 967
893 1041
894 967 969
895 970 1043
896 969 971 1044
897 1045
898 971 973
899 972 1047
900 973 975 1048
901 1049
902 975 977
903 1051
977 979
905 1053
979 981 1054
907 982 1055
981 983
909 1057
983 985
911 986 1059
985 987
913 1061
914 987 989
915 990 1063
989 991
917 990 1065
918 991 993 1066
919 994 1067
993 995
921 994 1069
922 995 997
923 998 1071
997 999
925 998 1000 1073
926 999 1001
927 1002 1075
928 1001 1003 1076
929 1077
1003 1005 1078
931 1006 1079
1005 1007
933 1081
1007 1009 1082
935 1010 1083
936 1009 1011 1084
937 1085
1011 1013
939 1087
1013 1015 1088
941 1089
1015 1017
943 1016 1018 1091
944 1017 1019 1092
945 1093
1019 1021 1094
947 1095
948 1021 1023 1096
949 1022 1097
1023 1025 1098
951 1024 1026 1099
1025 1027 1100
953 1101
1027 1029
955 1103
1029 1031
957 1105
958 1031 1033
959 1107
1033 1035
961 1109
962 1035 1110
1038
964 1039 1112
1038 1040 1113
966 1039 1114
967 1040 1042
968 1041 1043 1116
1042 1044
970 1118
1044 1046
972 1045 1120
973 1046 1048 1121
974 1047 1122
975 1048 1050
976 1124
1050 1052
978 1126
979 1052 1054
980 1128
981 1054 1056
982 1130
1056 1058
984 1132
1058 1060
986 1134
1060 1062
988 1061 1136
1062 1064 1137
990 1065 1138
1064 1066 1139
992 1140
1066 1068
994 1067 1142
995 1068 1070 1143
996 1071 1144
1070 1072
998 1071 1146
1072 1074
1000 1148
1001 1074 1076 1149
1002 1150
1003 1076 1078
1004 1079 1152
1005 1078 1080
1006 1079 1081 1154
1080 1082 1155
1008 1156
1009 1082 1084
1010 1083 1085 1158
1084 1086 1159
1012 1085 1087 1160
1086 1088 1161
1014 1089 1162
1088 1090 1163
1016 1164
1090 1092 1165
1018 1091 1166
1092 1094 1167
1020 1168
1094 1096 1169
1022 1097 1170
1023 1096 1098 1171
1024 1172
1098 1100 1173
1026 1099 1174
1100 1102
1028 1103 1176
1102 1104
1030 1178
1104 1106
1032 1180
1106 1108
1034 1182
1108 1110 1183
1036 1109 1184
1037 1185
1038 1111 1113 1186
1039 1112 1114 1187
1113 1115
1041 1189
1115 1117
1043 1116 1191
1044 1117 1119
1045 1193
1046 1119 1121
1047 1120 1195
1048 1121 1123
1049 1197
1050 1123 1125
1051 1199
1125 1127 1200
1053 1126 1128 1201
1054 1127 1129
1055 1128 1130 1203
1056 1129 1131
1057 1205
1058 1131 1133 1206
1059 1207
1133 1135
1061 1136 1209
1135 1137 1210
1063 1211
1064 1137 1139
1065 1138 1140 1213
1139 1141
1067 1215
1141 1143
1069 1217
1143 1145 1218
1071 1146 1219
1072 1145 1147
1073 1221
1147 1149 1222
1075 1148 1223
1149 1151 1224
1077 1152 1225
1151 1153 1226
1079 1227
1153 1155 1228
1081 1229
1155 1157
1083 1158 1231
1084 1157 1159 1232
1085 1233
1159 1161
1087 1235
1161 1163
1089 1164 1237
1163 1165
1091 1164 1166 1239
1165 1167
1093 1241
1167 1169
1095 1170 1243
1169 1171
1097 1245
1171 1173 1246
1099 1172 1174 1247
1173 1175
1101 1249
1175 1177
1103 1251
1177 1179
1105 1178 1180 1253
1106 1179 1181
1107 1182 1255
1108 1181 1183
1109 1257
1110 1183
1186
1112 1187 1260
1186 1188
1114 1187 1189 1262
1188 1190 1263
1116 1191 1264
1190 1192 1265
1118 1193 1266
1119 1192 1194
1120 1268
1194 1196 1269
1122 1270
1123 1196 1198 1271
1124 1272
1125 1198 1200
1126 1199 1274
1127 1200 1202
1128 1203 1276
1202 1204 1277
1130 1205 1278
1204 1206 1279
1132 1280
1206 1208
1134 1282
1208 1210
1136 1284
1137 1210 1212
1138 1286
1212 1214
1140 1288
1141 1214 1216
1142 1217 1290
1216 1218 1291
1144 1292
1218 1220
1146 1221 1294
1220 1222 1295
1148 1223 1296
1222 1224 1297
1150 1225 1298
1224 1226
1152 1300
1153 1226 1228 1301
1154 1227 1302
1228 1230 1303
1156 1231 1304
1157 1230 1232
1158 1231 1306
1232 1234 1307
1160 1235 1308
1234 1236 1309
1162 1237 1310
1163 1236 1238 1311
1164 1312
1238 1240
1166 1239 1241 1314
1240 1242
1168 1316
1169 1242 1244 1317
1170 1245 1318
1244 1246
1172 1247 1320
1246 1248
1174 1247 1249 1322
1175 1248 1250 1323
1176 1251 1324
1250 1252
1178 1253 1326
1179 1252 1254 1327
1180 1328
1254 1256
1182 1330
1183 1256 1258 1331
1184 1332
1185 1333
1259 1261 1334
1187 1262 1335
1188 1261 1263 1336
1189 1264 1337
1263 1265
1191 1339
1265 1267 1340
1193 1268 1341
1267 1269
1195 1343
1269 1271 1344
1197 1345
1198 1271 1273
1199 1347
1200 1273 1275 1348
1201 1349
1275 1277
1203 1351
1204 1277 1279 1352
1205 1278 1353
1279 1281 1354
1207 1355
1281 1283
1209 1357
1210 1283 1285 1358
1211 1284 1286 1359
1285 1287
1213 1286 1361
1287 1289
1215 1363
1289 1291 1364
1217 1292 1365
1291 1293 1366
1219 1294 1367
1293 1295
1221 1369
1222 1295 1297 1370
1223 1371
1224 1297 1299 1372
1225 1300 1373
1299 1301
1227 1300 1375
1228 1301 1303
1229 1304 1377
1303 1305
1231 1379
1232 1305 1307 1380
1233 1306 1381
1307 1309 1382
1235 1310 1383
1309 1311
1237 1312 1385
1311 1313 1386
1239 1314 1387
1240 1313 1315 1388
1241 1316 1389
1315 1317
1243 1391
1244 1317 1319 1392
1245 1393
1246 1319 1321
1247 1320 1395
1321 1323 1396
1249 1322 1397
1323 1325 1398
1251 1399
1325 1327
1253 1328 1401
1327 1329
1255 1328 1403
1329 1331
1257 1330 1405
1331
1334
1260 1335 1408
1261 1334 1336 1409
1262 1335 1337 1410
1336 1338
1264 1339 1412
1338 1340 1413
1266 1414
1267 1340 1342
1268 1416
1342 1344
1270 1345 1418
1344 1346
1272 1420
1273 1346 1348 1421
1274 1349 1422
1348 1350
1276 1349 1424
1277 1350 1352
1278 1426
1352 1354
1280 1428
1281 1354 1356
1282 1355 1357 1430
1356 1358 1431
1284 1432
1358 1360
1286 1361 1434
1360 1362 1435
1288 1436
1362 1364 1437
1290 1363 1365 1438
1364 1366 1439
1292 1365 1440
1366 1368 1441
1294 1369 1442
1368 1370
1296 1369 1444
1297 1370 1372 1445
1298 1371 1446
1372 1374
1300 1448
1301 1374 1376
1302 1450
1303 1376 1378 1451
1304 1377 1452
1305 1378 1380 1453
1306 1454
1380 1382
1308 1456
1382 1384
1310 1458
1384 1386
1312 1460
1386 1388
1314 1387 1462
1315 1388 1390 1463
1316 1389 1391 1464
1390 1392
1318 1466
1392 1394
1320 1393 1395 1468
1394 1396
1322 1470
1396 1398
1324 1472
1325 1398 1400
1326 1474
1400 1402
1328 1401 1476
1329 1402 1404
1330 1405 1478
1331 1404 1406
1332 1405 1480
1333 1481
1334 1407 1409 1482
1335 1410 1483
1409 1411
1337 1410 1485
1411 1413 1486
1339 1414 1487
1340 1413 1415 1488
1341 1414 1489
1342 1415 1417
1343 1418 1491
1344 1417 1419
1345 1420 1493
1346 1419 1421
1347 1420 1495
1348 1421 1423
1349 1497
1350 1423 1425
1351 1424 1499
1352 1425 1427
1353 1501
1354 1427 1429
1355 1503
1356 1429 1431
1357 1505
1358 1431 1433 1506
1359 1432 1507
1433 1435 1508
1361 1509
1435 1437
1363 1511
1437 1439
1365 1513
1366 1439 1441
1367 1442 1515
1368 1441 1443 1516
1369 1517
1443 1445
1371 1444 1519
1445 1447
1373 1446 1521
1447 1449
1375 1448 1450 1523
1449 1451
1377 1452 1525
1451 1453
1379 1452 1454 1527
1380 1453 1455 1528
1381 1529
1455 1457
1383 1531
1457 1459
1385 1458 1460 1533
1459 1461
1387 1462 1535
1461 1463
1389 1462 1537
1463 1465 1538
1391 1464 1466 1539
1392 1465 1467 1540
1393 1541
1394 1467 1469 1542
1395 1470 1543
1396 1469 1471
1397 1545
1398 1471 1473
1399 1547
1473 1475 1548
1401 1474 1549
1475 1477
1403 1478 1551
1477 1479 1552
1405 1478 1553
1479 1554
1482
1408 1556
1482 1484
1410 1483 1558
1411 1484 1486
1412 1560
1486 1488 1561
1414 1487 1562
1415 1488 1490
1416 1564
1490 1492
1418 1491 1493 1566
1492 1494 1567
1420 1493 1495 1568
1494 1496
1422 1570
1423 1496 1498
1424 1497 1572
1498 1500
1426 1499 1501 1574
1500 1502
1428 1501 1576
1502 1504 1577
1430 1505 1578
1504 1506 1579
1432 1505 1580
1506 1508
1434 1582
1508 1510 1583
1436 1509 1584
1437 1510 1512
1438 1511 1586
1512 1514 1587
1440 1588
1514 1516
1442 1517 1590
1443 1516 1518
1444 1519 1592
1445 1518 1520
1446 1519 1594
1520 1522 1595
1448 1596
1522 1524
1450 1525 1598
1524 1526
1452 1600
1526 1528
1454 1529 1602
1455 1528 1530 1603
1456 1604
1457 1530 1532 1605
1458 1606
1532 1534 1607
1460 1608
1461 1534 1536 1609
1462 1535 1537 1610
1536 1538
1464 1612
1538 1540
1466 1539 1614
1540 1542 1615
1468 1541 1543 1616
1542 1544
1470 1618
1544 1546 1619
1472 1620
1546 1548 1621
1474 1549 1622
1548 1550
1476 1624
1550 1552
1478 1553 1626
1479 1552 1554 1627
1480 1628
1481 1629
1482 1555 1557 1630
1483 1556 1558 1631
1557 1559 1632
1485 1633
1559 1561
1487 1635
1561 1563 1636
1489 1564 1637
1563 1565 1638
1491 1566 1639
1492 1565 1567
1493 1568 1641
1494 1567 1569 1642
1495 1570 1643
1569 1571
1497 1645
1571 1573 1646
1499 1647
1500 1573 1575
1501 1649
1502 1575 1577
1503 1576 1651
1504 1577 1579 1652
1505 1578 1580 1653
1579 1581
1507 1655
1581 1583
1509 1582 1584 1657
1583 1585
1511 1659
1585 1587 1660
1513 1661
1587 1589 1662
1515 1663
1589 1591 1664
1517 1665
1591 1593
1519 1667
1520 1593 1595 1668
1521 1669
1522 1595 1597 1670
1523 1598 1671
1597 1599
1525 1598 1673
1526 1599 1601 1674
1527 1675
1528 1601 1603 1676
1529 1602 1604 1677
1530 1603 1605
1531 1606 1679
1605 1607
1533 1681
1607 1609
1535 1683
1609 1611
1537 1610 1612 1685
1611 1613 1686
1539 1612 1614 1687
1540 1613 1615 1688
1541 1689
1542 1615 1617 1690
1543 1616 1618 1691
1617 1619
1545 1620 1693
1546 1619 1621 1694
1547 1622 1695
1621 1623
1549 1624 1697
1623 1625
1551 1624 1699
1552 1625 1627 1700
1553 1701
1627
1630 1703
1556 1704
1557 1630 1632
1558 1706
1632 1634 1707
1560 1708
1561 1634 1636
1562 1637 1710
1563 1636 1638
1564 1639 1712
1565 1638 1640
1566 1714
1567 1640 1642
1568 1641 1716
1569 1642 1644 1717
1570 1718
1644 1646
1572 1647 1720
1573 1646 1648
1574 1722
1575 1648 1650
1576 1649 1724
1650 1652
1578 1651 1653 1726
1652 1654
1580 1655 1728
1654 1656 1729
1582 1730
1656 1658 1731
1584 1659 1732
1585 1658 1660
1586 1661 1734
1660 1662
1588 1736
1662 1664 1737
1590 1738
1591 1664 1666 1739
1592 1665 1740
1593 1666 1668
1594 1742
1668 1670 1743
1596 1669 1744
1670 1672 1745
1598 1671 1746
1672 1674 1747
1600 1673 1748
1674 1676 1749
1602 1750
1603 1676 1678 1751
1604 1677 1679 1752
1605 1678 1680 1753
1606 1754
1680 1682 1755
1608 1756
1682 1684
1610 1758
1684 1686
1612 1760
1686 1688
1614 1689 1762
1688 1690
1616 1764
1690 1692 1765
1618 1691 1766
1692 1694
1620 1768
1694 1696
1622 1695 1697 1770
1696 1698
1624 1699 1772
1698 1700
1626 1701 1774
1700 1702
1628 1701 1776
1629 1777
1630 1703 1705
1631 1706 1779
1632 1705 1707 1780
1633 1708 1781
1707 1709
1635 1783
1709 1711
1637 1785
1711 1713 1786
1639 1714 1787
1713 1715 1788
1641 1716 1789
1715 1717
1643 1718 1791
1717 1719 1792
1645 1718 1793
1719 1721
1647 1795
1648 1721 1723
1649 1722 1797
1650 1723 1725
1651 1724 1799
1725 1727
1653 1801
1654 1727 1729 1802
1655 1728 1730 1803
1729 1731
1657 1730 1805
1658 1731 1733 1806
1659 1732 1807
1660 1733 1735
1661 1809
1735 1737 1810
1663 1811
1664 1737 1739
1665 1738 1740 1813
1666 1739 1741 1814
1667 1815
1668 1741 1743
1669 1817
1743 1745
1671 1819
1745 1747 1820
1673 1821
1747 1749
1675 1823
1749 1751
1677 1750 1825
1678 1751 1753
1679 1827
1680 1753 1755 1828
1681 1756 1829
1755 1757
1683 1831
1757 1759
1685 1760 1833
1686 1759 1761
1687 1760 1762 1835
1688 1761 1763
1689 1837
1690 1763 1765
1691 1764 1839
1692 1765 1767 1840
1693 1841
1767 1769
1695 1770 1843
1769 1771
1697 1772 1845
1771 1773 1846
1699 1772 1774 1847
1773 1775
1701 1849
1775 1850
1703 1778
1704 1779 1852
1705 1778 1780 1853
1706 1781 1854
1707 1780 1782
1708 1856
1782 1784
1710 1785 1858
1711 1784 1786 1859
1712 1785 1787 1860
1713 1786 1788
1714 1787 1789 1862
1715 1788 1790
1716 1791 1864
1790 1792
1718 1866
1719 1792 1794
1720 1793 1795 1868
1721 1794 1796
1722 1797 1870
1796 1798
1724 1797 1872
1725 1798 1800
1726 1799 1874
1800 1802
1728 1876
1802 1804 1877
1730 1805 1878
1804 1806
1732 1880
1806 1808
1734 1882
1735 1808 1810 1883
1736 1811 1884
1810 1812 1885
1738 1886
1812 1814 1887
1740 1813 1815 1888
1814 1816
1742 1815 1890
1816 1818 1891
1744 1817 1892
1745 1818 1820
1746 1894
1747 1820 1822 1895
1748 1821 1896
1822 1824
1750 1898
1824 1826
1752 1900
1753 1826 1828
1754 1827 1902
1828 1830
1756 1904
1830 1832 1905
1758 1906
1832 1834 1907
1760 1908
1834 1836 1909
1762 1910
1763 1836 1838
1764 1839 1912
1765 1838 1840
1766 1841 1914
1840 1842 1915
1768 1841 1916
1842 1844 1917
1770 1843 1918
1844 1846
1772 1920
1773 1846 1848
1774 1847 1922
1775 1848 1850
1776 1924
1777 1852 1925
1851 1853
1779 1852 1927
1780 1853 1855
1781 1854 1929
1782 1855 1857
1783 1856 1858 1931
1784 1857 1859 1932
1785 1933
1859 1861 1934
1787 1935
1788 1861 1863
1789 1864 1937
1790 1863 1865
1791 1939
1792 1865 1867 1940
1793 1868 1941
1867 1869 1942
1795 1943
1869 1871 1944
1797 1945
1871 1873 1946
1799 1874 1947
1873 1875
1801 1874 1949
1875 1877
1803 1876 1878 1951
1877 1879
1805 1953
1806 1879 1881
1807 1880 1882 1955
1808 1881 1883 1956
1809 1882 1957
1883 1885
1811 1886 1959
1885 1887
1813 1961
1814 1887 1889
1815 1890 1963
1816 1889 1891
1817 1965
1891 1893
1819 1967
1893 1895
1821 1894 1969
1822 1895 1897
1823 1971
1824 1897 1899
1825 1898 1973
1899 1901
1827 1975
1901 1903
1829 1904 1977
1830 1903 1905
1831 1904 1979
1905 1907
1833 1981
1907 1909 1982
1835 1983
1909 1911
1837 1912 1985
1911 1913
1839 1987
1913 1915
1841 1989
1915 1917 1990
1843 1991
1844 1917 1919
1845 1993
1846 1919 1921 1994
1847 1995
1848 1921 1923
1849 1997
1850 1923
1926
1852 1925 1927 2000
1853 1926 1928
1854 2002
1855 1928 1930 2003
1856 2004
1930 1932
1858 2006
1932 1934
1860 1935 2008
1861 1934 1936
1862 1937 2010
1863 1936 1938
1864 1939 2012
1938 1940
1866 1939 2014
1940 1942
1868 2016
1942 1944
1870 1943 2018
1944 1946 2019
1872 1945 2020
1946 1948
1874 1947 1949 2022
1875 1948 1950 2023
1876 1949 2024
1950 1952
1878 1951 2026
1879 1952 1954 2027
1880 2028
1954 1956
1882 2030
1883 1956 1958 2031
1884 2032
1958 1960 2033
1886 1961 2034
1960 1962 2035
1888 2036
1962 1964
1890 2038
1964 1966
1892 2040
1966 1968
1894 1969 2042
1895 1968 1970
1896 1969 1971 2044
1897 1970 1972 2045
1898 2046
1972 1974 2047
1900 2048
1901 1974 1976
1902 2050
1976 1978 2051
1904 1979 2052
1978 1980
1906 1979 2054
1907 1980 1982
1908 2056
1982 1984 2057
1910 1983 2058
1984 1986
1912 1987 2060
1986 1988 2061
1914 2062
1988 1990
1916 1989 1991 2064
1990 1992 2065
1918 1993 2066
1919 1992 1994 2067
1920 1993 1995 2068
1994 1996
1922 2070
1996 1998
1924 2072
1925 2000 2073
1999 2001
1927 2000 2075
1928 2001 2003
1929 2077
2003 2005
1931 2006 2079
1932 2005 2007
1933 2008 2081
1934 2007 2009
1935 2010 2083
1936 2009 2011 2084
1937 2085
1938 2011 2013
1939 2087
2013 2015
1941 2089
2015 2017 2090
1943 2016 2018 2091
2017 2019
1945 2018 2093
2019 2021 2094
1947 2020 2022 2095
2021 2023 2096
1949 2022 2097
2023 2025 2098
1951 2024 2099
1952 2025 2027 2100
1953 2101
1954 2027 2029
1955 2103
1956 2029 2031
1957 2105
1958 2031 2033
1959 2107
1960 2033 2035 2108
1961 2034 2109
1962 2035 2037
1963 2111
1964 2037 2039 2112
1965 2113
2039 2041 2114
1967 2040 2115
1968 2041 2043
1969 2042 2117
2043 2045 2118
1971 2046 2119
2045 2047 2120
1973 2046 2121
2047 2049 2122
1975 2123
2049 2051
1977 2050 2125
2051 2053
1979 2052 2127
2053 2055
1981 2129
2055 2057 2130
1983 2058 2131
2057 2059
1985 2058 2133
2059 2061
1987 2060 2135
1988 2061 2063
1989 2137
1990 2063 2065 2138
1991 2064 2139
2065 2067
1993 2066 2141
1994 2067 2069 2142
1995 2068 2143
1996 2069 2071
1997 2145
2071 2146
1999 2074
2000 2148
2074 2076
2002 2075 2150
2076 2078 2151
2004 2152
2078 2080 2153
2006 2154
2080 2082
2008 2156
2009 2082 2084
2010 2083 2085 2158
2011 2084 2086
2012 2087 2160
2013 2086 2088
2014 2162
2088 2090
2016 2164
2017 2090 2092 2165
2018 2093 2166
2092 2094
2020 2093 2168
2094 2096 2169
2022 2097 2170
2096 2098
2024 2097 2172
2025 2098 2100
2026 2174
2027 2100 2102
2028 2176
2102 2104 2177
2030 2103 2178
2104 2106
2032 2180
2106 2108
2034 2109 2182
2108 2110
2036 2184
2037 2110 2112 2185
2038 2113 2186
2112 2114 2187
2040 2188
2114 2116
2042 2117 2190
2043 2116 2118
2044 2192
2118 2120
2046 2121 2194
2120 2122
2048 2196
2049 2122 2124 2197
2050 2125 2198
2051 2124 2126
2052 2200
2126 2128
2054 2127 2202
2055 2128 2130 2203
2056 2204
2130 2132
2058 2131 2206
2059 2132 2134
2060 2133 2208
2134 2136
2062 2135 2210
2063 2136 2138 2211
2064 2212
2138 2140
2066 2214
2140 2142 2215
2068 2216
2069 2142 2144
2070 2145 2218
2144 2146 2219
2072 2145 2220
2073 2148 2221
2074 2147 2149
2075 2148 2150 2223
2076 2149 2151
2077 2225
2151 2153
2079 2154 2227
2153 2155
2081 2229
2155 2157
2083 2231
2084 2157 2159
2085 2233
2159 2161 2234
2087 2160 2235
2161 2163
2089 2237
2163 2165
2091 2164 2166 2239
2165 2167
2093 2166 2241
2094 2167 2169 2242
2095 2243
2169 2171
2097 2170 2245
2171 2173 2246
2099 2172 2247
2100 2173 2175 2248
2101 2174 2249
2175 2177
2103 2176 2251
2177 2179 2252
2105 2180 2253
2179 2181 2254
2107 2182 2255
2108 2181 2183
2109 2184 2257
2110 2183 2185
2111 2259
2185 2187
2113 2188 2261
2187 2189 2262
2115 2263
2189 2191
2117 2265
2118 2191 2193
2119 2267
2120 2193 2195 2268
2121 2196 2269
2122 2195 2197 2270
2123 2271
2197 2199
2125 2273
2199 2201
2127 2200 2202 2275
2128 2201 2203
2129 2277
2203 2205
2131 2204 2279
2205 2207
2133 2206 2281
2134 2207 2209
2135 2283
2136 2209 2211
2137 2212 2285
2211 2213
2139 2212 2214 2287
2140 2213 2215 2288
2141 2216 2289
2142 2215 2217
2143 2291
2144 2217 2219 2292
2145 2218 2293
2219
2222
2148 2296
2222 2224
2150 2298
2224 2226
2152 2300
2153 2226 2228
2154 2227 2302
2228 2230 2303
2156 2304
2230 2232 2305
2158 2306
2159 2232 2234
2160 2233 2235 2308
2234 2236
2162 2235 2310
2236 2238 2311
2164 2237 2312
2165 2238 2240 2313
2166 2314
2240 2242
2168 2316
2242 2244
2170 2245 2318
2244 2246
2172 2245 2247 2320
2173 2246 2248
2174 2249 2322
2248 2250
2176 2249 2324
2177 2250 2252 2325
2178 2326
2252 2254
2180 2253 2255 2328
2181 2254 2256 2329
2182 2330
2256 2258 2331
2184 2257 2332
2185 2258 2260
2186 2259 2261 2334
2187 2260 2262
2188 2336
2189 2262 2264
2190 2265 2338
2191 2264 2266
2192 2267 2340
2266 2268
2194 2269 2342
2268 2270
2196 2269 2344
2270 2272 2345
2198 2271 2346
2272 2274 2347
2200 2273 2275 2348
2201 2274 2276 2349
2202 2277 2350
2276 2278 2351
2204 2352
2278 2280
2206 2354
2280 2282 2355
2208 2281 2356
2282 2284
2210 2283 2358
2284 2286
2212 2287 2360
2213 2286 2288
2214 2289 2362
2288 2290 2363
2216 2364
2217 2290 2292
2218 2291 2366
2292 2294
2220 2293 2368
2221 2369
2222 2295 2297 2370
2223 2298 2371
2297 2299 2372
2225 2373
2299 2301
2227 2375
2301 2303
2229 2377
2230 2303 2305
2231 2304 2306 2379
2305 2307 2380
2233 2381
2307 2309
2235 2308 2383
2236 2309 2311 2384
2237 2385
2238 2311 2313 2386
2239 2387
2313 2315
2241 2316 2389
2242 2315 2317
2243 2391
2317 2319
2245 2393
2319 2321
2247 2320 2395
2248 2321 2323 2396
2249 2322 2397
2323 2325 2398
2251 2399
2325 2327
2253 2326 2401
2327 2329
2255 2328 2330 2403
2329 2331
2257 2330 2405
2258 2331 2333 2406
2259 2407
2260 2333 2335
2261 2409
2335 2337
2263 2336 2411
2337 2339
2265 2338 2340 2413
2339 2341
2267 2340 2342 2415
2268 2341 2343
2269 2344 2417
2343 2345
2271 2346 2419
2272 2345 2347
2273 2346 2348 2421
2274 2347 2349 2422
2275 2350 2423
2349 2351 2424
2277 2425
2278 2351 2353 2426
2279 2427
2353 2355
2281 2356 2429
2282 2355 2357 2430
2283 2431
2357 2359
2285 2433
2359 2361
2287 2360 2435
2361 2363
2289 2364 2437
2290 2363 2365 2438
2291 2364 2366 2439
2365 2367
2293 2441
2367
2370
2296 2444
2370 2372 2445
2298 2373 2446
2372 2374 2447
2300 2375 2448
2374 2376
2302 2450
2376 2378 2451
2304 2452
2378 2380
2306 2379 2381 2454
2380 2382 2455
2308 2381 2456
2382 2384
2310 2383 2385 2458
2384 2386
2312 2460
2313 2386 2388 2461
2314 2387 2389 2462
2388 2390 2463
2316 2389 2464
2390 2392
2318 2391 2393 2466
2392 2394
2320 2468
2394 2396 2469
2322 2395 2470
2323 2396 2398
2324 2472
2398 2400
2326 2399 2474
2327 2400 2402
2328 2403 2476
2329 2402 2404
2330 2403 2405 2478
2331 2404 2406
2332 2480
2406 2408 2481
2334 2482
2408 2410
2336 2411 2484
2410 2412 2485
2338 2413 2486
2339 2412 2414 2487
2340 2488
2414 2416
2342 2415 2490
2343 2416 2418
2344 2419 2492
2345 2418 2420
2346 2419 2494
2420 2422
2348 2421 2496
2349 2422 2424
2350 2423 2498
2424 2426
2352 2427 2500
2426 2428 2501
2354 2429 2502
2428 2430
2356 2504
2430 2432
2358 2506
2432 2434 2507
2360 2433 2508
2434 2436 2509
2362 2510
2436 2438
2364 2437 2512
2438 2440
2366 2514
2367 2440 2442
2368 2516
2369 2517
2370 2443 2445 2518
2371 2519
2445 2447
2373 2446 2521
2447 2449
2375 2523
2449 2451 2524
2377 2525
2451 2453
2379 2452 2527
2453 2455
2381 2456 2529
2455 2457
2383 2456 2458 2531
2457 2459
2385 2533
2459 2461
2387 2462 2535
2461 2463 2536
2389 2464 2537
2390 2463 2465
2391 2466 2539
2465 2467
2393 2541
2394 2467 2469
2395 2543
2396 2469 2471
2397 2545
2471 2473 2546
2399 2474 2547
2473 2475
2401 2474 2476 2549
2475 2477
2403 2476 2551
2477 2479 2552
2405 2478 2480 2553
2479 2481 2554
2407 2480 2482 2555
2481 2483 2556
2409 2557
2410 2483 2485
2411 2484 2559
2485 2487
2413 2561
2414 2487 2489
2415 2490 2563
2489 2491 2564
2417 2490 2565
2491 2493
2419 2492 2567
2493 2495 2568
2421 2494 2569
2495 2497
2423 2498 2571
2424 2497 2499 2572
2425 2500 2573
2499 2501
2427 2502 2575
2501 2503 2576
2429 2502 2504 2577
2503 2505 2578
2431 2504 2506 2579
2505 2507 2580
2433 2506 2581
2507 2509
2435 2508 2583
2509 2511
2437 2512 2585
2511 2513
2439 2587
2513 2515 2588
2441 2514 2589
2442 2515
2518
2444 2517 2592
2518 2520
2446 2519 2521 2594
2447 2520 2522
2448 2596
2449 2522 2524
2450 2598
2524 2526 2599
2452 2527 2600
2526 2528
2454 2529 2602
2528 2530 2603
2456 2531 2604
2457 2530 2532
2458 2606
2532 2534
2460 2608
2534 2536
2462 2537 2610
2536 2538
2464 2612
2538 2540 2613
2466 2539 2614
2467 2540 2542
2468 2541 2616
2542 2544 2617
2470 2545 2618
2544 2546 2619
2472 2620
2546 2548 2621
2474 2622
2548 2550
2476 2549 2624
2550 2552
2478 2551 2626
2552 2554
2480 2555 2628
2554 2556
2482 2630
2483 2556 2558 2631
2484 2632
2558 2560 2633
2486 2559 2634
2560 2562 2635
2488 2561 2563 2636
2489 2562 2564 2637
2490 2563 2638
2564 2566 2639
2492 2565 2567 2640
2493 2566 2568
2494 2569 2642
2495 2568 2570 2643
2496 2644
2570 2572 2645
2498 2571 2573 2646
2499 2572 2574 2647
2500 2648
2574 2576 2649
2502 2577 2650
2503 2576 2578
2504 2577 2579 2652
2578 2580 2653
2506 2654
2580 2582
2508 2581 2656
2509 2582 2584
2510 2585 2658
2584 2586
2512 2585 2660
2586 2588
2514 2662
2588 2590 2663
2516 2589 2664
2517 2592 2665
2591 2593
2519 2667
2593 2595
2521 2596 2669
2595 2597
2523 2596 2598 2671
2524 2597 2599
2525 2598 2600 2673
2526 2599 2601
2527 2675
2601 2603
2529 2677
2603 2605
2531 2604 2606 2679
2605 2607
2533 2606 2608 2681
2607 2609
2535 2683
2609 2611
2537 2612 2685
2538 2611 2613
2539 2612 2687
2613 2615
2541 2614 2689
2615 2617
2543 2691
2617 2619
2545 2618 2693
2619 2621
2547 2620 2695
2548 2621 2623 2696
2549 2697
2550 2623 2625 2698
2551 2699
2625 2627 2700
2553 2626 2628 2701
2627 2629 2702
2555 2630 2703
2629 2631
2557 2705
2631 2633
2559 2632 2707
2633 2635 2708
2561 2634 2709
2562 2635 2637
2563 2711
2637 2639 2712
2565 2638 2713
2639 2641 2714
2567 2640 2642 2715
2641 2643 2716
2569 2642 2717
2643 2645
2571 2644 2719
2645 2647
2573 2646 2648 2721
2574 2647 2649 2722
2575 2723
2649 2651 2724
2577 2725
2578 2651 2653
2579 2727
2653 2655
2581 2729
2582 2655 2657
2583 2656 2731
2584 2657 2659 2732
2585 2658 2660 2733
2659 2661 2734
2587 2662 2735
2588 2661 2663
2589 2664 2737
2590 2663
2666
2592 2740
2666 2668 2741
2594 2667 2742
2595 2668 2670
2596 2744
2670 2672
2598 2746
2672 2674
2600 2675 2748
2674 2676
2602 2675 2750
2676 2678
2604 2752
2605 2678 2680
2606 2681 2754
2680 2682
2608 2756
2682 2684
2610 2758
2684 2686
2612 2760
2613 2686 2688
2614 2687 2689 2762
2688 2690
2616 2689 2691 2764
2690 2692
2618 2691 2693 2766
2692 2694
2620 2768
2621 2694 2696 2769
2622 2695 2770
2623 2696 2698
2624 2699 2772
2625 2698 2700 2773
2626 2701 2774
2627 2700 2702
2628 2703 2776
2702 2704
2630 2778
2631 2704 2706 2779
2632 2780
2633 2706 2708
2634 2782
2708 2710 2783
2636 2711 2784
2710 2712
2638 2786
2712 2714
2640 2713 2788
2641 2714 2716
2642 2717 2790
2716 2718
2644 2717 2792
2718 2720
2646 2721 2794
2720 2722 2795
2648 2796
2649 2722 2724
2650 2723 2798
2724 2726
2652 2725 2727 2800
2726 2728 2801
2654 2727 2802
2728 2730
2656 2731 2804
2657 2730 2732
2658 2731 2806
2732 2734
2660 2733 2808
2661 2734 2736
2662 2810
2736 2738
2664 2812
2665 2813
2739 2741 2814
2667 2815
2741 2743
2669 2742 2817
2743 2745 2818
2671 2819
2745 2747 2820
2673 2821
2747 2749
2675 2823
2749 2751 2824
2677 2825
2751 2753
2679 2752 2827
2753 2755
2681 2754 2829
2755 2757 2830
2683 2758 2831
2757 2759 2832
2685 2833
2759 2761 2834
2687 2835
2761 2763
2689 2837
2690 2763 2765
2691 2764 2839
2692 2765 2767 2840
2693 2841
2694 2767 2769 2842
2695 2770 2843
2769 2771 2844
2697 2770 2845
2771 2773
2699 2847
2773 2775
2701 2774 2849
2702 2775 2777 2850
2703 2778 2851
2704 2777 2779 2852
2705 2778 2853
2779 2781
2707 2782 2855
2708 2781 2783
2709 2857
2783 2785
2711 2859
2785 2787
2713 2788 2861
2787 2789
2715 2863
2789 2791 2864
2717 2790 2865
2718 2791 2793
2719 2867
2793 2795
2721 2794 2796 2869
2722 2795 2797 2870
2723 2871
2797 2799
2725 2873
2799 2801
2727 2875
2801 2803
2729 2802 2877
2803 2805
2731 2879
2805 2807
2733 2881
2734 2807 2809
2735 2808 2810 2883
2809 2811
2737 2885
2811
2814
2740 2888
2814 2816
2742 2817 2890
2816 2818
2744 2817 2819 2892
2818 2820
2746 2821 2894
2820 2822 2895
2748 2821 2823 2896
2822 2824 2897
2750 2898
2751 2824 2826
2752 2825 2900
2826 2828 2901
2754 2902
2755 2828 2830 2903
2756 2829 2904
2757 2830 2832
2758 2833 2906
2832 2834
2760 2833 2908
2834 2836
2762 2910
2836 2838
2764 2837 2912
2838 2840 2913
2766 2914
2840 2842 2915
2768 2916
2842 2844 2917
2770 2843 2918
2844 2846 2919
2772 2920
2846 2848
2774 2847 2849 2922
2775 2848 2850
2776 2849 2924
2777 2850 2852
2778 2851 2926
2852 2854 2927
2780 2928
2854 2856
2782 2930
2783 2856 2858
2784 2857 2932
2858 2860
2786 2934
2860 2862 2935
2788 2936
2789 2862 2864
2790 2863 2938
2864 2866 2939
2792 2940
2866 2868 2941
2794 2942
2795 2868 2870
2796 2869 2944
2797 2870 2872 2945
2798 2873 2946
2799 2872 2874
2800 2948
2874 2876
2802 2875 2877 2950
2876 2878
2804 2952
2805 2878 2880
2806 2954
2880 2882
2808 2883 2956
2882 2884
2810 2958
2884 2886
2812 2960
2813 2961
2814 2887 2889
2815 2888 2963
2816 2889 2891
2817 2965
2818 2891 2893 2966
2819 2894 2967
2893 2895
2821 2896 2969
2822 2895 2897
2823 2896 2971
2897 2899 2972
2825 2900 2973
2826 2899 2901
2827 2900 2975
2901 2903
2829 2902 2977
2903 2905 2978
2831 2906 2979
2832 2905 2907
2833 2908 2981
2834 2907 2909 2982
2835 2908 2983
2909 2911 2984
2837 2910 2985
2838 2911 2913
2839 2912 2987
2913 2915 2988
2841 2989
2842 2915 2917
2843 2916 2991
2844 2917 2919
2845 2993
2919 2921 2994
2847 2995
2921 2923
2849 2997
2923 2925 2998
2851 2924 2999
2925 2927
2853 3001
2854 2927 2929
2855 2928 3003
2856 2929 2931
2857 3005
2931 2933 3006
2859 3007
2860 2933 2935 3008
2861 2934 2936 3009
2862 2935 2937
2863 3011
2864 2937 2939 3012
2865 3013
2939 2941 3014
2867 3015
2868 2941 2943 3016
2869 3017
2870 2943 2945 3018
2871 3019
2872 2945 2947
2873 2946 3021
2947 2949
2875 3023
2876 2949 2951 3024
2877 2950 3025
2951 2953
2879 2954 3027
2880 2953 2955
2881 3029
2955 2957 3030
2883 3031
2957 2959
2885 2958 3033
2886 2959 3034
2887 2962
2888 3036
2889 2962 2964
2890 3038
2891 2964 2966
2892 3040
2966 2968
2894 3042
2968 2970 3043
2896 3044
2970 2972
2898 2971 3046
2899 2972 2974
2900 3048
2974 2976
2902 3050
2976 2978 3051
2904 2977 3052
2978 2980
2906 3054
2980 2982
2908 3056
2982 2984 3057
2910 3058
2984 2986
2912 2987 3060
2986 2988 3061
2914 2989 3062
2915 2988 2990
2916 3064
2917 2990 2992
2918 2993 3066
2992 2994 3067
2920 2993 3068
2994 2996 3069
2922 3070
2996 2998
2924 3072
2925 2998 3000
2926 2999 3074
2927 3000 3002
2928 3076
3002 3004
2930 3003 3078
3004 3006
2932 3005 3080
3006 3008
2934 3007 3082
3008 3010
2936 3011 3084
3010 3012 3085
2938 3011 3013 3086
3012 3014
2940 3013 3015 3088
3014 3016 3089
2942 3090
2943 3016 3018
2944 3017 3092
2945 3018 3020
2946 3021 3094
2947 3020 3022
2948 3096
2949 3022 3024 3097
2950 3098
3024 3026
2952 3100
2953 3026 3028 3101
2954 3102
3028 3030
2956 3104
3030 3032
2958 3106
3032 3034
2960 3108
2961 3036 3109
2962 3035 3037
2963 3036 3038 3111
2964 3037 3039 3112
2965 3040 3113
3039 3041 3114
2967 3042 3115
3041 3043 3116
2969 3042 3044 3117
3043 3045
2971 3044 3046 3119
2972 3045 3047 3120
2973 3121
3047 3049 3122
2975 3048 3050 3123
2976 3049 3051
2977 3125
3051 3053 3126
2979 3054 3127
3053 3055
2981 3054 3129
3055 3057
2983 3131
3057 3059
2985 3060 3133
3059 3061
2987 3060 3135
3061 3063 3136
2989 3137
2990 3063 3065 3138
2991 3066 3139
2992 3065 3067
2993 3141
3067 3069
2995 3070 3143
3069 3071
2997 3070 3145
2998 3071 3073 3146
2999 3074 3147
3000 3073 3075 3148
3001 3149
3075 3077
3003 3078 3151
3004 3077 3079
3005 3153
3079 3081
3007 3155
3081 3083 3156
3009 3082 3157
3010 3083 3085
3011 3159
3012 3085 3087
3013 3086 3161
3087 3089
3015 3090 3163
3089 3091
3017 3165
3018 3091 3093
3019 3167
3093 3095
3021 3094 3169
3022 3095 3097
3023 3096 3171
3097 3099
3025 3173
3099 3101
3027 3100 3102 3175
3101 3103
3029 3177
3103 3105
3031 3179
3105 3107 3180
3033 3106 3181
3107
3110
3036 3111 3184
3110 3112 3185
3038 3186
3112 3114
3040 3188
3114 3116 3189
3042 3115 3190
3116 3118
3044 3192
3118 3120 3193
3046 3121 3194
3120 3122
3048 3196
3122 3124 3197
3050 3123 3198
3051 3124 3126
3052 3200
3053 3126 3128
3054 3127 3202
3128 3130
3056 3129 3204
3130 3132
3058 3131 3206
3132 3134
3060 3208
3134 3136
3062 3210
3063 3136 3138
3064 3212
3138 3140
3066 3214
3067 3140 3142
3068 3143 3216
3069 3142 3144
3070 3218
3144 3146
3072 3220
3146 3148
3074 3147 3149 3222
3148 3150 3223
3076 3224
3150 3152 3225
3078 3226
3152 3154 3227
3080 3228
3154 3156
3082 3157 3230
3156 3158
3084 3157 3232
3158 3160
3086 3159 3161 3234
3160 3162
3088 3161 3163 3236
3089 3162 3164
3090 3165 3238
3091 3164 3166
3092 3165 3240
3093 3166 3168
3094 3242
3168 3170
3096 3169 3244
3170 3172
3098 3246
3099 3172 3174 3247
3100 3248
3174 3176
3102 3175 3250
3176 3178
3104 3177 3179 3252
3105 3178 3180 3253
3106 3254
3180 3182 3255
3108 3256
3109 3257
3110 3183 3185 3258
3111 3184 3186 3259
3185 3187
3113 3186 3188 3261
3114 3187 3189
3115 3263
3116 3189 3191 3264
3117 3190 3265
3118 3191 3193
3119 3194 3267
3193 3195
3121 3269
3195 3197 3270
3123 3271
3197 3199 3272
3125 3198 3200 3273
3126 3199 3201
3127 3275
3201 3203 3276
3129 3202 3277
3203 3205
3131 3279
3205 3207 3280
3133 3208 3281
3207 3209
3135 3208 3210 3283
3209 3211
3137 3210 3285
3211 3213
3139 3214 3287
3213 3215
3141 3216 3289
3215 3217 3290
3143 3291
3217 3219 3292
3145 3220 3293
3146 3219 3221
3147 3222 3295
3221 3223 3296
3149 3297
3150 3223 3225 3298
3151 3226 3299
3225 3227 3300
3153 3301
3227 3229
3155 3230 3303
3229 3231 3304
3157 3230 3305
3158 3231 3233
3159 3232 3307
3160 3233 3235 3308
3161 3309
3162 3235 3237
3163 3311
3237 3239
3165 3240 3313
3239 3241
3167 3240 3242 3315
3241 3243
3169 3317
3243 3245
3171 3319
3245 3247
3173 3321
3247 3249 3322
3175 3250 3323
3249 3251 3324
3177 3252 3325
3251 3253 3326
3179 3327
3180 3253 3255 3328
3181 3254 3329
3182 3255 3330
3258 3331
3184 3332
3185 3258 3260
3186 3334
3260 3262 3335
3188 3336
3189 3262 3264 3337
3190 3338
3191 3264 3266
3192 3267 3340
3193 3266 3268
3194 3342
3195 3268 3270
3196 3269 3271 3344
3270 3272
3198 3346
3272 3274 3347
3200 3348
3274 3276 3349
3202 3350
3276 3278
3204 3277 3279 3352
3278 3280
3206 3354
3207 3280 3282
3208 3283 3356
3282 3284
3210 3283 3285 3358
3211 3284 3286 3359
3212 3360
3286 3288
3214 3287 3362
3288 3290
3216 3289 3364
3290 3292 3365
3218 3291 3366
3292 3294 3367
3220 3368
3294 3296
3222 3370
3296 3298 3371
3224 3372
3225 3298 3300
3226 3374
3227 3300 3302
3228 3301 3376
3302 3304 3377
3230 3378
3231 3304 3306
3232 3307 3380
3306 3308 3381
3234 3309 3382
3235 3308 3310
3236 3384
3310 3312
3238 3386
3312 3314 3387
3240 3313 3388
3314 3316 3389
3242 3317 3390
3316 3318 3391
3244 3317 3392
3245 3318 3320
3246 3321 3394
3320 3322
3248 3321 3323 3396
3249 3322 3324
3250 3325 3398
3324 3326
3252 3327 3400
3253 3326 3328
3254 3402
3328 3330
3256 3404
3257 3405
3331 3333 3406
3259 3334 3407
3333 3335
3261 3334 3409
3262 3335 3337
3263 3411
3337 3339 3412
3265 3413
3266 3339 3341 3414
3267 3415
3341 3343
3269 3342 3417
3343 3345
3271 3419
3345 3347 3420
3273 3348 3421
3274 3347 3349
3275 3348 3423
3349 3351
3277 3352 3425
3351 3353
3279 3427
3280 3353 3355
3281 3429
3282 3355 3357 3430
3283 3358 3431
3357 3359
3285 3433
3286 3359 3361 3434
3287 3435
3361 3363
3289 3437
3290 3363 3365
3291 3439
3292 3365 3367
3293 3441
3367 3369
3295 3443
3369 3371
3297 3372 3445
3298 3371 3373 3446
3299 3372 3374 3447
3300 3373 3375
3301 3374 3449
3375 3377
3303 3376 3451
3377 3379 3452
3305 3378 3453
3379 3381 3454
3307 3380 3455
3381 3383
3309 3382 3384 3457
3310 3383 3385
3311 3386 3459
3385 3387
3313 3388 3461
3314 3387 3389
3315 3463
3316 3389 3391
3317 3392 3465
3391 3393
3319 3392 3394 3467
3393 3395
3321 3469
3395 3397
3323 3396 3471
3324 3397 3399
3325 3398 3473
3399 3401
3327 3475
3401 3403
3329 3402 3477
3330 3403
3331 3406
3332 3480
3333 3406 3408 3481
3334 3482
3408 3410
3336 3484
3410 3412
3338 3486
3412 3414
3340 3413 3415 3488
3414 3416 3489
3342 3490
3416 3418
3344 3417 3492
3418 3420 3493
3346 3494
3347 3420 3422
3348 3496
3349 3422 3424 3497
3350 3498
3424 3426
3352 3425 3500
3353 3426 3428
3354 3502
3428 3430
3356 3504
3357 3430 3432 3505
3358 3431 3433 3506
3432 3434 3507
3360 3508
3361 3434 3436 3509
3362 3510
3363 3436 3438 3511
3364 3512
3365 3438 3440
3366 3514
3367 3440 3442 3515
3368 3516
3442 3444
3370 3443 3518
3371 3444 3446
3372 3447 3520
3446 3448
3374 3447 3449 3522
3448 3450
3376 3451 3524
3377 3450 3452
3378 3453 3526
3452 3454 3527
3380 3528
3381 3454 3456 3529
3382 3455 3457 3530
3383 3456 3458 3531
3384 3532
3385 3458 3460
3386 3534
3460 3462
3388 3536
3389 3462 3464
3390 3463 3538
3464 3466
3392 3540
3466 3468 3541
3394 3467 3542
3468 3470
3396 3471 3544
3397 3470 3472
3398 3546
3399 3472 3474 3547
3400 3548
3474 3476
3402 3475 3550
3403 3476 3478
3404 3552
3405 3480 3553
3406 3479 3481 3554
3407 3482 3555
3481 3483 3556
3409 3557
3483 3485 3558
3411 3559
3485 3487 3560
3413 3486 3561
3487 3489
3415 3490 3563
3489 3491
3417 3565
3418 3491 3493
3419 3567
3420 3493 3495 3568
3421 3569
3495 3497 3570
3423 3498 3571
3424 3497 3499 3572
3425 3500 3573
3499 3501
3427 3500 3575
3428 3501 3503
3429 3502 3577
3430 3503 3505 3578
3431 3504 3579
3505 3507
3433 3581
3507 3509
3435 3583
3436 3509 3511
3437 3510 3512 3585
3511 3513
3439 3514 3587
3440 3513 3515 3588
3441 3589
3442 3515 3517
3443 3591
3517 3519
3445 3518 3593
3446 3519 3521
3447 3595
3521 3523
3449 3597
3450 3523 3525
3451 3599
3452 3525 3527
3453 3526 3601
3527 3529 3602
3455 3528 3530 3603
3529 3531
3457 3530 3605
3531 3533
3459 3534 3607
3533 3535 3608
3461 3536 3609
3535 3537
3463 3611
3537 3539
3465 3538 3540 3613
3539 3541
3467 3542 3615
3541 3543
3469 3542 3617
3470 3543 3545 3618
3471 3619
3545 3547 3620
3473 3548 3621
3547 3549
3475 3623
3476 3549 3551 3624
3477 3625
3551 3626
3554 3627
3480 3555 3628
3554 3556
3482 3630
3483 3556 3558 3631
3484 3557 3559 3632
3485 3558 3560
3486 3634
3560 3562
3488 3563 3636
3562 3564
3490 3638
3491 3564 3566
3492 3567 3640
3566 3568 3641
3494 3567 3642
3568 3570
3496 3569 3644
3497 3570 3572
3498 3646
3499 3572 3574 3647
3500 3575 3648
3501 3574 3576
3502 3650
3503 3576 3578
3504 3577 3652
3578 3580
3506 3654
3507 3580 3582
3508 3583 3656
3582 3584
3510 3658
3511 3584 3586
3512 3585 3587 3660
3586 3588
3514 3587 3662
3588 3590
3516 3664
3590 3592 3665
3518 3591 3593 3666
3592 3594
3520 3668
3594 3596
3522 3595 3670
3596 3598
3524 3672
3525 3598 3600
3526 3599 3674
3600 3602
3528 3603 3676
3529 3602 3604
3530 3603 3605 3678
3531 3604 3606 3679
3532 3680
3533 3606 3608
3534 3609 3682
3535 3608 3610
3536 3684
3537 3610 3612
3538 3611 3686
3612 3614
3540 3688
3614 3616
3542 3615 3690
3616 3618
3544 3692
3618 3620
3546 3619 3694
3547 3620 3622
3548 3696
3622 3624
3550 3625 3698
3624 3626
3552 3625 3700
3553 3628 3701
3554 3627 3629
3555 3628 3703
3629 3631
3557 3630 3632 3705
3631 3633
3559 3632 3634 3707
3633 3635
3561 3636 3709
3635 3637
3563 3711
3564 3637 3639 3712
3565 3713
3639 3641 3714
3567 3715
3568 3641 3643 3716
3569 3642 3717
3643 3645
3571 3646 3719
3645 3647
3573 3721
3574 3647 3649
3575 3648 3650 3723
3649 3651
3577 3725
3651 3653
3579 3652 3727
3653 3655
3581 3729
3655 3657
3583 3656 3731
3657 3659
3585 3660 3733
3659 3661
3587 3660 3735
3588 3661 3663
3589 3664 3737
3590 3663 3665
3591 3666 3739
3592 3665 3667 3740
3593 3666 3741
3667 3669
3595 3743
3669 3671
3597 3670 3745
3598 3671 3673 3746
3599 3747
3600 3673 3675
3601 3674 3676 3749
3675 3677
3603 3676 3678 3751
3604 3677 3679
3605 3753
3679 3681 3754
3607 3755
3681 3683
3609 3757
3610 3683 3685 3758
3611 3759
3612 3685 3687
3613 3686 3761
3614 3687 3689 3762
3615 3688 3763
3689 3691
3617 3765
3618 3691 3693
3619 3694 3767
3693 3695 3768
3621 3769
3695 3697
3623 3696 3698 3771
3697 3699
3625 3773
3699
3702
3628 3776
3629 3702 3704
3630 3705 3778
3704 3706 3779
3632 3780
3706 3708 3781
3634 3707 3782
3708 3710
3636 3711 3784
3710 3712 3785
3638 3711 3786
3712 3714
3640 3713 3715 3788
3714 3716
3642 3715 3790
3643 3716 3718
3644 3717 3792
3718 3720 3793
3646 3794
3720 3722
3648 3796
3649 3722 3724
3650 3725 3798
3724 3726
3652 3727 3800
3653 3726 3728
3654 3802
3655 3728 3730
3656 3804
3730 3732 3805
3658 3731 3806
3659 3732 3734 3807
3660 3735 3808
3734 3736 3809
3662 3735 3810
3736 3738
3664 3739 3812
3738 3740 3813
3666 3739 3814
3740 3742 3815
3668 3816
3669 3742 3744 3817
3670 3818
3744 3746 3819
3672 3820
3746 3748 3821
3674 3747 3749 3822
3748 3750
3676 3751 3824
3677 3750 3752 3825
3678 3751 3826
3752 3754 3827
3680 3828
3681 3754 3756
3682 3830
3756 3758
3684 3832
3685 3758 3760 3833
3686 3759 3834
3760 3762 3835
3688 3836
3762 3764
3690 3763 3838
3764 3766
3692 3765 3767 3840
3766 3768
3694 3842
3695 3768 3770
3696 3769 3844
3697 3770 3772
3698 3846
3699 3772 3774 3847
3700 3773 3848
3701 3849
3775 3777 3850
3703 3851
3777 3779
3705 3780 3853
3779 3781 3854
3707 3855
3708 3781 3783 3856
3709 3857
3783 3785
3711 3786 3859
3712 3785 3787
3713 3861
3787 3789 3862
3715 3863
3789 3791
3717 3792 3865
3718 3791 3793
3719 3794 3867
3720 3793 3795
3721 3794 3869
3795 3797
3723 3798 3871
3797 3799 3872
3725 3873
3799 3801 3874
3727 3800 3875
3801 3803 3876
3729 3877
3803 3805
3731 3804 3879
3732 3805 3807
3733 3881
3807 3809
3735 3883
3809 3811
3737 3810 3885
3811 3813
3739 3812 3887
3813 3815 3888
3741 3814 3816 3889
3742 3815 3817
3743 3891
3744 3817 3819 3892
3745 3893
3819 3821
3747 3895
3748 3821 3823 3896
3749 3824 3897
3823 3825 3898
3751 3826 3899
3825 3827
3753 3826 3901
3754 3827 3829
3755 3828 3830 3903
3829 3831
3757 3905
3758 3831 3833
3759 3834 3907
3833 3835
3761 3836 3909
3762 3835 3837
3763 3911
3764 3837 3839
3765 3913
3839 3841 3914
3767 3840 3842 3915
3841 3843
3769 3917
3843 3845
3771 3919
3772 3845 3847
3773 3921
3774 3847
3850
3776 3851 3924
3850 3852
3778 3853 3926
3852 3854
3780 3855 3928
3854 3856
3782 3855 3930
3856 3858
3784 3857 3932
3785 3858 3860 3933
3786 3859 3934
3860 3862
3788 3936
3862 3864 3937
3790 3938
3791 3864 3866 3939
3792 3865 3940
3866 3868 3941
3794 3942
3868 3870
3796 3869 3871 3944
3870 3872 3945
3798 3946
3872 3874
3800 3873 3948
3874 3876
3802 3950
3876 3878
3804 3952
3878 3880 3953
3806 3881 3954
3880 3882
3808 3956
3882 3884
3810 3885 3958
3884 3886
3812 3887 3960
3813 3886 3888
3814 3962
3888 3890
3816 3891 3964
3890 3892 3965
3818 3893 3966
3819 3892 3894 3967
3820 3893 3895 3968
3894 3896
3822 3970
3896 3898
3824 3899 3972
3898 3900
3826 3974
3900 3902
3828 3976
3902 3904
3830 3903 3905 3978
3904 3906 3979
3832 3980
3833 3906 3908
3834 3982
3908 3910
3836 3909 3984
3837 3910 3912
3838 3911 3986
3839 3912 3914
3840 3913 3988
3841 3914 3916 3989
3842 3990
3916 3918 3991
3844 3919 3992
3918 3920 3993
3846 3994
3920 3922 3995
3848 3921 3996
3849 3924 3997
3923 3925
3851 3924 3926 3999
3925 3927
3853 4001
3927 3929 4002
3855 3928 4003
3929 3931
3857 4005
3931 3933 4006
3859 3932 3934 4007
3933 3935 4008
3861 4009
3935 3937
3863 4011
3937 3939 4012
3865 3940 4013
3939 3941
3867 3942 4015
3941 3943
3869 3942 4017
3943 3945 4018
3871 4019
3872 3945 3947
3873 3948 4021
3947 3949 4022
3875 4023
3949 3951
3877 3952 4025
3878 3951 3953
3879 3954 4027
3953 3955
3881 4029
3955 3957 4030
3883 3958 4031
3957 3959
3885 3960 4033
3886 3959 3961
3887 3962 4035
3888 3961 3963
3889 3962 3964 4037
3963 3965
3891 3966 4039
3965 3967 4040
3893 3966 4041
3967 3969 4042
3895 3968 4043
3969 3971
3897 3972 4045
3898 3971 3973
3899 3972 4047
3973 3975
3901 4049
3902 3975 3977
3903 3976 4051
3977 3979 4052
3905 3978 4053
3906 3979 3981 4054
3907 4055
3981 3983
3909 3982 4057
3983 3985 4058
3911 4059
3985 3987
3913 4061
3987 3989
3915 3988 4063
3916 3989 3991
3917 3992 4065
3918 3991 3993 4066
3919 3994 4067
3993 3995 4068
3921 4069
3995
3923 3998
3924 4072
3998 4000 4073
3926 4074
4000 4002
3928 4003 4076
4002 4004
3930 4003 4078
4004 4006
3932 4005 4080
4006 4008 4081
3934 4082
4008 4010
3936 4011 4084
4010 4012
3938 4086
3939 4012 4014 4087
3940 4088
3941 4014 4016 4089
3942 4017 4090
4016 4018 4091
3944 4092
3945 4018 4020
3946 4021 4094
4020 4022
3948 4096
3949 4022 4024
3950 4023 4098
4024 4026 4099
3952 4025 4027 4100
4026 4028 4101
3954 4029 4102
4028 4030
3956 4104
4030 4032 4105
3958 4031 4033 4106
4032 4034
3960 4108
4034 4036
3962 4110
4036 4038
3964 4039 4112
4038 4040
3966 4039 4041 4114
4040 4042
3968 4116
3969 4042 4044
3970 4118
4044 4046
3972 4045 4047 4120
3973 4046 4048
3974 4122
4048 4050
3976 4049 4051 4124
4050 4052
3978 4126
3979 4052 4054
3980 4128
3981 4054 4056
3982 4055 4130
4056 4058 4131
3984 4132
4058 4060
3986 4061 4134
4060 4062 4135
3988 4136
4062 4064
3990 4138
4064 4066
3992 4140
4066 4068
3994 4142
4068 4070
3996 4144
3997 4145
3998 4071 4073
3999 4072 4147
4000 4073 4075
4001 4076 4149
4002 4075 4077
4003 4151
4077 4079
4005 4078 4153
4079 4081
4007 4082 4155
4081 4083
4009 4157
4083 4085
4011 4159
4085 4087 4160
4013 4161
4087 4089
4015 4090 4163
4016 4089 4091
4017 4165
4091 4093
4019 4094 4167
4093 4095 4168
4021 4094 4169
4095 4097 4170
4023 4171
4097 4099
4025 4100 4173
4099 4101
4027 4102 4175
4028 4101 4103
4029 4102 4177
4103 4105
4031 4104 4179
4032 4105 4107 4180
4033 4181
4107 4109
4035 4183
4109 4111 4184
4037 4110 4185
4111 4113 4186
4039 4114 4187
4113 4115
4041 4114 4189
4115 4117 4190
4043 4116 4191
4044 4117 4119 4192
4045 4120 4193
4046 4119 4121
4047 4195
4121 4123
4049 4197
4123 4125 4198
4051 4126 4199
4125 4127
4053 4201
4054 4127 4129
4055 4203
4129 4131
4057 4130 4205
4131 4133
4059 4132 4134 4207
4060 4133 4135
4061 4209
4062 4135 4137
4063 4211
4137 4139 4212
4065 4213
4139 4141
4067 4140 4142 4215
4141 4143 4216
4069 4144 4217
4143
4146 4219
4072 4147 4220
4146 4148 4221
4074 4222
4148 4150
4076 4151 4224
4150 4152
4078 4226
4152 4154 4227
4080 4155 4228
4081 4154 4156
4082 4155 4157 4230
4156 4158
4084 4159 4232
4158 4160 4233
4086 4159 4234
4087 4160 4162
4088 4161 4236
4089 4162 4164 4237
4090 4238
4164 4166
4092 4165 4240
4166 4168 4241
4094 4169 4242
4168 4170
4096 4169 4171 4244
4170 4172
4098 4171 4246
4172 4174
4100 4248
4174 4176
4102 4250
4176 4178
4104 4177 4252
4178 4180
4106 4254
4107 4180 4182 4255
4108 4183 4256
4182 4184
4110 4185 4258
4184 4186 4259
4112 4260
4186 4188
4114 4262
4115 4188 4190
4116 4264
4117 4190 4192
4118 4266
4192 4194
4120 4193 4268
4194 4196
4122 4195 4270
4123 4196 4198
4124 4199 4272
4198 4200
4126 4199 4274
4127 4200 4202
4128 4201 4276
4129 4202 4204
4130 4205 4278
4204 4206 4279
4132 4205 4280
4206 4208
4134 4207 4282
4208 4210 4283
4136 4209 4284
4210 4212
4138 4286
4139 4212 4214
4140 4213 4215 4288
4141 4214 4216
4142 4290
4143 4216 4218 4291
4144 4292
4145 4220 4293
4219 4221
4147 4220 4295
4148 4221 4223
4149 4222 4297
4223 4225 4298
4151 4226 4299
4225 4227
4153 4228 4301
4227 4229 4302
4155 4303
4229 4231
4157 4305
4158 4231 4233
4159 4307
4160 4233 4235 4308
4161 4309
4235 4237
4163 4311
4237 4239
4165 4313
4166 4239 4241
4167 4240 4315
4241 4243
4169 4317
4243 4245
4171 4244 4319
4172 4245 4247
4173 4246 4248 4321
4247 4249 4322
4175 4248 4250 4323
4176 4249 4251 4324
4177 4325
4251 4253
4179 4252 4254 4327
4180 4253 4255
4181 4329
4182 4255 4257 4330
4183 4331
4184 4257 4259 4332
4185 4260 4333
4186 4259 4261
4187 4260 4335
4261 4263
4189 4264 4337
4190 4263 4265 4338
4191 4339
4265 4267
4193 4341
4267 4269
4195 4268 4343
4269 4271 4344
4197 4345
4198 4271 4273
4199 4272 4347
4273 4275
4201 4349
4275 4277
4203 4351
4277 4279
4205 4280 4353
4206 4279 4281
4207 4280 4355
4281 4283
4209 4284 4357
4210 4283 4285 4358
4211 4359
4212 4285 4287
4213 4361
4214 4287 4289 4362
4215 4363
4289 4291
4217 4290 4292 4365
4291
4219 4294 4367
4220 4368
4294 4296 4369
4222 4370
4296 4298
4224 4297 4372
4298 4300
4226 4299 4301 4374
4300 4302 4375
4228 4301 4376
4229 4302 4304 4377
4230 4303 4305 4378
4304 4306
4232 4380
4306 4308
4234 4382
4308 4310
4236 4384
4237 4310 4312 4385
4238 4311 4313 4386
4312 4314
4240 4313 4388
4314 4316
4242 4390
4243 4316 4318
4244 4317 4319 4392
4245 4318 4320
4246 4319 4394
4320 4322
4248 4396
4322 4324
4250 4398
4251 4324 4326
4252 4400
4326 4328 4401
4254 4327 4329 4402
4255 4328 4330 4403
4256 4329 4404
4257 4330 4332
4258 4406
4332 4334 4407
4260 4408
4334 4336
4262 4337 4410
4263 4336 4338
4264 4339 4412
4338 4340
4266 4341 4414
4340 4342 4415
4268 4341 4416
4342 4344 4417
4270 4418
4271 4344 4346 4419
4272 4345 4420
4346 4348
4274 4349 4422
4275 4348 4350 4423
4276 4424
4277 4350 4352
4278 4353 4426
4352 4354 4427
4280 4428
4354 4356 4429
4282 4430
4356 4358
4284 4359 4432
4285 4358 4360 4433
4286 4359 4361 4434
4287 4360 4362
4288 4436
4289 4362 4364
4290 4363 4438
4291 4364 4366
4292 4440
4293 4441
4294 4367 4369 4442
4295 4443
4369 4371 4444
4297 4370 4445
4371 4373 4446
4299 4447
4373 4375 4448
4301 4374 4449
4375 4377 4450
4303 4376 4451
4377 4379
4305 4378 4453
4379 4381
4307 4380 4382 4455
4381 4383
4309 4457
4310 4383 4385
4311 4459
4385 4387
4313 4461
4387 4389 4462
4315 4388 4463
4389 4391
4317 4390 4392 4465
4391 4393
4319 4467
4393 4395
4321 4469
4395 4397
4323 4396 4471
4397 4399
4325 4400 4473
4399 4401
4327 4402 4475
4401 4403 4476
4329 4404 4477
4403 4405 4478
4331 4479
4332 4405 4407
4333 4481
4407 4409
4335 4483
4336 4409 4411
4337 4485
4411 4413
4339 4487
4340 4413 4415
4341 4489
4342 4415 4417
4343 4418 4491
4417 4419 4492
4345 4493
4346 4419 4421
4347 4420 4495
4421 4423
4349 4422 4497
4350 4423 4425 4498
4351 4424 4426 4499
4352 4425 4427 4500
4353 4428 4501
4427 4429
4355 4430 4503
4429 4431
4357 4432 4505
4431 4433 4506
4359 4434 4507
4433 4435
4361 4434 4436 4509
4435 4437 4510
4363 4511
4364 4437 4439
4365 4440 4513
4366 4439
4367 4442
4368 4516
4442 4444
4370 4443 4445 4518
4444 4446 4519
4372 4520
4446 4448
4374 4522
4448 4450
4376 4451 4524
4377 4450 4452
4378 4526
4379 4452 4454
4380 4455 4528
4454 4456
4382 4530
4456 4458
4384 4457 4459 4532
4458 4460
4386 4461 4534
4460 4462
4388 4536
4389 4462 4464
4390 4463 4538
4464 4466 4539
4392 4540
4393 4466 4468
4394 4469 4542
4395 4468 4470 4543
4396 4471 4544
4470 4472
4398 4546
4399 4472 4474 4547
4400 4473 4548
4474 4476 4549
4402 4550
4403 4476 4478 4551
4404 4479 4552
4478 4480
4406 4554
4480 4482
4408 4481 4556
4482 4484 4557
4410 4558
4484 4486 4559
4412 4487 4560
4486 4488
4414 4489 4562
4488 4490
4416 4489 4564
4417 4490 4492
4418 4566
4419 4492 4494
4420 4568
4494 4496
4422 4570
4496 4498 4571
4424 4497 4499 4572
4498 4500
4426 4499 4574
4427 4500 4502
4428 4501 4503 4576
4502 4504
4430 4578
4504 4506
4432 4505 4580
4506 4508
4434 4509 4582
4508 4510
4436 4511 4584
4510 4512
4438 4511 4513 4586
4439 4512 4514
4440 4588
4441 4589
4515 4517
4443 4591
4444 4517 4519
4445 4593
4519 4521
4447 4520 4595
4448 4521 4523 4596
4449 4597
4450 4523 4525
4451 4526 4599
4525 4527 4600
4453 4526 4528 4601
4454 4527 4529
4455 4528 4603
4529 4531
4457 4530 4532 4605
4531 4533
4459 4534 4607
4460 4533 4535
4461 4536 4609
4535 4537
4463 4611
4537 4539
4465 4538 4613
4466 4539 4541 4614
4467 4615
4541 4543
4469 4617
4470 4543 4545
4471 4546 4619
4545 4547 4620
4473 4621
4547 4549
4475 4548 4623
4549 4551
4477 4625
4551 4553
4479 4627
4480 4553 4555 4628
4481 4556 4629
4482 4555 4557
4483 4556 4631
4484 4557 4559
4485 4633
4486 4559 4561 4634
4487 4562 4635
4561 4563 4636
4489 4562 4564 4637
4563 4565 4638
4491 4564 4639
4492 4565 4567 4640
4493 4641
4567 4569
4495 4568 4643
4569 4571 4644
4497 4572 4645
4571 4573 4646
4499 4572 4574 4647
4573 4575
4501 4576 4649
4502 4575 4577
4503 4651
4504 4577 4579
4505 4653
4579 4581
4507 4580 4655
4581 4583
4509 4657
4583 4585
4511 4584 4659
4585 4587 4660
4513 4588 4661
4587
4590
4516 4589 4591 4664
4590 4592
4518 4593 4666
4592 4594
4520 4668
4521 4594 4596
4522 4670
4523 4596 4598 4671
4524 4599 4672
4525 4598 4600
4526 4674
4600 4602
4528 4601 4676
4602 4604
4530 4678
4604 4606 4679
4532 4607 4680
4606 4608
4534 4682
4608 4610 4683
4536 4684
4537 4610 4612
4538 4686
4612 4614
4540 4613 4688
4541 4614 4616 4689
4542 4617 4690
4616 4618
4544 4617 4692
4618 4620 4693
4546 4619 4621 4694
4620 4622
4548 4696
4622 4624
4550 4623 4698
4624 4626
4552 4625 4627 4700
4553 4626 4628 4701
4554 4627 4702
4628 4630
4556 4631 4704
4630 4632 4705
4558 4633 4706
4632 4634 4707
4560 4708
4634 4636 4709
4562 4710
4563 4636 4638 4711
4564 4637 4712
4565 4638 4640 4713
4566 4714
4640 4642 4715
4568 4643 4716
4569 4642 4644
4570 4643 4718
4571 4644 4646
4572 4720
4573 4646 4648
4574 4647 4722
4648 4650
4576 4651 4724
4650 4652 4725
4578 4726
4652 4654
4580 4728
4581 4654 4656
4582 4655 4730
4656 4658
4584 4657 4659 4732
4658 4660 4733
4586 4734
4587 4660 4662
4588 4736
4589 4737
4590 4663 4665
4591 4664 4739
4665 4667
4593 4666 4741
4594 4667 4669 4742
4595 4670 4743
4669 4671
4597 4672 4745
4598 4671 4673
4599 4674 4747
4600 4673 4675
4601 4676 4749
4675 4677
4603 4751
4677 4679
4605 4753
4606 4679 4681
4607 4755
4681 4683
4609 4682 4757
4610 4683 4685
4611 4759
4685 4687
4613 4761
4687 4689 4762
4615 4688 4690 4763
4689 4691
4617 4692 4765
4618 4691 4693
4619 4692 4694 4767
4620 4693 4695
4621 4696 4769
4622 4695 4697
4623 4696 4698 4771
4697 4699
4625 4698 4773
4699 4701
4627 4702 4775
4701 4703
4629 4777
4703 4705 4778
4631 4779
4705 4707
4633 4781
4634 4707 4709 4782
4635 4783
4709 4711
4637 4785
4711 4713
4639 4712 4787
4640 4713 4715 4788
4641 4714 4789
4715 4717 4790
4643 4716 4791
4644 4717 4719
4645 4718 4720 4793
4719 4721 4794
4647 4722 4795
4721 4723 4796
4649 4724 4797
4650 4723 4725 4798
4651 4726 4799
4725 4727 4800
4653 4801
4654 4727 4729
4655 4728 4803
4729 4731
4657 4805
4731 4733
4659 4807
4733 4735 4808
4661 4809
4735
4738
4664 4812
4738 4740 4813
4666 4814
4740 4742
4668 4816
4742 4744 4817
4670 4745 4818
4671 4744 4746 4819
4672 4820
4746 4748 4821
4674 4822
4675 4748 4750
4676 4824
4750 4752 4825
4678 4751 4753 4826
4752 4754
4680 4828
4681 4754 4756 4829
4682 4757 4830
4756 4758
4684 4832
4685 4758 4760 4833
4686 4834
4687 4760 4762
4688 4836
4689 4762 4764 4837
4690 4765 4838
4691 4764 4766
4692 4765 4840
4766 4768 4841
4694 4767 4769 4842
4768 4770
4696 4771 4844
4770 4772
4698 4773 4846
4699 4772 4774
4700 4775 4848
4774 4776
4702 4775 4777 4850
4776 4778
4704 4777 4852
4705 4778 4780
4706 4779 4854
4707 4780 4782 4855
4708 4856
4709 4782 4784
4710 4858
4711 4784 4786
4712 4785 4860
4713 4786 4788
4714 4789 4862
4788 4790
4716 4864
4717 4790 4792
4718 4791 4866
4792 4794
4720 4868
4721 4794 4796
4722 4795 4797 4870
4723 4796 4798
4724 4797 4872
4725 4798 4800
4726 4799 4874
4800 4802 4875
4728 4876
4729 4802 4804
4730 4803 4805 4878
4804 4806
4732 4805 4880
4733 4806 4808
4734 4882
4808 4810
4736 4809 4884
4737 4812 4885
4811 4813
4739 4814 4887
4813 4815
4741 4814 4889
4742 4815 4817 4890
4743 4891
4817 4819 4892
4745 4893
4746 4819 4821
4747 4895
4821 4823 4896
4749 4822 4824 4897
4823 4825 4898
4751 4899
4825 4827
4753 4826 4828 4901
4827 4829 4902
4755 4828 4830 4903
4756 4829 4831 4904
4757 4905
4831 4833
4759 4832 4907
4760 4833 4835 4908
4761 4836 4909
4762 4835 4837
4763 4838 4911
4764 4837 4839
4765 4840 4913
4839 4841
4767 4842 4915
4841 4843
4769 4842 4917
4770 4843 4845
4771 4844 4919
4845 4847 4920
4773 4921
4847 4849
4775 4848 4923
4776 4849 4851 4924
4777 4850 4852 4925
4778 4851 4853 4926
4779 4927
4780 4853 4855 4928
4781 4854 4856 4929
4855 4857 4930
4783 4858 4931
4857 4859 4932
4785 4858 4933
4786 4859 4861
4787 4862 4935
4861 4863
4789 4937
4863 4865
4791 4939
4865 4867
4793 4868 4941
4867 4869
4795 4868 4870 4943
4869 4871
4797 4945
4871 4873
4799 4874 4947
4873 4875
4801 4874 4876 4949
4875 4877
4803 4876 4951
4877 4879 4952
4805 4878 4953
4879 4881
4807 4882 4955
4808 4881 4883
4809 4957
4810 4883
4886 4959
4812 4887 4960
4813 4886 4888
4814 4962
4815 4888 4890
4816 4889 4891 4964
4890 4892 4965
4818 4966
4892 4894
4820 4893 4968
4894 4896
4822 4970
4823 4896 4898
4824 4899 4972
4825 4898 4900 4973
4826 4974
4827 4900 4902 4975
4828 4903 4976
4902 4904
4830 4903 4905 4978
4831 4904 4906 4979
4832 4980
4833 4906 4908 4981
4834 4907 4982
4835 4908 4910
4836 4984
4910 4912
4838 4986
4912 4914
4840 4913 4988
4914 4916 4989
4842 4917 4990
4916 4918 4991
4844 4992
4918 4920 4993
4846 4921 4994
4920 4922
4848 4996
4922 4924 4997
4850 4923 4998
4924 4926
4852 4925 5000
4926 4928
4854 4929 5002
4928 4930
4856 4929 4931 5004
4930 4932
4858 5006
4932 4934 5007
4860 5008
4861 4934 4936
4862 5010
4863 4936 4938
4864 5012
4865 4938 4940 5013
4866 4939 5014
4867 4940 4942 5015
4868 4943 5016
4942 4944 5017
4870 4945 5018
4944 4946
4872 4945 4947 5020
4873 4946 4948
4874 5022
4875 4948 4950
4876 4951 5024
4877 4950 4952
4878 4951 4953 5026
4952 4954 5027
4880 5028
4954 4956 5029
4882 5030
4883 4956 4958
4884 5032
4885 5033
4959 4961
4887 4960 4962 5035
4961 4963
4889 5037
4963 4965
4891 4966 5039
4965 4967
4893 4966 5041
4894 4967 4969
4895 4970 5043
4969 4971 5044
4897 4972 5045
4898 4971 4973 5046
4899 4972 5047
4900 4973 4975 5048
4901 4974 4976 5049
4975 4977 5050
4903 4976 5051
4977 4979 5052
4905 5053
4979 4981 5054
4907 4982 5055
4981 4983
4909 5057
4983 4985
4911 5059
4985 4987
4913 4988 5061
4987 4989
4915 5063
4989 4991 5064
4917 5065
4991 4993
4919 4992 5067
4993 4995
4921 4996 5069
4995 4997 5070
4923 4996 5071
4924 4997 4999 5072
4925 4998 5000 5073
4999 5001
4927 5075
4928 5001 5003 5076
4929 5077
5003 5005 5078
4931 5079
4932 5005 5007 5080
4933 5008 5081
5007 5009
4935 5008 5083
5009 5011
4937 5010 5012 5085
4938 5011 5013
4939 5012 5087
5013 5015
4941 5089
5015 5017 5090
4943 5091
4944 5017 5019
4945 5020 5093
5019 5021 5094
4947 5020 5095
4948 5021 5023
4949 5022 5097
5023 5025 5098
4951 5024 5026 5099
5025 5027
4953 5026 5028 5101
5027 5029
4955 5103
5029 5031
4957 5105
4958 5031
4959 5034
4960 5033 5108
5034 5036 5109
4962 5110
5036 5038
4964 5112
5038 5040
4966 5039 5114
4967 5040 5042
4968 5043 5116
5042 5044 5117
4970 5118
5044 5046
4972 5045 5120
4973 5046 5048
4974 5122
5048 5050 5123
4976 5049 5124
4977 5050 5052
4978 5053 5126
5052 5054
4980 5055 5128
4981 5054 5056 5129
4982 5055 5057 5130
5056 5058 5131
4984 5057 5132
5058 5060 5133
4986 5059 5134
4987 5060 5062 5135
4988 5063 5136
4989 5062 5064
4990 5065 5138
4991 5064 5066 5139
4992 5065 5140
5066 5068
4994 5067 5142
4995 5068 5070
4996 5069 5144
5070 5072 5145
4998 5146
4999 5072 5074
5000 5073 5075 5148
5001 5074 5076
5002 5150
5076 5078 5151
5004 5152
5005 5078 5080 5153
5006 5081 5154
5080 5082
5008 5083 5156
5082 5084
5010 5085 5158
5011 5084 5086
5012 5160
5086 5088
5014 5089 5162
5015 5088 5090 5163
5016 5164
5090 5092 5165
5018 5093 5166
5092 5094 5167
5020 5093 5168
5021 5094 5096
5022 5095 5097 5170
5096 5098
5024 5097 5172
5098 5100
5026 5174
5100 5102 5175
5028 5176
5102 5104 5177
5030 5178
5104 5106
5032 5180
5033 5181
5107 5109
5035 5108 5183
5109 5111
5037 5185
5111 5113
5039 5187
5113 5115
5041 5114 5189
5042 5115 5117
5043 5118 5191
5117 5119
5045 5193
5119 5121 5194
5047 5122 5195
5048 5121 5123
5049 5197
5123 5125
5051 5199
5125 5127
5053 5126 5201
5127 5129
5055 5128 5203
5056 5129 5131
5057 5130 5205
5131 5133
5059 5132 5134 5207
5060 5133 5135
5061 5209
5062 5135 5137
5063 5211
5064 5137 5139 5212
5065 5138 5213
5066 5139 5141
5067 5140 5215
5068 5141 5143
5069 5144 5217
5143 5145
5071 5219
5145 5147
5073 5221
5147 5149
5075 5150 5223
5076 5149 5151
5077 5225
5151 5153
5079 5227
5153 5155 5228
5081 5229
5155 5157
5083 5156 5231
5157 5159
5085 5160 5233
5159 5161
5087 5160 5162 5235
5161 5163 5236
5089 5162 5237
5163 5165
5091 5166 5239
5092 5165 5167 5240
5093 5241
5167 5169 5242
5095 5243
5096 5169 5171 5244
5097 5245
5171 5173
5099 5247
5100 5173 5175 5248
5101 5249
5102 5175 5177
5103 5176 5251
5177 5179
5105 5253
5106 5179
5182
5108 5181 5256
5109 5182 5184
5110 5258
5184 5186
5112 5260
5186 5188
5114 5262
5115 5188 5190
5116 5189 5264
5117 5190 5192
5118 5191 5266
5192 5194
5120 5195 5268
5194 5196
5122 5195 5197 5270
5196 5198
5124 5197 5199 5272
5125 5198 5200
5126 5274
5127 5200 5202
5128 5201 5276
5202 5204
5130 5203 5205 5278
5131 5204 5206
5132 5207 5280
5206 5208
5134 5209 5282
5208 5210
5136 5209 5211 5284
5137 5210 5212
5138 5211 5213 5286
5212 5214
5140 5288
5141 5214 5216
5142 5290
5216 5218
5144 5292
5145 5218 5220
5146 5219 5221 5294
5147 5220 5222
5148 5221 5223 5296
5222 5224
5150 5298
5224 5226
5152 5225 5227 5300
5226 5228
5154 5302
5155 5228 5230
5156 5229 5304
5230 5232 5305
5158 5231 5306
5232 5234
5160 5233 5308
5161 5234 5236 5309
5162 5237 5310
5163 5236 5238 5311
5164 5237 5312
5238 5240
5166 5314
5167 5240 5242
5168 5241 5243 5316
5242 5244 5317
5170 5318
5244 5246
5172 5320
5246 5248
5174 5247 5322
5248 5250 5323
5176 5324
5250 5252
5178 5251 5326
5179 5252 5254
5180 5328
5181 5329
5182 5255 5257
5183 5331
5257 5259 5332
5185 5333
5259 5261 5334
5187 5260 5335
5261 5263
5189 5337
5263 5265 5338
5191 5339
5265 5267 5340
5193 5266 5341
5194 5267 5269
5195 5270 5343
5269 5271
5197 5345
5271 5273
5199 5272 5347
5273 5275
5201 5349
5202 5275 5277
5203 5276 5351
5204 5277 5279
5205 5353
5279 5281
5207 5282 5355
5281 5283
5209 5282 5357
5283 5285 5358
5211 5359
5285 5287
5213 5361
5214 5287 5289
5215 5363
5216 5289 5291
5217 5365
5291 5293
5219 5292 5367
5293 5295
5221 5294 5369
5222 5295 5297
5223 5296 5298 5371
5297 5299
5225 5373
5226 5299 5301
5227 5300 5375
5301 5303 5376
5229 5302 5377
5303 5305
5231 5306 5379
5305 5307 5380
5233 5308 5381
5307 5309
5235 5308 5310 5383
5309 5311 5384
5237 5385
5311 5313
5239 5387
5313 5315 5388
5241 5389
5315 5317
5243 5391
5317 5319
5245 5318 5320 5393
5246 5319 5321
5247 5320 5322 5395
5321 5323
5249 5397
5250 5323 5325
5251 5399
5325 5327
5253 5328 5401
5327
5255 5330
5256 5329 5331 5404
5257 5330 5332
5258 5331 5333 5406
5332 5334
5260 5333 5408
5334 5336
5262 5335 5337 5410
5336 5338 5411
5264 5337 5339 5412
5338 5340
5266 5341 5414
5267 5340 5342 5415
5268 5343 5416
5342 5344
5270 5418
5271 5344 5346
5272 5345 5420
5346 5348
5274 5347 5422
5275 5348 5350
5276 5424
5277 5350 5352
5278 5426
5352 5354
5280 5353 5428
5354 5356
5282 5355 5430
5356 5358
5284 5432
5358 5360
5286 5359 5434
5360 5362
5288 5363 5436
5362 5364
5290 5363 5438
5291 5364 5366
5292 5365 5367 5440
5366 5368
5294 5367 5442
5368 5370
5296 5444
5297 5370 5372 5445
5298 5446
5299 5372 5374
5300 5375 5448
5374 5376
5302 5450
5376 5378
5304 5377 5452
5378 5380 5453
5306 5381 5454
5307 5380 5382
5308 5456
5382 5384
5310 5383 5385 5458
5384 5386
5312 5385 5387 5460
5313 5386 5388
5314 5387 5462
5315 5388 5390
5316 5464
5390 5392
5318 5466
5319 5392 5394
5320 5395 5468
5321 5394 5396
5322 5395 5397 5470
5396 5398
5324 5397 5472
5325 5398 5400 5473
5326 5401 5474
5327 5400 5402
5328 5476
5329 5404
5403 5405
5331 5404
5405 5407
5333 5406
5334 5407 5409
5335
5409 5411
5337 5410
5338 5411 5413
5339 5412 5414
5340 5413 5415
5341
5342 5415 5417
5343 5416 5418
5417 5419
5345 5418
5419 5421
5347
5421 5423
5349
5423 5425
5351
5352 5425 5427
5353
5427 5429
5355
5429 5431
5357 5432
5431 5433
5359
5433 5435
5361
5362 5435 5437
5363
5364 5437 5439
5365 5440
5366 5439 5441
5367 5440
5441 5443
5369 5442 5444
5370 5443 5445
5371
5445 5447
5373 5446
5374 5447 5449
5375
5376 5449 5451
5377
5451 5453
5379 5452
5453 5455
5381
5455 5457
5383 5456
5457 5459
5385 5458
5386 5459 5461
5387 5460
5461 5463
5389 5462
5463 5465
5391 5464
5465 5467
5393 5466 5468
5467 5469
5395 5468
5469 5471
5397 5470
5398 5471 5473
5399 5472
5400 5473 5475
5401 5476
5402 5475
