5625 17294 0
2 76
1 3 77
2 4
79
4 6 80
81
6 8 82
83
8 10
9 11 85
10 12 86
11 13 87
12 14 88
13 15 89
14 16 90
91
16 18 92
19 93
18 20
19 21 95
20 22 96
23 97
22 24 98
25 99
24 26 100
101
26 28
27 103
28 30
29 31 105
30 32 106
107
32 34 108
33 109
34 36
35 111
36 38 112
113
38 40
39 41 115
40 42 116
41 43 117
42 44
43 45 119
44 46
121
46 48 122
49 123
48 50
51 125
50 52 126
51 127
52 54 128
53 55 129
54 56 130
57 131
56 58
133
58 60
59 135
60 62 136
61 137
62 64
63 65 139
64 66
65 141
66 68
69 143
68 70
69 145
70 72 146
71 73 147
72 74
73 149
74 150
1 77 151
2 76 78 152
3 153
78 80 154
5 79 81 155
6 80 82
7 83 157
8 82 84 158
9 159
84 86 160
11 85 87 161
86 88
13 163
14 88 90 164
15 89 165
16 90 92 166
17 91 93 167
18 92 94 168
19 93 169
94 96
21 95 97 171
22 96 98 172
23 97 173
24 98 100 174
25 99 175
100 102
27 101 177
102 104
29 105 179
104 106 180
31 105 107 181
106 108 182
33 183
108 110
35 109 185
36 110 112
37 187
38 112 114
39 113 189
40 114 116
41 115 117 191
42 116 118 192
43 117 119 193
44 118 120 194
45 121 195
46 120 122
47 121 123 197
48 122 124 198
49 199
50 124 126 200
51 125 127 201
52 126 128 202
53 129 203
128 130
55 129 205
130 132
57 131 207
132 134
59 133 209
60 134 136
61 137 211
136 138
63 137 139 213
64 138 140
65 139 141 215
140 142 216
67 141 143 217
142 144
69 145 219
144 146 220
71 221
146 148 222
73 147 223
148 150
75 149 225
152 226
77 151 227
152 154 228
79 153 229
154 156 230
81 155 231
82 156 158
83 159 233
158 160 234
85 161 235
160 162
87 163 237
162 164 238
89 163 239
164 166 240
91 167 241
92 166 168
93 243
94 168 170
95 169 245
96 170 172
97 171 173 247
172 174 248
99 173 175 249
174 176 250
101 177 251
176 178 252
103 177 179 253
104 178 180
105 255
180 182 256
107 183 257
108 182 184 258
109 259
110 184 186 260
111 185 187 261
112 186 188
113 263
188 190
115 189 191 265
116 190 192 266
117 267
118 192 194 268
119 269
120 194 196
121 195 197 271
196 198
123 197 199 273
198 200 274
125 199 275
200 202 276
127 277
128 202 204 278
129 205 279
130 204 206
131 207 281
132 206 208 282
133 283
208 210 284
135 209 285
136 210 212 286
137 213 287
212 214 288
139 213 215 289
214 216
141 215 217 291
142 216 218 292
143 219 293
218 220 294
145 219 221 295
220 222
147 223 297
148 222 224
149 223 299
224
151 227 301
152 226 228
153 227 303
154 228 230 304
155 229 305
230 232
157 231 307
158 232 234
159 309
234 236 310
161 235 237 311
162 236 238
163 237 239 313
238 240 314
165 315
166 240 242 316
167 243 317
168 242 244
169 243 245 319
244 246 320
171 245 321
172 246 248 322
173 247 249 323
174 248 250
175 249 325
250 252 326
177 251 253 327
252 254
179 255 329
254 256
181 257 331
182 256 258 332
183 257 333
258 260 334
185 335
260 262 336
187 263 337
262 264 338
189 263 265 339
190 264 266
191 265 267 341
192 266 268 342
193 267 269 343
194 268 270 344
195 269 271 345
270 272 346
197 271 273 347
198 272 274 348
199 349
274 276
201 277 351
276 278 352
203 277 279 353
204 278 280
205 279 355
280 282
207 281 357
208 282 284
209 283 359
210 284 286 360
211 361
286 288 362
213 363
214 288 290 364
215 291 365
216 290 292 366
217 293 367
292 294
219 295 369
220 294 296 370
221 295 371
296 298
223 297 299 373
298 300
225 375
226 302 376
227 377
228 302 304 378
229 303 379
304 306
231 305 381
306 308 382
233 307 383
234 308 310
235 385
236 310 312 386
237 311 387
238 312 314 388
239 313 315 389
240 314 316 390
241 315 317 391
242 316 318
243 393
244 318 320 394
245 319 395
320 322 396
247 321 323 397
248 322 324 398
249 325 399
324 326
251 325 401
252 326 328
253 403
254 328 330 404
255 331 405
330 332 406
257 331 333 407
258 332 334 408
259 409
334 336
261 411
262 336 338 412
263 339 413
338 340
265 415
266 340 342 416
267 341 343 417
268 342 344
269 343 419
344 346 420
271 421
272 346 348
273 347 423
274 348 350
275 425
276 350 352 426
277 351 353 427
352 354
279 353 429
280 354 356 430
281 355 357 431
282 356 358
283 357 433
358 360
285 361 435
286 360 362 436
287 363 437
362 364 438
289 363 365 439
364 366 440
291 365 441
292 366 368 442
293 443
294 368 370 444
295 371 445
296 370 372 446
297 373 447
372 374 448
299 449
374 450
301 451
376 378 452
303 379 453
304 378 380 454
305 379 455
306 380 382 456
307 381 383 457
382 384 458
309 383 385 459
310 384 386
311 387 461
386 388 462
313 389 463
314 388 390
315 391 465
390 392 466
317 391 393 467
392 394
319 393 395 469
320 394 396
321 395 471
322 396 398 472
323 397 399 473
324 398 400
325 401 475
326 400 402 476
327 401 403 477
328 402 404 478
329 479
330 404 406 480
331 405 481
406 408
333 409 483
334 408 410
335 409 485
410 412
337 411 413 487
338 412 414 488
339 415 489
414 416 490
341 415 491
342 416 418 492
343 417 493
418 420 494
345 421 495
346 420 422
347 421 423 497
422 424 498
349 425 499
350 424 426
351 501
426 428 502
353 503
354 428 430 504
355 429 431 505
356 430 432 506
357 431 507
432 434 508
359 433 509
360 434 436
361 437 511
436 438 512
363 437 439 513
364 438 440 514
365 441 515
366 440 442 516
367 441 443 517
368 442 444 518
369 445 519
370 444 446
371 445 447 521
446 448
373 523
448 450 524
375 449 525
452 526
377 451 453 527
452 454 528
379 453 529
454 456
381 455 457 531
382 456 458 532
383 459 533
384 458 460
385 461 535
460 462
387 461 537
388 462 464 538
389 463 465 539
464 466
391 541
466 468
393 469 543
394 468 470
395 545
470 472
397 471 473 547
472 474 548
399 475 549
474 476
401 475 477 551
476 478 552
403 477 479 553
404 478 480
405 479 555
480 482
407 481 483 557
482 484 558
409 483 485 559
484 486 560
411 485 487 561
412 486 488 562
413 489 563
414 488 490 564
415 489 565
416 490 492
417 491 567
492 494
419 493 569
494 496 570
421 571
422 496 498
423 573
498 500
425 499 501 575
500 502 576
427 501 503 577
502 504
429 579
504 506
431 505 581
432 506 508 582
433 583
434 508 510 584
435 511 585
510 512
437 511 587
438 512 514 588
439 515 589
514 516
441 591
516 518
443 517 519 593
444 518 520
445 521 595
520 522
447 523 597
448 522 524 598
449 599
450 524
451 527 601
526 528 602
453 527 603
528 530 604
455 529 605
530 532 606
457 531 533 607
458 532 534 608
459 609
460 534 536
461 611
462 536 538 612
463 613
538 540
465 539 541 615
540 542
467 617
542 544 618
469 543 545 619
470 544 546 620
471 547 621
472 546 548
473 547 549 623
548 550
475 551 625
550 552
477 551 553 627
552 554 628
479 553 629
554 556
481 555 557 631
556 558 632
483 633
484 558 560
485 561 635
486 560 562
487 563 637
562 564
489 563 565 639
490 564 566 640
491 565 641
492 566 568 642
493 569 643
494 568 570
495 571 645
496 570 572 646
497 571 573 647
498 572 574 648
499 575 649
574 576
501 651
502 576 578 652
503 577 653
504 578 580 654
505 579 655
506 580 582 656
507 581 583 657
582 584 658
509 583 585 659
510 584 586 660
511 585 587 661
586 588 662
513 589 663
588 590
515 589 591 665
516 590 592
517 591 667
592 594
519 595 669
594 596
521 595 671
522 596 598 672
523 599 673
524 598 600
525 675
526 602
527 603 677
528 602 604 678
529 603 605 679
604 606 680
531 681
606 608 682
533 607 609 683
608 610
535 611 685
536 610 612 686
537 613 687
612 614 688
539 613 615 689
540 614 616
541 617 691
542 616 618
543 617 693
618 620 694
545 619 621 695
546 620 622
547 697
622 624 698
549 623 625 699
550 624 626
551 627 701
552 626 628
553 627 703
554 628 630
555 629 705
556 630 632 706
557 631 707
558 632 634
559 633 709
634 636 710
561 637 711
562 636 638 712
563 639 713
638 640
565 639 641 715
566 640 642 716
567 641 643 717
568 642 644
569 643 645 719
644 646 720
571 721
572 646 648 722
573 649 723
574 648 650 724
575 651 725
576 650 652
577 653 727
578 652 654 728
579 653 655 729
654 656
581 655 657 731
582 656 658
583 657 733
658 660 734
585 659 661 735
660 662 736
587 661 663 737
588 662 664 738
589 739
664 666
591 741
666 668
593 669 743
594 668 670
595 669 671 745
670 672
597 671 747
598 672 674
599 675 749
600 674 750
601 751
602 676 678
603 677 679 753
678 680 754
605 679 755
606 680 682
607 757
608 682 684 758
609 683 685 759
684 686
611 685 687 761
612 686 688
613 687 689 763
688 690
615 689 691 765
690 692 766
617 691 693 767
618 692 694
619 769
620 694 696 770
621 695 697 771
622 696 698 772
623 697 773
698 700
625 701 775
626 700 702
627 703 777
702 704 778
629 705 779
630 704 706 780
631 705 707 781
632 706 708
633 709 783
634 708 710 784
635 709 785
710 712 786
637 713 787
638 712 714
639 715 789
640 714 716 790
641 715 717 791
716 718 792
643 717 719 793
644 718 720 794
645 719 795
646 720 722 796
647 723 797
648 722 724 798
649 723 725 799
650 724 726 800
651 725 801
652 726 728
653 727 729 803
654 728 730
655 805
656 730 732 806
657 733 807
732 734
659 735 809
660 734 736
661 735 737 811
662 736 738 812
663 737 739 813
664 738 740 814
665 741 815
666 740 742 816
667 741 743 817
742 744
669 743 745 819
744 746 820
671 745 821
672 746 748
673 823
748 750
675 749 825
676 752
677 751 827
678 752 754
679 753 829
680 754 756
681 755 757 831
682 756 758
683 759 833
684 758 760 834
685 759 761 835
686 760 762 836
687 763 837
688 762 764
689 763 839
690 764 766 840
691 765 767 841
692 766 768 842
693 767 843
694 768 770 844
695 845
770 772 846
697 771 773 847
772 774 848
699 773 849
700 774 776
701 775 851
776 778 852
703 777 779 853
704 778 780 854
705 779 855
706 780 782 856
707 781 857
708 782 784 858
709 783 785 859
784 786 860
711 785 861
786 788 862
713 789 863
714 788 790 864
715 789 791 865
716 790 792 866
717 791 793 867
792 794 868
719 795 869
720 794 796 870
721 795 871
722 796 798 872
723 799 873
724 798 800 874
725 875
800 802
727 803 877
802 804 878
729 805 879
730 804 806 880
731 805 881
806 808 882
733 807 883
734 808 810
735 885
810 812 886
737 813 887
738 812 814 888
739 813 815 889
740 814 816
741 891
742 816 818 892
743 893
818 820 894
745 821 895
820 822 896
747 897
748 822 824 898
749 825 899
750 824 900
751 901
752 826 828
753 903
754 828 830
755 829 905
756 830 832 906
757 833 907
832 834 908
759 833 909
760 834 836 910
761 835 837 911
762 836 838
763 837 913
838 840 914
765 915
766 840 842
767 841 917
768 842 844 918
769 919
770 844 846 920
771 845 921
846 848
773 849 923
848 850
775 849 851 925
850 852
777 853 927
778 852 854
779 929
854 856
781 855 931
856 858 932
783 933
784 858 860 934
785 859 935
860 862
787 861 937
788 862 864 938
789 863 939
864 866 940
791 867 941
792 866 868
793 869 943
794 868 870 944
795 945
870 872
797 947
872 874 948
799 873 949
800 874 876 950
801 875 951
876 878
803 877 879 953
878 880
805 881 955
806 880 882
807 881 957
882 884 958
809 883 959
884 886 960
811 885 887 961
886 888
813 887 963
814 888 890
815 889 891 965
890 892 966
817 891 893 967
818 892 894
819 893 895 969
820 894 896 970
821 895 897 971
822 896 898 972
823 899 973
898 900
825 899 975
826 902 976
827 977
902 904 978
829 903 979
904 906 980
831 981
832 906 908 982
833 909 983
834 908 910 984
835 911 985
910 912 986
837 913 987
912 914
839 989
840 914 916 990
841 915 991
916 918 992
843 919 993
844 918 920 994
845 995
920 922 996
847 921 923 997
848 922 924 998
849 925 999
924 926 1000
851 925 927 1001
926 928
853 927 929 1003
928 930
855 931 1005
856 930 932
857 933 1007
932 934 1008
859 935 1009
934 936
861 935 937 1011
862 936 938
863 939 1013
938 940
865 939 1015
866 940 942
867 941 1017
868 942 944 1018
869 943 1019
944 946
871 945 947 1021
946 948 1022
873 949 1023
948 950
875 951 1025
876 950 952
877 1027
952 954 1028
879 1029
880 954 956
881 957 1031
882 956 958 1032
883 959 1033
884 958 960 1034
885 959 961 1035
960 962
887 961 1037
888 962 964
889 963 1039
890 964 966 1040
891 967 1041
966 968 1042
893 1043
968 970 1044
895 969 971 1045
896 970 972 1046
897 971 973 1047
898 972 974 1048
899 1049
900 974 1050
901 1051
976 978
903 979 1053
904 978 980 1054
905 979 1055
980 982 1056
907 983 1057
908 982 984
909 983 1059
910 984 986
911 985 1061
986 988
913 987 1063
914 988 990 1064
915 991 1065
990 992 1066
917 1067
992 994 1068
919 993 995 1069
920 994 996 1070
921 997 1071
996 998
923 997 1073
924 998 1000 1074
925 1075
1000 1002
927 1003 1077
1002 1004 1078
929 1003 1079
930 1004 1006
931 1005 1081
1006 1008
933 1007 1009 1083
934 1008 1010 1084
935 1009 1085
936 1010 1012
937 1011 1013 1087
938 1012 1014
939 1013 1015 1089
1014 1016 1090
941 1015 1091
1016 1018 1092
943 1093
1018 1020 1094
945 1095
1020 1022
947 1021 1097
948 1022 1024 1098
949 1025 1099
950 1024 1026
951 1025 1027 1101
952 1026 1028
953 1027 1029 1103
954 1028 1030 1104
955 1031 1105
1030 1032 1106
957 1031 1107
1032 1034
959 1035 1109
1034 1036
961 1037 1111
962 1036 1038 1112
963 1037 1039 1113
964 1038 1040 1114
965 1039 1041 1115
966 1040 1042
967 1117
1042 1044
969 1045 1119
1044 1046
971 1045 1047 1121
972 1046 1048
973 1047 1049 1123
974 1048 1050
975 1049 1125
976 1052
977 1051 1127
978 1052 1054
979 1129
1054 1056
981 1057 1131
1056 1058
983 1057 1059 1133
1058 1060 1134
985 1135
986 1060 1062
987 1063 1137
1062 1064
989 1063 1139
990 1064 1066 1140
991 1065 1141
992 1066 1068 1142
993 1067 1069 1143
994 1068 1070
995 1071 1145
996 1070 1072 1146
997 1073 1147
998 1072 1074 1148
999 1075 1149
1000 1074 1076 1150
1001 1075 1077 1151
1076 1078
1003 1153
1004 1078 1080 1154
1005 1081 1155
1006 1080 1082 1156
1007 1081 1157
1008 1082 1084 1158
1009 1083 1159
1010 1084 1086
1011 1085 1161
1086 1088 1162
1013 1163
1014 1088 1090 1164
1015 1089 1091 1165
1090 1092
1017 1167
1018 1092 1094
1019 1169
1020 1094 1096 1170
1021 1095 1097 1171
1096 1098 1172
1023 1099 1173
1098 1100
1025 1099 1101 1175
1026 1100 1102 1176
1027 1101 1103 1177
1028 1102 1104
1029 1179
1030 1104 1106
1031 1105 1107 1181
1032 1106 1108 1182
1033 1109 1183
1108 1110 1184
1035 1185
1110 1112 1186
1037 1111 1187
1038 1112 1114 1188
1039 1113 1115 1189
1040 1114 1116 1190
1041 1191
1116 1118
1043 1119 1193
1044 1118 1120
1045 1121 1195
1120 1122 1196
1047 1121 1197
1122 1124 1198
1049 1123 1125 1199
1124 1200
1051 1201
1052 1126 1128 1202
1053 1203
1128 1130 1204
1055 1131 1205
1056 1130 1132
1057 1131 1207
1132 1134
1059 1133 1209
1060 1134 1136 1210
1061 1135 1137 1211
1136 1138
1063 1137 1213
1064 1138 1140
1065 1141 1215
1140 1142
1067 1143 1217
1142 1144 1218
1069 1219
1144 1146
1071 1145 1221
1072 1146 1148
1073 1149 1223
1074 1148 1150 1224
1075 1151 1225
1150 1152 1226
1077 1151 1153 1227
1152 1154
1079 1153 1155 1229
1080 1154 1156 1230
1081 1157 1231
1082 1156 1158
1083 1233
1158 1160
1085 1161 1235
1086 1160 1162
1087 1161 1163 1237
1162 1164 1238
1089 1163 1165 1239
1090 1164 1166 1240
1091 1241
1166 1168
1093 1169 1243
1094 1168 1170 1244
1095 1171 1245
1096 1170 1172
1097 1171 1247
1172 1174
1099 1173 1249
1174 1176
1101 1177 1251
1176 1178
1103 1177 1253
1178 1180 1254
1105 1179 1181 1255
1106 1180 1182 1256
1107 1181 1257
1182 1184 1258
1109 1183 1185 1259
1110 1184 1186 1260
1111 1185 1187 1261
1186 1188 1262
1113 1263
1114 1188 1190 1264
1115 1191 1265
1116 1190 1192 1266
1117 1193 1267
1192 1194
1119 1269
1120 1194 1196 1270
1121 1195 1197 1271
1122 1196 1198
1123 1197 1273
1198 1200 1274
1125 1275
1126 1202 1276
1127 1277
1128 1202 1204 1278
1129 1205 1279
1130 1204 1206
1131 1205 1207 1281
1132 1206 1208
1133 1209 1283
1134 1208 1210 1284
1135 1285
1136 1210 1212
1137 1211 1287
1212 1214
1139 1213 1289
1140 1214 1216 1290
1141 1215 1217 1291
1216 1218 1292
1143 1293
1218 1220 1294
1145 1219 1295
1220 1222 1296
1147 1221 1223 1297
1222 1224 1298
1149 1299
1150 1224 1226 1300
1151 1227 1301
1152 1226 1228 1302
1153 1229 1303
1154 1228 1230 1304
1155 1229 1231 1305
1230 1232 1306
1157 1231 1233 1307
1158 1232 1234 1308
1159 1233 1235 1309
1160 1234 1236 1310
1161 1237 1311
1236 1238
1163 1313
1164 1238 1240
1165 1241 1315
1240 1242
1167 1241 1317
1168 1242 1244
1169 1319
1170 1244 1246 1320
1171 1245 1247 1321
1246 1248
1173 1249 1323
1248 1250
1175 1251 1325
1176 1250 1252
1177 1251 1253 1327
1178 1252 1254 1328
1179 1255 1329
1180 1254 1256
1181 1255 1257 1331
1256 1258
1183 1257 1259 1333
1184 1258 1260 1334
1185 1335
1186 1260 1262 1336
1187 1261 1337
1188 1262 1264 1338
1189 1263 1339
1264 1266 1340
1191 1265 1341
1266 1268 1342
1193 1343
1194 1268 1270 1344
1195 1271 1345
1270 1272
1197 1273 1347
1198 1272 1274
1199 1273 1275 1349
1200 1274
1201 1277 1351
1202 1276 1278 1352
1203 1277 1279 1353
1278 1280
1205 1355
1206 1280 1282
1207 1357
1282 1284
1209 1283 1359
1284 1286
1211 1285 1361
1212 1286 1288
1213 1287 1363
1214 1288 1290 1364
1215 1365
1290 1292 1366
1217 1291 1367
1292 1294 1368
1219 1293 1295 1369
1294 1296 1370
1221 1295 1371
1222 1296 1298
1223 1297 1299 1373
1298 1300
1225 1375
1226 1300 1302
1227 1377
1302 1304
1229 1303 1305 1379
1304 1306 1380
1231 1305 1307 1381
1306 1308
1233 1307 1309 1383
1308 1310
1235 1309 1385
1236 1310 1312
1237 1311 1313 1387
1238 1312 1314 1388
1239 1315 1389
1314 1316 1390
1241 1315 1391
1316 1318
1243 1317 1393
1318 1320 1394
1245 1319 1321 1395
1246 1320 1322
1247 1321 1323 1397
1248 1322 1324 1398
1249 1323 1325 1399
1324 1326 1400
1251 1325 1327 1401
1252 1326 1328
1253 1403
1254 1328 1330
1255 1405
1256 1330 1332
1257 1333 1407
1258 1332 1334 1408
1259 1409
1334 1336 1410
1261 1335 1411
1336 1338 1412
1263 1337 1339 1413
1264 1338 1340 1414
1265 1341 1415
1340 1342
1267 1341 1343 1417
1342 1344 1418
1269 1345 1419
1270 1344 1346
1271 1345 1347 1421
1272 1346 1348
1273 1349 1423
1274 1348 1350 1424
1275 1349 1425
1352
1277 1351 1427
1278 1352 1354
1279 1355 1429
1354 1356 1430
1281 1355 1357 1431
1282 1356 1358
1283 1359 1433
1284 1358 1360 1434
1285 1359 1361 1435
1360 1362 1436
1287 1361 1437
1362 1364 1438
1289 1363 1365 1439
1364 1366
1291 1365 1441
1292 1366 1368 1442
1293 1367 1369 1443
1294 1368 1370 1444
1295 1445
1296 1370 1372
1297 1371 1373 1447
1298 1372 1374 1448
1299 1375 1449
1300 1374 1376
1301 1375 1451
1302 1376 1378 1452
1303 1453
1378 1380 1454
1305 1379 1455
1306 1380 1382
1307 1457
1308 1382 1384 1458
1309 1383 1459
1384 1386
1311 1461
1312 1386 1388 1462
1313 1389 1463
1388 1390
1315 1389 1391 1465
1316 1390 1392 1466
1317 1391 1393 1467
1318 1392 1394
1319 1395 1469
1320 1394 1396 1470
1321 1395 1397 1471
1322 1396 1398
1323 1397 1473
1324 1398 1400 1474
1325 1399 1475
1400 1402
1327 1401 1403 1477
1402 1404
1329 1403 1405 1479
1404 1406 1480
1331 1405 1407 1481
1332 1406 1408 1482
1333 1407 1409 1483
1334 1408 1410 1484
1335 1409 1485
1410 1412
1337 1411 1487
1412 1414 1488
1339 1413 1415 1489
1414 1416 1490
1341 1417 1491
1416 1418 1492
1343 1417 1419 1493
1344 1418 1420
1345 1419 1495
1420 1422 1496
1347 1421 1423 1497
1348 1422 1424 1498
1349 1423 1499
1424
1351 1501
1426 1428
1353 1503
1428 1430 1504
1355 1429 1431 1505
1430 1432 1506
1357 1507
1432 1434
1359 1509
1360 1434 1436
1361 1435 1511
1362 1436 1438
1363 1437 1513
1438 1440 1514
1365 1439 1441 1515
1366 1440 1442
1367 1517
1368 1442 1444 1518
1369 1445 1519
1370 1444 1446
1371 1447 1521
1446 1448 1522
1373 1449 1523
1374 1448 1450 1524
1375 1449 1525
1376 1450 1452 1526
1377 1451 1453 1527
1452 1454
1379 1453 1455 1529
1454 1456 1530
1381 1455 1531
1382 1456 1458 1532
1383 1457 1533
1458 1460
1385 1459 1461 1535
1386 1460 1462 1536
1387 1461 1463 1537
1388 1462 1464
1389 1539
1390 1464 1466
1391 1465 1467 1541
1392 1466 1468 1542
1393 1467 1543
1468 1470 1544
1395 1471 1545
1396 1470 1472 1546
1397 1471 1473 1547
1472 1474
1399 1549
1474 1476 1550
1401 1477 1551
1402 1476 1478
1403 1479 1553
1404 1478 1480 1554
1405 1555
1480 1482
1407 1481 1557
1408 1482 1484 1558
1409 1485 1559
1484 1486 1560
1411 1487 1561
1412 1486 1488
1413 1487 1489 1563
1414 1488 1490 1564
1415 1489 1565
1490 1492
1417 1493 1567
1418 1492 1494 1568
1419 1495 1569
1494 1496 1570
1421 1495 1571
1496 1498 1572
1423 1499 1573
1424 1498 1500
1425 1499 1575
1502 1576
1427 1501 1577
1502 1504
1429 1503 1505 1579
1504 1506
1431 1581
1432 1506 1508
1433 1507 1583
1508 1510
1435 1509 1585
1436 1510 1512 1586
1437 1511 1513 1587
1512 1514
1439 1515 1589
1514 1516 1590
1441 1515 1517 1591
1516 1518
1443 1593
1518 1520 1594
1445 1521 1595
1520 1522 1596
1447 1523 1597
1448 1522 1524
1449 1523 1525 1599
1450 1524 1526 1600
1451 1525 1527 1601
1452 1526 1528 1602
1453 1527 1529 1603
1528 1530 1604
1455 1529 1531 1605
1456 1530 1532
1457 1531 1533 1607
1458 1532 1534
1459 1535 1609
1534 1536
1461 1535 1537 1611
1462 1536 1538
1463 1537 1539 1613
1464 1538 1540 1614
1465 1539 1541 1615
1466 1540 1542
1467 1541 1543 1617
1542 1544 1618
1469 1619
1544 1546 1620
1471 1547 1621
1472 1546 1548
1473 1547 1549 1623
1548 1550 1624
1475 1625
1550 1552 1626
1477 1553 1627
1478 1552 1554 1628
1479 1553 1555 1629
1554 1556
1481 1631
1482 1556 1558
1483 1633
1484 1558 1560
1485 1559 1561 1635
1486 1560 1562 1636
1487 1561 1563 1637
1488 1562 1564
1489 1563 1639
1564 1566 1640
1491 1641
1566 1568 1642
1493 1567 1643
1494 1568 1570
1495 1645
1570 1572 1646
1497 1647
1498 1572 1574
1499 1573 1575 1649
1500 1574 1650
1501 1577 1651
1576 1578
1503 1579 1653
1578 1580 1654
1505 1581 1655
1506 1580 1582 1656
1507 1657
1508 1582 1584 1658
1509 1583 1659
1584 1586 1660
1511 1587 1661
1512 1586 1588
1513 1589 1663
1588 1590
1515 1665
1516 1590 1592 1666
1517 1591 1667
1518 1592 1594 1668
1519 1595 1669
1520 1594 1596 1670
1521 1597 1671
1522 1596 1598
1523 1597 1673
1524 1598 1600 1674
1525 1599 1675
1600 1602 1676
1527 1601 1677
1602 1604 1678
1529 1605 1679
1530 1604 1606 1680
1531 1605 1607 1681
1606 1608
1533 1607 1683
1534 1608 1610
1535 1611 1685
1536 1610 1612
1537 1611 1613 1687
1612 1614 1688
1539 1613 1615 1689
1540 1614 1616 1690
1541 1615 1617 1691
1616 1618 1692
1543 1693
1544 1618 1620 1694
1545 1619 1621 1695
1546 1620 1622 1696
1547 1621 1697
1622 1624 1698
1549 1623 1625 1699
1550 1624 1626 1700
1551 1625 1627 1701
1552 1626 1628
1553 1703
1554 1628 1630 1704
1555 1629 1631 1705
1630 1632 1706
1557 1631 1707
1632 1634 1708
1559 1633 1635 1709
1560 1634 1636 1710
1561 1711
1636 1638
1563 1639 1713
1638 1640 1714
1565 1639 1715
1566 1640 1642
1567 1641 1717
1568 1642 1644 1718
1569 1643 1719
1570 1644 1646
1571 1645 1647 1721
1572 1646 1648 1722
1573 1723
1648 1650 1724
1575 1649 1725
1576 1652 1726
1577 1651 1653 1727
1578 1652 1654 1728
1579 1655 1729
1654 1656
1581 1655 1657 1731
1582 1656 1658 1732
1583 1733
1584 1658 1660 1734
1585 1735
1586 1660 1662 1736
1587 1663 1737
1588 1662 1664 1738
1589 1665 1739
1664 1666 1740
1591 1667 1741
1666 1668
1593 1669 1743
1594 1668 1670
1595 1669 1671 1745
1670 1672
1597 1671 1747
1672 1674 1748
1599 1673 1675 1749
1600 1674 1676
1601 1675 1751
1676 1678 1752
1603 1677 1753
1604 1678 1680
1605 1679 1681 1755
1606 1680 1682
1607 1683 1757
1682 1684 1758
1609 1683 1685 1759
1610 1684 1686
1611 1687 1761
1612 1686 1688 1762
1613 1687 1689 1763
1688 1690
1615 1765
1616 1690 1692 1766
1617 1691 1693 1767
1618 1692 1694 1768
1619 1693 1769
1620 1694 1696 1770
1621 1771
1696 1698 1772
1623 1699 1773
1624 1698 1700
1625 1701 1775
1700 1702 1776
1627 1701 1777
1702 1704
1629 1779
1630 1704 1706 1780
1631 1707 1781
1632 1706 1708
1633 1707 1783
1634 1708 1710
1635 1709 1785
1636 1710 1712
1637 1711 1787
1638 1712 1714 1788
1639 1715 1789
1714 1716 1790
1641 1715 1717 1791
1642 1716 1718 1792
1643 1793
1718 1720 1794
1645 1721 1795
1646 1720 1722
1647 1797
1722 1724 1798
1649 1799
1650 1724
1651 1727 1801
1726 1728
1653 1803
1654 1728 1730
1655 1729 1805
1656 1730 1732
1657 1733 1807
1658 1732 1734
1659 1733 1809
1734 1736 1810
1661 1737 1811
1662 1736 1738 1812
1663 1739 1813
1664 1738 1740
1665 1739 1815
1666 1740 1742
1667 1743 1817
1742 1744
1669 1743 1819
1670 1744 1746 1820
1671 1821
1672 1746 1748 1822
1673 1747 1749 1823
1674 1748 1750 1824
1675 1749 1751 1825
1676 1750 1752
1677 1751 1753 1827
1752 1754
1679 1753 1755 1829
1754 1756
1681 1831
1682 1756 1758 1832
1683 1757 1833
1684 1758 1760
1685 1759 1835
1686 1760 1762 1836
1687 1761 1837
1762 1764
1689 1765 1839
1690 1764 1766 1840
1691 1767 1841
1766 1768
1693 1767 1769 1843
1768 1770 1844
1695 1771 1845
1770 1772 1846
1697 1771 1773 1847
1698 1772 1774 1848
1699 1773 1849
1774 1776 1850
1701 1777 1851
1776 1778
1703 1777 1853
1704 1778 1780 1854
1705 1855
1706 1780 1782 1856
1707 1783 1857
1708 1782 1784 1858
1709 1783 1859
1784 1786
1711 1785 1861
1786 1788 1862
1713 1787 1789 1863
1714 1788 1790
1715 1865
1790 1792
1717 1791 1793 1867
1792 1794
1719 1793 1795 1869
1794 1796
1721 1797 1871
1796 1798
1723 1797 1799 1873
1724 1798 1800 1874
1725 1799 1875
1802
1727 1801 1803 1877
1802 1804
1729 1803 1879
1804 1806 1880
1731 1807 1881
1806 1808 1882
1733 1807 1883
1734 1808 1810
1735 1809 1811 1885
1736 1810 1812 1886
1737 1813 1887
1738 1812 1814
1739 1815 1889
1740 1814 1816 1890
1741 1815 1891
1816 1818 1892
1743 1817 1893
1744 1818 1820
1745 1821 1895
1820 1822 1896
1747 1821 1897
1822 1824
1749 1823 1899
1750 1824 1826 1900
1751 1825 1827 1901
1826 1828 1902
1753 1827 1903
1754 1828 1830 1904
1755 1905
1830 1832 1906
1757 1831 1907
1832 1834 1908
1759 1833 1835 1909
1760 1834 1836 1910
1761 1835 1911
1762 1836 1838
1763 1839 1913
1838 1840 1914
1765 1839 1841 1915
1766 1840 1842
1767 1841 1917
1768 1842 1844
1769 1845 1919
1770 1844 1846
1771 1845 1847 1921
1846 1848 1922
1773 1847 1849 1923
1774 1848 1850
1775 1925
1850 1852 1926
1777 1853 1927
1852 1854 1928
1779 1853 1855 1929
1780 1854 1856 1930
1781 1857 1931
1782 1856 1858
1783 1933
1784 1858 1860 1934
1785 1859 1935
1860 1862 1936
1787 1937
1862 1864 1938
1789 1863 1865 1939
1864 1866
1791 1865 1867 1941
1792 1866 1868
1793 1867 1943
1868 1870
1795 1869 1871 1945
1796 1870 1872
1797 1871 1947
1872 1874
1799 1873 1875 1949
1800 1874
1801 1877 1951
1876 1878
1803 1877 1879 1953
1878 1880
1805 1879 1955
1806 1880 1882 1956
1807 1957
1808 1882 1884 1958
1809 1883 1959
1884 1886 1960
1811 1961
1886 1888
1813 1887 1889 1963
1814 1888 1890
1815 1891 1965
1816 1890 1892
1817 1893 1967
1892 1894 1968
1819 1893 1895 1969
1820 1894 1896 1970
1821 1897 1971
1896 1898 1972
1823 1973
1898 1900
1825 1899 1901 1975
1826 1900 1902 1976
1827 1901 1903 1977
1828 1902 1904
1829 1903 1905 1979
1830 1904 1906 1980
1831 1905 1907 1981
1906 1908
1833 1907 1909 1983
1908 1910
1835 1911 1985
1836 1910 1912
1837 1911 1913 1987
1838 1912 1914 1988
1839 1913 1989
1914 1916
1841 1915 1917 1991
1842 1916 1918 1992
1843 1917 1919 1993
1918 1920
1845 1921 1995
1920 1922 1996
1847 1921 1923 1997
1922 1924 1998
1849 1923 1999
1850 1924 1926 2000
1851 1925 2001
1926 1928
1853 1929 2003
1854 1928 1930
1855 2005
1930 1932
1857 1931 1933 2007
1932 1934 2008
1859 1933 1935 2009
1860 1934 1936
1861 1935 1937 2011
1862 1936 1938
1863 1937 1939 2013
1938 1940
1865 1939 1941 2015
1866 1940 1942
1867 1943 2017
1942 1944 2018
1869 1943 2019
1870 1944 1946
1871 1945 1947 2021
1872 1946 1948 2022
1873 1947 1949 2023
1948 1950 2024
1875 1949 2025
1952 2026
1877 1951 2027
1952 1954 2028
1879 1955 2029
1954 1956 2030
1881 1957 2031
1882 1956 1958 2032
1883 2033
1958 1960
1885 1959 2035
1886 1960 1962 2036
1887 2037
1888 1962 1964 2038
1889 1963 2039
1890 1964 1966
1891 1965 1967 2041
1966 1968 2042
1893 1969 2043
1968 1970
1895 1969 2045
1970 1972 2046
1897 2047
1972 1974
1899 1973 1975 2049
1974 1976 2050
1901 2051
1902 1976 1978 2052
1903 1979 2053
1978 1980
1905 1979 1981 2055
1906 1980 1982
1907 1983 2057
1908 1982 1984 2058
1909 1985 2059
1910 1984 1986
1911 1985 2061
1912 1986 1988
1913 1987 1989 2063
1988 1990 2064
1915 1989 1991 2065
1990 1992
1917 2067
1918 1992 1994 2068
1919 1993 1995 2069
1920 1994 1996 2070
1921 2071
1996 1998 2072
1923 1997 1999 2073
1924 1998 2000
1925 2001 2075
1926 2000 2002
1927 2077
1928 2002 2004 2078
1929 2079
2004 2006 2080
1931 2007 2081
1932 2006 2008
1933 2083
1934 2008 2010 2084
1935 2009 2011 2085
1936 2010 2012
1937 2011 2087
2012 2014 2088
1939 2089
2014 2016 2090
1941 2017 2091
2016 2018 2092
1943 2017 2019 2093
1944 2018 2020
1945 2021 2095
2020 2022
1947 2021 2023 2097
2022 2024
1949 2025 2099
1950 2024 2100
1951 2027 2101
1952 2026 2028 2102
1953 2027 2103
2028 2030 2104
1955 2029 2031 2105
1956 2030 2032
1957 2031 2033 2107
1958 2032 2034
1959 2033 2035 2109
1960 2034 2036
1961 2035 2111
2036 2038
1963 2113
2038 2040 2114
1965 2039 2115
2040 2042
1967 2043 2117
1968 2042 2044
1969 2043 2045 2119
2044 2046
1971 2047 2121
1972 2046 2048
1973 2123
1974 2048 2050 2124
1975 2051 2125
2050 2052
1977 2051 2127
1978 2052 2054
1979 2053 2055 2129
2054 2056
1981 2055 2131
1982 2056 2058 2132
1983 2059 2133
2058 2060
1985 2059 2061 2135
2060 2062 2136
1987 2061 2063 2137
1988 2062 2064 2138
1989 2065 2139
2064 2066 2140
1991 2141
2066 2068
1993 2143
1994 2068 2070
1995 2069 2145
1996 2070 2072 2146
1997 2071 2147
1998 2072 2074
1999 2073 2075 2149
2000 2074 2076
2001 2075 2077 2151
2076 2078 2152
2003 2077 2153
2078 2080 2154
2005 2081 2155
2080 2082
2007 2081 2083 2157
2008 2082 2084 2158
2009 2085 2159
2084 2086 2160
2011 2085 2161
2012 2086 2088
2013 2163
2088 2090 2164
2015 2091 2165
2090 2092 2166
2017 2091 2093 2167
2092 2094
2019 2093 2095 2169
2094 2096 2170
2021 2095 2097 2171
2022 2096 2098
2023 2097 2099 2173
2098 2100 2174
2025 2099 2175
2026 2102
2027 2103 2177
2102 2104 2178
2029 2105 2179
2030 2104 2106 2180
2031 2105 2107 2181
2106 2108
2033 2109 2183
2108 2110
2035 2111 2185
2036 2110 2112 2186
2037 2111 2187
2038 2112 2114 2188
2039 2115 2189
2040 2114 2116 2190
2041 2191
2042 2116 2118 2192
2043 2193
2044 2118 2120 2194
2045 2195
2046 2120 2122 2196
2047 2121 2123 2197
2122 2124 2198
2049 2123 2199
2124 2126
2051 2125 2127 2201
2052 2126 2128 2202
2053 2129 2203
2128 2130 2204
2055 2129 2205
2130 2132 2206
2057 2131 2207
2132 2134 2208
2059 2209
2060 2134 2136
2061 2135 2211
2136 2138 2212
2063 2139 2213
2138 2140 2214
2065 2139 2215
2066 2140 2142
2067 2217
2142 2144 2218
2069 2219
2070 2144 2146 2220
2071 2145 2221
2146 2148 2222
2073 2149 2223
2074 2148 2150
2075 2149 2225
2076 2150 2152
2077 2153 2227
2078 2152 2154 2228
2079 2153 2155 2229
2154 2156
2081 2155 2157 2231
2156 2158 2232
2083 2157 2159 2233
2084 2158 2160
2085 2235
2086 2160 2162
2087 2161 2163 2237
2088 2162 2164
2089 2165 2239
2164 2166 2240
2091 2165 2167 2241
2166 2168 2242
2093 2169 2243
2168 2170 2244
2095 2171 2245
2170 2172 2246
2097 2173 2247
2172 2174
2099 2249
2100 2174 2250
2101 2251
2102 2176 2178 2252
2103 2177 2253
2104 2178 2180 2254
2105 2255
2106 2180 2182
2107 2181 2257
2182 2184
2109 2259
2184 2186
2111 2185 2187 2261
2186 2188
2113 2189 2263
2188 2190 2264
2115 2189 2265
2116 2190 2192 2266
2117 2191 2267
2118 2192 2194 2268
2119 2195 2269
2120 2194 2196 2270
2121 2195 2271
2122 2196 2198 2272
2123 2273
2124 2198 2200 2274
2125 2201 2275
2126 2200 2202 2276
2127 2201 2203 2277
2202 2204
2129 2203 2279
2204 2206 2280
2131 2205 2281
2206 2208
2133 2207 2209 2283
2208 2210
2135 2285
2136 2210 2212
2137 2213 2287
2138 2212 2214 2288
2139 2289
2214 2216 2290
2141 2217 2291
2142 2216 2218
2143 2293
2218 2220
2145 2221 2295
2220 2222
2147 2221 2297
2222 2224 2298
2149 2223 2225 2299
2150 2224 2226 2300
2151 2225 2227 2301
2152 2226 2228 2302
2153 2227 2229 2303
2228 2230 2304
2155 2229 2305
2230 2232 2306
2157 2231 2307
2232 2234
2159 2233 2235 2309
2160 2234 2236 2310
2161 2235 2237 2311
2162 2236 2238 2312
2163 2239 2313
2164 2238 2240
2165 2241 2315
2240 2242
2167 2241 2243 2317
2168 2242 2244 2318
2169 2319
2244 2246 2320
2171 2245 2247 2321
2172 2246 2248
2173 2249 2323
2174 2248 2250 2324
2175 2325
2252
2177 2253 2327
2178 2252 2254
2179 2329
2180 2254 2256 2330
2181 2255 2331
2256 2258 2332
2183 2257 2333
2258 2260 2334
2185 2261 2335
2186 2260 2262 2336
2187 2261 2263 2337
2262 2264 2338
2189 2265 2339
2190 2264 2266
2191 2265 2341
2266 2268
2193 2269 2343
2194 2268 2270
2195 2269 2345
2196 2270 2272 2346
2197 2271 2273 2347
2272 2274
2199 2273 2275 2349
2200 2274 2276 2350
2201 2275 2277 2351
2276 2278 2352
2203 2279 2353
2204 2278 2280 2354
2205 2281 2355
2206 2280 2282
2207 2283 2357
2208 2282 2284 2358
2209 2283 2359
2284 2286 2360
2211 2285 2361
2286 2288
2213 2287 2363
2214 2288 2290
2215 2291 2365
2216 2290 2292 2366
2217 2291 2367
2218 2292 2294 2368
2219 2293 2369
2294 2296 2370
2221 2371
2222 2296 2298 2372
2223 2297 2373
2298 2300
2225 2299 2301 2375
2226 2300 2302
2227 2377
2302 2304 2378
2229 2305 2379
2230 2304 2306
2231 2305 2307 2381
2306 2308
2233 2307 2309 2383
2234 2308 2310
2235 2311 2385
2236 2310 2312
2237 2311 2387
2312 2314 2388
2239 2315 2389
2240 2314 2316 2390
2241 2315 2317 2391
2242 2316 2318
2243 2317 2393
2244 2318 2320
2245 2321 2395
2246 2320 2322
2247 2397
2248 2322 2324 2398
2249 2323 2399
2324 2400
2251 2327 2401
2326 2328
2253 2329 2403
2254 2328 2330
2255 2329 2405
2256 2330 2332
2257 2331 2333 2407
2258 2332 2334
2259 2335 2409
2334 2336 2410
2261 2335 2337 2411
2262 2336 2338 2412
2263 2413
2338 2340
2265 2415
2340 2342 2416
2267 2341 2343 2417
2342 2344
2269 2345 2419
2344 2346
2271 2347 2421
2272 2346 2348 2422
2273 2423
2348 2350
2275 2349 2425
2276 2350 2352 2426
2277 2351 2353 2427
2278 2352 2354 2428
2279 2355 2429
2354 2356
2281 2355 2357 2431
2356 2358
2283 2357 2359 2433
2284 2358 2360
2285 2359 2361 2435
2286 2360 2362 2436
2287 2361 2363 2437
2288 2362 2364
2289 2363 2365 2439
2364 2366 2440
2291 2365 2441
2292 2366 2368
2293 2369 2443
2294 2368 2370 2444
2295 2445
2370 2372 2446
2297 2371 2447
2372 2374 2448
2299 2375 2449
2300 2374 2376
2301 2375 2377 2451
2376 2378
2303 2377 2453
2304 2378 2380 2454
2305 2379 2381 2455
2306 2380 2382 2456
2307 2457
2308 2382 2384
2309 2459
2310 2384 2386
2311 2385 2387 2461
2386 2388
2313 2389 2463
2388 2390 2464
2315 2391 2465
2316 2390 2392
2317 2393 2467
2318 2392 2394
2319 2393 2469
2320 2394 2396
2321 2395 2397 2471
2322 2396 2398
2323 2397 2399 2473
2398 2400
2325 2475
2326 2402 2476
2327 2477
2328 2402 2404
2329 2479
2404 2406
2331 2481
2406 2408
2333 2409 2483
2334 2408 2410 2484
2335 2409 2411 2485
2410 2412 2486
2337 2487
2338 2412 2414
2339 2489
2414 2416 2490
2341 2415 2417 2491
2342 2416 2418 2492
2343 2493
2418 2420
2345 2419 2421 2495
2420 2422 2496
2347 2421 2497
2422 2424
2349 2425 2499
2350 2424 2426
2351 2425 2501
2426 2428
2353 2427 2429 2503
2428 2430 2504
2355 2429 2431 2505
2356 2430 2432
2357 2431 2433 2507
2358 2432 2434
2359 2435 2509
2434 2436
2361 2511
2436 2438
2363 2513
2364 2438 2440
2365 2439 2441 2515
2366 2440 2442
2367 2441 2443 2517
2368 2442 2444 2518
2369 2519
2370 2444 2446
2371 2447 2521
2372 2446 2448 2522
2373 2449 2523
2374 2448 2450
2375 2449 2451 2525
2376 2450 2452
2377 2451 2453 2527
2378 2452 2454 2528
2379 2453 2529
2380 2454 2456 2530
2381 2455 2531
2382 2456 2458 2532
2383 2457 2533
2384 2458 2460
2385 2459 2461 2535
2386 2460 2462 2536
2387 2461 2463 2537
2388 2462 2464
2389 2465 2539
2390 2464 2466 2540
2391 2465 2541
2392 2466 2468
2393 2467 2469 2543
2394 2468 2470
2395 2471 2545
2396 2470 2472 2546
2397 2471 2547
2398 2472 2474
2399 2549
2474
2401 2551
2402 2476 2478
2403 2477 2479 2553
2404 2478 2480 2554
2405 2479 2481 2555
2406 2480 2482 2556
2407 2483 2557
2408 2482 2484 2558
2409 2483 2485 2559
2410 2484 2486 2560
2411 2487 2561
2486 2488 2562
2413 2489 2563
2488 2490 2564
2415 2489 2565
2416 2490 2492
2417 2491 2493 2567
2418 2492 2494 2568
2419 2493 2495 2569
2420 2494 2496 2570
2421 2497 2571
2496 2498 2572
2423 2573
2498 2500
2425 2499 2501 2575
2500 2502 2576
2427 2501 2503 2577
2428 2502 2504
2429 2505 2579
2504 2506
2431 2505 2507 2581
2506 2508
2433 2507 2583
2508 2510 2584
2435 2585
2510 2512
2437 2513 2587
2512 2514
2439 2513 2589
2514 2516 2590
2441 2515 2517 2591
2442 2516 2518 2592
2443 2517 2519 2593
2444 2518 2520
2445 2519 2521 2595
2446 2520 2522
2447 2523 2597
2522 2524 2598
2449 2523 2599
2450 2524 2526
2451 2601
2526 2528
2453 2529 2603
2454 2528 2530
2455 2531 2605
2530 2532
2457 2531 2607
2458 2532 2534 2608
2459 2535 2609
2534 2536 2610
2461 2535 2611
2536 2538 2612
2463 2613
2464 2538 2540
2465 2539 2615
2540 2542
2467 2541 2617
2468 2542 2544 2618
2469 2543 2619
2470 2544 2546 2620
2471 2547 2621
2472 2546 2548
2473 2623
2474 2548 2550
2475 2549 2625
2476 2552 2626
2477 2553 2627
2478 2552 2554 2628
2479 2553 2555 2629
2554 2556
2481 2631
2556 2558 2632
2483 2633
2558 2560 2634
2485 2559 2561 2635
2486 2560 2562 2636
2487 2561 2637
2488 2562 2564 2638
2489 2639
2490 2564 2566 2640
2491 2565 2567 2641
2492 2566 2568 2642
2493 2567 2569 2643
2568 2570 2644
2495 2569 2645
2496 2570 2572
2497 2647
2498 2572 2574 2648
2499 2573 2575 2649
2500 2574 2576
2501 2575 2577 2651
2502 2576 2578
2503 2577 2653
2578 2580
2505 2655
2580 2582 2656
2507 2581 2657
2508 2582 2584
2509 2583 2659
2510 2584 2586 2660
2511 2587 2661
2512 2586 2588
2513 2587 2663
2514 2588 2590
2515 2591 2665
2516 2590 2592 2666
2517 2667
2592 2594
2519 2595 2669
2520 2594 2596
2521 2671
2596 2598 2672
2523 2673
2598 2600
2525 2675
2600 2602 2676
2527 2601 2677
2528 2602 2604 2678
2529 2603 2605 2679
2604 2606
2531 2681
2606 2608 2682
2533 2607 2683
2534 2608 2610 2684
2535 2609 2685
2536 2610 2612
2537 2613 2687
2612 2614 2688
2539 2689
2540 2614 2616 2690
2541 2617 2691
2616 2618
2543 2619 2693
2544 2618 2620
2545 2621 2695
2546 2620 2622
2547 2623 2697
2548 2622 2624
2549 2625 2699
2624
2551 2627 2701
2552 2626 2628
2553 2627 2629 2703
2554 2628 2630 2704
2555 2629 2631 2705
2556 2630 2632 2706
2557 2631 2633 2707
2558 2632 2634
2559 2633 2709
2560 2634 2636 2710
2561 2635 2711
2636 2638
2563 2637 2639 2713
2564 2638 2640 2714
2565 2639 2715
2640 2642
2567 2641 2717
2568 2642 2644
2569 2643 2719
2570 2644 2646 2720
2571 2647 2721
2572 2646 2648
2573 2647 2649 2723
2574 2648 2650 2724
2575 2649 2651 2725
2576 2650 2652
2577 2651 2727
2578 2652 2654 2728
2579 2653 2729
2654 2656 2730
2581 2731
2582 2656 2658 2732
2583 2659 2733
2658 2660
2585 2659 2661 2735
2586 2660 2662
2587 2661 2737
2662 2664 2738
2589 2663 2739
2590 2664 2666
2591 2741
2666 2668
2593 2667 2669 2743
2594 2668 2670 2744
2595 2671 2745
2596 2670 2672 2746
2597 2671 2747
2672 2674 2748
2599 2673 2749
2600 2674 2676 2750
2601 2675 2751
2602 2676 2678
2603 2753
2678 2680
2605 2681 2755
2606 2680 2682 2756
2607 2757
2608 2682 2684
2609 2683 2685 2759
2684 2686 2760
2611 2685 2687 2761
2686 2688 2762
2613 2687 2689 2763
2614 2688 2690 2764
2615 2691 2765
2616 2690 2692
2617 2691 2767
2692 2694
2619 2693 2769
2620 2694 2696
2621 2695 2697 2771
2622 2696 2698
2623 2773
2624 2698 2700 2774
2625 2775
2702
2627 2703 2777
2628 2702 2704 2778
2629 2779
2704 2706 2780
2631 2705 2707 2781
2706 2708
2633 2707 2783
2708 2710
2635 2709 2711 2785
2636 2710 2712 2786
2637 2711 2713 2787
2638 2712 2714 2788
2639 2715 2789
2640 2714 2716
2641 2791
2642 2716 2718 2792
2643 2717 2719 2793
2644 2718 2720
2645 2719 2795
2646 2720 2722 2796
2647 2797
2648 2722 2724 2798
2649 2799
2724 2726 2800
2651 2727 2801
2652 2726 2728
2653 2727 2729 2803
2654 2728 2730
2655 2729 2805
2656 2730 2732
2657 2731 2807
2732 2734 2808
2659 2809
2734 2736 2810
2661 2735 2737 2811
2662 2736 2738
2663 2737 2739 2813
2738 2740
2665 2739 2815
2666 2740 2742
2667 2741 2743 2817
2668 2742 2744 2818
2669 2745 2819
2744 2746 2820
2671 2745 2747 2821
2672 2746 2748
2673 2747 2823
2748 2750
2675 2749 2751 2825
2750 2752 2826
2677 2751 2753 2827
2752 2754
2679 2753 2829
2680 2754 2756
2681 2831
2682 2756 2758 2832
2683 2757 2833
2758 2760
2685 2759 2835
2760 2762 2836
2687 2761 2837
2688 2762 2764
2689 2765 2839
2764 2766 2840
2691 2841
2692 2766 2768 2842
2693 2769 2843
2768 2770 2844
2695 2769 2771 2845
2770 2772
2697 2771 2847
2772 2774 2848
2699 2773 2775 2849
2774 2850
2701 2851
2702 2776 2778 2852
2703 2777 2779 2853
2704 2778 2780 2854
2705 2781 2855
2706 2780 2782 2856
2707 2783 2857
2708 2782 2784 2858
2709 2783 2785 2859
2784 2786 2860
2711 2787 2861
2786 2788 2862
2713 2863
2714 2788 2790 2864
2715 2791 2865
2716 2790 2792 2866
2717 2867
2718 2792 2794
2719 2795 2869
2794 2796
2721 2795 2871
2722 2796 2798 2872
2723 2873
2724 2798 2800
2725 2799 2801 2875
2800 2802
2727 2801 2803 2877
2728 2802 2804 2878
2729 2805 2879
2730 2804 2806
2731 2807 2881
2732 2806 2808
2733 2807 2809 2883
2734 2808 2810
2735 2885
2810 2812 2886
2737 2887
2738 2812 2814 2888
2739 2889
2814 2816 2890
2741 2815 2891
2816 2818
2743 2819 2893
2744 2818 2820
2745 2819 2895
2820 2822
2747 2821 2823 2897
2748 2822 2824
2749 2825 2899
2750 2824 2826 2900
2751 2827 2901
2752 2826 2828
2753 2829 2903
2754 2828 2830 2904
2755 2829 2905
2830 2832 2906
2757 2831 2833 2907
2832 2834
2759 2833 2909
2834 2836 2910
2761 2911
2762 2836 2838
2763 2839 2913
2764 2838 2840 2914
2765 2915
2840 2842 2916
2767 2841 2917
2842 2844 2918
2769 2843 2845 2919
2844 2846 2920
2771 2845 2847 2921
2772 2846 2848
2773 2847 2923
2774 2848 2850
2775 2849 2925
2776 2852 2926
2777 2851 2853 2927
2852 2854 2928
2779 2855 2929
2780 2854 2856 2930
2781 2931
2782 2856 2858
2783 2857 2859 2933
2784 2858 2860
2785 2861 2935
2860 2862 2936
2787 2861 2863 2937
2862 2864
2789 2865 2939
2864 2866 2940
2791 2865 2941
2792 2866 2868 2942
2793 2867 2869 2943
2794 2868 2870 2944
2795 2869 2871 2945
2870 2872
2797 2871 2873 2947
2872 2874
2799 2873 2949
2874 2876 2950
2801 2875 2877 2951
2802 2876 2878
2803 2877 2879 2953
2878 2880
2805 2879 2955
2880 2882
2807 2883 2957
2882 2884 2958
2809 2883 2885 2959
2884 2886 2960
2811 2887 2961
2812 2886 2888
2813 2887 2889 2963
2814 2888 2890
2815 2891 2965
2816 2890 2892
2817 2967
2892 2894 2968
2819 2893 2969
2820 2894 2896 2970
2821 2897 2971
2822 2896 2898 2972
2823 2899 2973
2824 2898 2900 2974
2825 2899 2901 2975
2826 2900 2902
2827 2977
2828 2902 2904 2978
2829 2903 2905 2979
2830 2904 2906 2980
2831 2905 2981
2906 2908 2982
2833 2983
2834 2908 2910 2984
2835 2909 2911 2985
2836 2910 2912
2837 2911 2913 2987
2838 2912 2914 2988
2839 2913 2989
2840 2914 2916 2990
2841 2917 2991
2842 2916 2918 2992
2843 2917 2993
2918 2920
2845 2919 2995
2846 2920 2922
2847 2921 2997
2848 2922 2924
2849 2925 2999
2924 3000
2851 2927 3001
2852 2926 2928 3002
2853 2929 3003
2928 2930
2855 2931 3005
2930 2932
2857 2931 3007
2932 2934 3008
2859 2933 3009
2860 2934 2936
2861 2937 3011
2862 2936 2938
2863 2939 3013
2938 2940
2865 2941 3015
2866 2940 2942
2867 2941 3017
2942 2944 3018
2869 2943 2945 3019
2870 2944 2946 3020
2871 2947 3021
2946 2948 3022
2873 2947 2949 3023
2874 2948 2950
2875 2951 3025
2876 2950 2952
2877 2953 3027
2952 2954 3028
2879 2955 3029
2880 2954 2956 3030
2881 2957 3031
2956 2958
2883 2957 2959 3033
2958 2960
2885 2959 3035
2960 2962 3036
2887 3037
2962 2964 3038
2889 2963 3039
2890 2964 2966
2891 2967 3041
2966 2968 3042
2893 2967 3043
2894 2968 2970 3044
2895 2969 2971 3045
2970 2972
2897 2971 2973 3047
2898 2972 2974
2899 2973 3049
2974 2976 3050
2901 3051
2976 2978
2903 2979 3053
2904 2978 2980 3054
2905 2979 2981 3055
2980 2982 3056
2907 2981 2983 3057
2908 2982 2984 3058
2909 2983 2985 3059
2984 2986
2911 2985 2987 3061
2912 2986 2988 3062
2913 2987 2989 3063
2914 2988 2990 3064
2915 3065
2990 2992 3066
2917 2991 3067
2918 2992 2994 3068
2919 2993 2995 3069
2994 2996 3070
2921 2997 3071
2922 2996 2998
2923 2997 3073
2998 3000 3074
2925 2999 3075
3002
2927 3001 3003 3077
2928 3002 3004
2929 3003 3005 3079
2930 3004 3006
2931 3005 3081
3006 3008
2933 3009 3083
2934 3008 3010
2935 3011 3085
2936 3010 3012 3086
2937 3011 3087
2938 3012 3014 3088
2939 3013 3089
3014 3016 3090
2941 3015 3091
2942 3016 3018
2943 3017 3093
3018 3020
2945 3021 3095
2946 3020 3022 3096
2947 3023 3097
3022 3024 3098
2949 3023 3025 3099
2950 3024 3026
2951 3027 3101
3026 3028
2953 3027 3103
2954 3028 3030 3104
2955 3029 3031 3105
2956 3030 3032 3106
2957 3107
2958 3032 3034 3108
2959 3033 3109
3034 3036 3110
2961 3037 3111
3036 3038
2963 3113
2964 3038 3040 3114
2965 3115
3040 3042 3116
2967 3041 3117
2968 3042 3044 3118
2969 3043 3045 3119
2970 3044 3046 3120
2971 3045 3047 3121
3046 3048
2973 3049 3123
3048 3050
2975 3049 3051 3125
2976 3050 3052 3126
2977 3051 3053 3127
3052 3054
2979 3053 3055 3129
3054 3056 3130
2981 3057 3131
3056 3058 3132
2983 3057 3059 3133
3058 3060 3134
2985 3061 3135
2986 3060 3062
2987 3061 3063 3137
2988 3062 3064
2989 3139
3064 3066
2991 3065 3067 3141
2992 3066 3068 3142
2993 3067 3069 3143
2994 3068 3070 3144
2995 3071 3145
3070 3072 3146
2997 3071 3073 3147
2998 3072 3074 3148
2999 3149
3074 3150
3001 3151
3076 3078 3152
3003 3153
3078 3080
3005 3079 3155
3006 3080 3082 3156
3007 3157
3008 3082 3084 3158
3009 3085 3159
3010 3084 3086 3160
3011 3087 3161
3086 3088 3162
3013 3087 3163
3088 3090
3015 3091 3165
3016 3090 3092
3017 3091 3167
3018 3092 3094 3168
3019 3093 3169
3094 3096 3170
3021 3095 3097 3171
3096 3098 3172
3023 3097 3099 3173
3024 3098 3100 3174
3025 3101 3175
3026 3100 3102
3027 3101 3103 3177
3028 3102 3104 3178
3029 3103 3105 3179
3104 3106 3180
3031 3181
3106 3108 3182
3033 3107 3183
3034 3108 3110
3035 3185
3036 3110 3112
3037 3111 3113 3187
3112 3114 3188
3039 3115 3189
3040 3114 3116 3190
3041 3115 3191
3116 3118 3192
3043 3119 3193
3044 3118 3120 3194
3045 3119 3121 3195
3120 3122
3047 3123 3197
3122 3124
3049 3199
3124 3126
3051 3201
3052 3126 3128 3202
3053 3203
3054 3128 3130
3055 3205
3130 3132 3206
3057 3131 3207
3058 3132 3134
3059 3133 3135 3209
3060 3134 3136
3061 3135 3137 3211
3062 3136 3138 3212
3063 3213
3138 3140 3214
3065 3139 3141 3215
3066 3140 3142
3067 3143 3217
3068 3142 3144 3218
3069 3143 3219
3144 3146 3220
3071 3145 3147 3221
3146 3148 3222
3073 3223
3074 3148 3150 3224
3075 3149 3225
3152
3077 3151 3227
3078 3152 3154
3079 3153 3229
3080 3154 3156 3230
3081 3155 3231
3156 3158
3083 3157 3233
3084 3158 3160
3085 3159 3161 3235
3086 3160 3162
3087 3237
3162 3164 3238
3089 3163 3165 3239
3164 3166 3240
3091 3165 3241
3092 3166 3168 3242
3093 3243
3168 3170 3244
3095 3245
3096 3170 3172 3246
3097 3171 3247
3172 3174
3099 3249
3174 3176 3250
3101 3251
3176 3178 3252
3103 3177 3253
3178 3180
3105 3255
3106 3180 3182
3107 3181 3257
3182 3184 3258
3109 3185 3259
3184 3186
3111 3185 3261
3112 3186 3188 3262
3113 3187 3189 3263
3188 3190
3115 3189 3265
3116 3190 3192 3266
3117 3267
3192 3194 3268
3119 3195 3269
3120 3194 3196 3270
3121 3195 3271
3196 3198
3123 3197 3273
3198 3200 3274
3125 3199 3201 3275
3126 3200 3202
3127 3201 3277
3202 3204
3129 3203 3279
3204 3206
3131 3205 3207 3281
3132 3206 3208
3133 3283
3134 3208 3210
3135 3285
3136 3210 3212
3137 3211 3287
3138 3212 3214 3288
3139 3215 3289
3140 3214 3216
3141 3291
3142 3216 3218
3143 3219 3293
3218 3220 3294
3145 3219 3295
3146 3220 3222
3147 3221 3223 3297
3222 3224 3298
3149 3223 3299
3224 3300
3151 3301
3226 3228 3302
3153 3227 3229 3303
3228 3230 3304
3155 3305
3230 3232
3157 3233 3307
3158 3232 3234 3308
3159 3233 3309
3160 3234 3236 3310
3161 3237 3311
3162 3236 3238 3312
3163 3237 3313
3164 3238 3240 3314
3165 3315
3240 3242
3167 3241 3243 3317
3242 3244
3169 3245 3319
3244 3246
3171 3245 3321
3172 3246 3248 3322
3173 3247 3249 3323
3248 3250 3324
3175 3251 3325
3176 3250 3252 3326
3177 3253 3327
3178 3252 3254
3179 3253 3255 3329
3180 3254 3256 3330
3181 3255 3257 3331
3256 3258 3332
3183 3257 3259 3333
3184 3258 3260 3334
3185 3261 3335
3186 3260 3262
3187 3261 3263 3337
3262 3264 3338
3189 3263 3265 3339
3264 3266
3191 3265 3341
3266 3268
3193 3267 3269 3343
3194 3268 3270
3195 3271 3345
3270 3272
3197 3273 3347
3198 3272 3274
3199 3273 3275 3349
3200 3274 3276
3201 3275 3351
3276 3278 3352
3203 3277 3353
3204 3278 3280 3354
3205 3281 3355
3280 3282 3356
3207 3357
3208 3282 3284 3358
3209 3359
3284 3286 3360
3211 3285 3287 3361
3286 3288 3362
3213 3363
3214 3288 3290 3364
3215 3291 3365
3216 3290 3292 3366
3217 3367
3292 3294 3368
3219 3293 3295 3369
3294 3296
3221 3295 3297 3371
3222 3296 3298 3372
3223 3297 3299 3373
3298 3300 3374
3225 3375
3302 3376
3227 3301 3377
3228 3302 3304
3229 3303 3379
3230 3304 3306 3380
3231 3305 3381
3306 3308 3382
3233 3307 3309 3383
3234 3308 3310 3384
3235 3309 3311 3385
3310 3312 3386
3237 3313 3387
3238 3312 3314 3388
3239 3313 3315 3389
3314 3316 3390
3241 3391
3242 3316 3318 3392
3243 3393
3244 3318 3320 3394
3245 3319 3321 3395
3246 3320 3322 3396
3247 3323 3397
3248 3322 3324
3249 3323 3399
3324 3326 3400
3251 3325 3327 3401
3252 3326 3328
3253 3329 3403
3254 3328 3330 3404
3255 3329 3331 3405
3256 3330 3332
3257 3407
3258 3332 3334
3259 3333 3409
3260 3334 3336 3410
3261 3337 3411
3262 3336 3338 3412
3263 3337 3413
3264 3338 3340
3265 3341 3415
3266 3340 3342 3416
3267 3343 3417
3268 3342 3344
3269 3343 3345 3419
3270 3344 3346
3271 3421
3272 3346 3348 3422
3273 3347 3423
3274 3348 3350 3424
3275 3349 3351 3425
3276 3350 3352 3426
3277 3353 3427
3352 3354 3428
3279 3355 3429
3354 3356
3281 3431
3356 3358 3432
3283 3357 3433
3284 3358 3360
3285 3359 3435
3286 3360 3362 3436
3287 3361 3437
3288 3362 3364
3289 3439
3290 3364 3366 3440
3291 3365 3367 3441
3366 3368
3293 3367 3443
3294 3368 3370 3444
3295 3369 3371 3445
3296 3370 3372 3446
3297 3373 3447
3298 3372 3374
3299 3375 3449
3300 3374 3450
3301 3377 3451
3376 3378 3452
3303 3377 3379 3453
3304 3378 3380 3454
3305 3379 3455
3380 3382 3456
3307 3383 3457
3308 3382 3384 3458
3309 3385 3459
3310 3384 3386 3460
3311 3385 3387 3461
3312 3386 3388
3313 3389 3463
3314 3388 3390 3464
3315 3389 3391 3465
3316 3390 3392 3466
3317 3393 3467
3392 3394 3468
3319 3393 3395 3469
3320 3394 3396 3470
3321 3395 3471
3396 3398 3472
3323 3397 3473
3398 3400
3325 3399 3475
3400 3402 3476
3327 3403 3477
3402 3404 3478
3329 3403 3405 3479
3330 3404 3406 3480
3331 3407 3481
3332 3406 3408 3482
3333 3483
3334 3408 3410 3484
3335 3409 3411 3485
3336 3410 3412 3486
3337 3411 3413 3487
3412 3414
3339 3413 3415 3489
3340 3414 3416
3341 3417 3491
3416 3418 3492
3343 3493
3344 3418 3420
3345 3419 3495
3346 3420 3422 3496
3347 3421 3497
3348 3422 3424 3498
3349 3423 3425 3499
3350 3424 3426 3500
3351 3501
3426 3428 3502
3353 3427 3503
3354 3428 3430 3504
3355 3429 3431 3505
3356 3430 3432
3357 3507
3432 3434
3359 3509
3434 3436
3361 3437 3511
3436 3438 3512
3363 3513
3364 3438 3440 3514
3365 3439 3515
3366 3440 3442
3367 3441 3443 3517
3368 3442 3444
3369 3445 3519
3370 3444 3446 3520
3371 3445 3521
3372 3446 3448 3522
3373 3523
3374 3448 3450
3375 3449 3525
3376 3452 3526
3377 3451 3453 3527
3378 3452 3454 3528
3379 3529
3454 3456 3530
3381 3531
3456 3458
3383 3457 3533
3458 3460
3385 3459 3535
3460 3462 3536
3387 3463 3537
3462 3464
3389 3465 3539
3390 3464 3466 3540
3391 3541
3392 3466 3468
3393 3467 3469 3543
3468 3470 3544
3395 3469 3471 3545
3396 3470 3472 3546
3397 3471 3473 3547
3398 3472 3474 3548
3399 3549
3474 3476
3401 3551
3402 3476 3478 3552
3403 3477 3553
3404 3478 3480
3405 3481 3555
3480 3482 3556
3407 3481 3483 3557
3408 3482 3484 3558
3409 3483 3559
3484 3486
3411 3487 3561
3412 3486 3488 3562
3413 3489 3563
3414 3488 3490 3564
3415 3489 3491 3565
3416 3490 3492
3417 3567
3418 3492 3494 3568
3419 3493 3569
3494 3496
3421 3571
3496 3498
3423 3499 3573
3498 3500 3574
3425 3501 3575
3500 3502 3576
3427 3501 3577
3502 3504 3578
3429 3503 3579
3430 3504 3506 3580
3431 3505 3507 3581
3432 3506 3508 3582
3433 3507 3509 3583
3434 3508 3510
3435 3509 3585
3436 3510 3512
3437 3511 3513 3587
3438 3512 3514 3588
3439 3589
3514 3516 3590
3441 3517 3591
3516 3518
3443 3593
3518 3520
3445 3519 3595
3520 3522 3596
3447 3521 3523 3597
3448 3522 3524
3449 3523 3599
3524
3451 3527 3601
3452 3526 3528
3453 3527 3529 3603
3528 3530 3604
3455 3605
3530 3532 3606
3457 3531 3533 3607
3532 3534 3608
3459 3535 3609
3534 3536 3610
3461 3535 3611
3462 3536 3538 3612
3463 3537 3539 3613
3464 3538 3540
3465 3539 3541 3615
3540 3542 3616
3467 3541 3543 3617
3542 3544
3469 3545 3619
3470 3544 3546 3620
3471 3621
3472 3546 3548 3622
3473 3547 3623
3474 3548 3550 3624
3475 3549 3625
3476 3550 3552
3477 3551 3627
3478 3552 3554 3628
3479 3553 3555 3629
3480 3554 3556 3630
3481 3631
3482 3556 3558
3483 3557 3559 3633
3484 3558 3560
3485 3559 3561 3635
3486 3560 3562 3636
3487 3561 3563 3637
3562 3564 3638
3489 3563 3565 3639
3490 3564 3566 3640
3491 3565 3641
3566 3568 3642
3493 3643
3568 3570
3495 3571 3645
3570 3572 3646
3497 3647
3498 3572 3574 3648
3499 3575 3649
3500 3574 3576
3501 3575 3577 3651
3502 3576 3578 3652
3503 3579 3653
3504 3578 3580 3654
3505 3579 3655
3580 3582 3656
3507 3581 3583 3657
3508 3582 3584 3658
3509 3583 3585 3659
3584 3586 3660
3511 3585 3661
3512 3586 3588
3513 3589 3663
3588 3590 3664
3515 3589 3591 3665
3516 3590 3592 3666
3517 3591 3667
3518 3592 3594
3519 3593 3669
3520 3594 3596
3521 3671
3522 3596 3598
3523 3599 3673
3524 3598 3600
3525 3675
3526 3602
3527 3601 3677
3528 3602 3604 3678
3529 3603 3605 3679
3530 3604 3606
3531 3681
3606 3608
3533 3607 3609 3683
3608 3610 3684
3535 3609 3611 3685
3610 3612 3686
3537 3687
3612 3614 3688
3539 3613 3615 3689
3614 3616 3690
3541 3617 3691
3542 3616 3618 3692
3543 3693
3618 3620 3694
3545 3619 3621 3695
3546 3620 3622 3696
3547 3621 3697
3622 3624 3698
3549 3623 3699
3550 3624 3626 3700
3551 3701
3626 3628 3702
3553 3627 3629 3703
3554 3628 3630
3555 3629 3631 3705
3556 3630 3632
3557 3631 3633 3707
3632 3634
3559 3633 3709
3634 3636 3710
3561 3711
3636 3638 3712
3563 3639 3713
3564 3638 3640
3565 3639 3641 3715
3640 3642 3716
3567 3641 3643 3717
3568 3642 3644 3718
3569 3645 3719
3644 3646 3720
3571 3647 3721
3572 3646 3648
3573 3647 3723
3648 3650
3575 3649 3725
3576 3650 3652 3726
3577 3653 3727
3652 3654
3579 3653 3729
3654 3656
3581 3655 3731
3582 3656 3658 3732
3583 3657 3659 3733
3658 3660
3585 3659 3735
3660 3662 3736
3587 3661 3737
3588 3662 3664
3589 3663 3739
3590 3664 3666 3740
3591 3665 3667 3741
3666 3668
3593 3667 3743
3668 3670
3595 3669 3745
3670 3672
3597 3747
3672 3674
3599 3749
3674
3601 3677 3751
3676 3678 3752
3603 3677 3679 3753
3604 3678 3680
3605 3681 3755
3606 3680 3682 3756
3607 3757
3682 3684
3609 3685 3759
3610 3684 3686
3611 3685 3687 3761
3612 3686 3688
3613 3687 3689 3763
3614 3688 3690
3615 3689 3691 3765
3616 3690 3692 3766
3617 3691 3767
3618 3692 3694
3619 3695 3769
3694 3696
3621 3697 3771
3696 3698
3623 3697 3699 3773
3698 3700 3774
3625 3701 3775
3626 3700 3702 3776
3627 3701 3703 3777
3702 3704
3629 3779
3704 3706 3780
3631 3705 3781
3632 3706 3708
3633 3707 3709 3783
3634 3708 3710
3635 3709 3711 3785
3710 3712 3786
3637 3713 3787
3638 3712 3714 3788
3639 3713 3715 3789
3640 3714 3716 3790
3641 3715 3791
3642 3716 3718 3792
3643 3717 3793
3644 3718 3720 3794
3645 3719 3721 3795
3720 3722 3796
3647 3723 3797
3648 3722 3724
3649 3723 3799
3650 3724 3726 3800
3651 3725 3801
3726 3728 3802
3653 3727 3729 3803
3654 3728 3730 3804
3655 3731 3805
3730 3732 3806
3657 3733 3807
3658 3732 3734 3808
3659 3735 3809
3660 3734 3736 3810
3661 3735 3737 3811
3662 3736 3738
3663 3739 3813
3664 3738 3740 3814
3665 3739 3741 3815
3740 3742 3816
3667 3817
3668 3742 3744 3818
3669 3743 3745 3819
3670 3744 3746 3820
3671 3745 3747 3821
3746 3748
3673 3747 3823
3674 3748 3750 3824
3675 3825
3752 3826
3677 3751 3753 3827
3678 3752 3754
3679 3755 3829
3754 3756
3681 3831
3756 3758 3832
3683 3757 3833
3684 3758 3760 3834
3685 3759 3835
3686 3760 3762 3836
3687 3763 3837
3762 3764 3838
3689 3839
3690 3764 3766 3840
3691 3765 3767 3841
3692 3766 3768
3693 3769 3843
3768 3770 3844
3695 3769 3845
3696 3770 3772 3846
3697 3847
3772 3774 3848
3699 3775 3849
3700 3774 3776 3850
3701 3775 3777 3851
3702 3776 3778 3852
3703 3777 3779 3853
3704 3778 3780 3854
3705 3779 3781 3855
3780 3782
3707 3781 3783 3857
3708 3782 3784
3709 3785 3859
3710 3784 3786 3860
3711 3785 3787 3861
3786 3788 3862
3713 3863
3714 3788 3790 3864
3715 3791 3865
3790 3792
3717 3791 3867
3792 3794 3868
3719 3795 3869
3794 3796
3721 3795 3797 3871
3722 3796 3798 3872
3723 3873
3724 3798 3800 3874
3725 3801 3875
3726 3800 3802
3727 3801 3803 3877
3802 3804 3878
3729 3803 3805 3879
3730 3804 3806 3880
3731 3807 3881
3806 3808
3733 3807 3883
3734 3808 3810
3735 3885
3736 3810 3812 3886
3737 3887
3812 3814 3888
3739 3813 3815 3889
3814 3816
3741 3891
3816 3818
3743 3817 3819 3893
3744 3818 3820
3745 3819 3821 3895
3746 3820 3822
3747 3821 3897
3748 3822 3824 3898
3749 3823 3825 3899
3824
3751 3827 3901
3826 3828
3753 3829 3903
3828 3830
3755 3829 3831 3905
3756 3830 3832
3757 3907
3758 3832 3834
3759 3833 3909
3834 3836
3761 3835 3837 3911
3762 3836 3838 3912
3763 3839 3913
3764 3838 3840 3914
3765 3839 3915
3766 3840 3842
3767 3841 3843 3917
3842 3844 3918
3769 3843 3845 3919
3844 3846
3771 3845 3847 3921
3846 3848 3922
3773 3847 3923
3774 3848 3850 3924
3775 3849 3851 3925
3850 3852
3777 3927
3778 3852 3854 3928
3779 3855 3929
3780 3854 3856
3781 3855 3931
3856 3858 3932
3783 3857 3933
3858 3860
3785 3859 3861 3935
3786 3860 3862
3787 3863 3937
3788 3862 3864 3938
3789 3939
3790 3864 3866 3940
3791 3865 3867 3941
3866 3868
3793 3869 3943
3868 3870 3944
3795 3871 3945
3796 3870 3872 3946
3797 3947
3872 3874 3948
3799 3873 3875 3949
3874 3876 3950
3801 3875 3951
3876 3878 3952
3803 3877 3953
3804 3878 3880 3954
3805 3879 3881 3955
3806 3880 3882
3807 3881 3957
3808 3882 3884 3958
3809 3883 3885 3959
3884 3886
3811 3885 3887 3961
3886 3888
3813 3887 3889 3963
3888 3890 3964
3815 3891 3965
3816 3890 3892
3817 3967
3818 3892 3894 3968
3819 3893 3969
3820 3894 3896
3821 3971
3822 3896 3898
3823 3973
3824 3898 3900
3825 3975
3826 3902
3827 3901 3903 3977
3902 3904 3978
3829 3905 3979
3830 3904 3906 3980
3831 3905 3907 3981
3906 3908 3982
3833 3907 3983
3908 3910
3835 3909 3911 3985
3910 3912 3986
3837 3913 3987
3838 3912 3914 3988
3839 3989
3914 3916 3990
3841 3991
3842 3916 3918 3992
3843 3993
3918 3920 3994
3845 3919 3921 3995
3846 3920 3922 3996
3847 3921 3923 3997
3848 3922 3924 3998
3849 3923 3999
3924 3926 4000
3851 3927 4001
3852 3926 3928 4002
3853 4003
3928 3930
3855 3931 4005
3856 3930 3932
3857 3931 4007
3858 3932 3934
3859 3935 4009
3860 3934 3936 4010
3861 4011
3936 3938 4012
3863 3937 3939 4013
3938 3940
3865 4015
3940 3942 4016
3867 3943 4017
3868 3942 3944 4018
3869 3943 4019
3944 3946
3871 3945 3947 4021
3872 3946 3948 4022
3873 3947 4023
3874 3948 3950
3875 3949 3951 4025
3876 3950 3952 4026
3877 3951 4027
3952 3954
3879 3953 3955 4029
3880 3954 3956 4030
3881 3957 4031
3882 3956 3958 4032
3883 3957 3959 4033
3958 3960
3885 3959 3961 4035
3960 3962
3887 3963 4037
3888 3962 3964
3889 3963 3965 4039
3890 3964 3966 4040
3891 3965 4041
3966 3968
3893 3967 3969 4043
3968 3970 4044
3895 3971 4045
3896 3970 3972 4046
3897 3971 3973 4047
3972 3974 4048
3899 3973 3975 4049
3900 3974
3901 3977 4051
3976 3978 4052
3903 4053
3978 3980
3905 3981 4055
3906 3980 3982 4056
3907 3983 4057
3908 3982 3984 4058
3909 3983 3985 4059
3984 3986 4060
3911 4061
3986 3988
3913 3989 4063
3914 3988 3990
3915 3991 4065
3916 3990 3992
3917 3993 4067
3918 3992 3994
3919 3993 3995 4069
3920 3994 3996 4070
3921 3995 3997 4071
3922 3996 3998 4072
3923 3997 4073
3998 4000 4074
3925 4001 4075
3926 4000 4002 4076
3927 4001 4003 4077
4002 4004
3929 4003 4005 4079
3930 4004 4006 4080
3931 4007 4081
3932 4006 4008
3933 4007 4083
4008 4010
3935 4011 4085
3936 4010 4012 4086
3937 4013 4087
4012 4014 4088
3939 4015 4089
3940 4014 4016
3941 4017 4091
4016 4018 4092
3943 4017 4019 4093
3944 4018 4020
3945 4019 4021 4095
3946 4020 4022
3947 4021 4023 4097
4022 4024
3949 4023 4025 4099
4024 4026
3951 4101
4026 4028
3953 4027 4103
4028 4030
3955 4031 4105
4030 4032 4106
3957 4031 4033 4107
3958 4032 4034
3959 4033 4035 4109
4034 4036
3961 4111
4036 4038 4112
3963 4039 4113
3964 4038 4040
3965 4039 4041 4115
3966 4040 4042
3967 4041 4043 4117
4042 4044
3969 4043 4119
3970 4044 4046 4120
3971 4045 4047 4121
3972 4046 4048 4122
3973 4049 4123
4048 4050
3975 4125
3976 4052
3977 4051 4053 4127
4052 4054
3979 4053 4129
4054 4056
3981 4131
3982 4056 4058 4132
3983 4057 4133
3984 4058 4060 4134
3985 4135
3986 4060 4062
3987 4061 4063 4137
4062 4064
3989 4065 4139
4064 4066 4140
3991 4067 4141
4066 4068
3993 4143
3994 4068 4070 4144
3995 4069 4071 4145
3996 4070 4072 4146
3997 4071 4147
4072 4074 4148
3999 4149
4074 4076 4150
4001 4075 4151
4076 4078
4003 4077 4079 4153
4004 4078 4080
4005 4079 4081 4155
4006 4080 4082 4156
4007 4081 4157
4082 4084 4158
4009 4083 4085 4159
4010 4084 4086
4011 4085 4087 4161
4012 4086 4088 4162
4013 4163
4088 4090
4015 4089 4165
4016 4090 4092 4166
4017 4091 4093 4167
4018 4092 4094
4019 4095 4169
4094 4096 4170
4021 4095 4171
4022 4096 4098 4172
4023 4099 4173
4024 4098 4100
4025 4099 4175
4100 4102 4176
4027 4101 4103 4177
4102 4104
4029 4179
4030 4104 4106
4031 4181
4032 4106 4108 4182
4033 4183
4034 4108 4110 4184
4035 4185
4036 4110 4112 4186
4037 4187
4038 4112 4114 4188
4039 4115 4189
4114 4116 4190
4041 4117 4191
4042 4116 4118
4043 4119 4193
4044 4118 4120 4194
4045 4195
4046 4120 4122
4047 4121 4197
4048 4122 4124 4198
4049 4125 4199
4050 4124
4051 4127 4201
4126 4128 4202
4053 4127 4203
4054 4128 4130
4055 4129 4205
4130 4132 4206
4057 4131 4133 4207
4132 4134 4208
4059 4133 4135 4209
4060 4134 4136
4061 4211
4062 4136 4138 4212
4063 4137 4139 4213
4138 4140
4065 4139 4215
4066 4140 4142 4216
4067 4141 4143 4217
4068 4142 4144
4069 4143 4219
4144 4146 4220
4071 4145 4221
4072 4146 4148
4073 4147 4149 4223
4148 4150
4075 4149 4225
4150 4152 4226
4077 4151 4153 4227
4078 4152 4154
4079 4229
4080 4154 4156 4230
4081 4231
4082 4156 4158 4232
4083 4159 4233
4084 4158 4160 4234
4085 4161 4235
4086 4160 4162 4236
4087 4163 4237
4088 4162 4164 4238
4089 4163 4165 4239
4164 4166
4091 4165 4167 4241
4092 4166 4168
4093 4167 4169 4243
4094 4168 4170 4244
4095 4171 4245
4096 4170 4172 4246
4097 4247
4172 4174
4099 4175 4249
4100 4174 4176
4101 4175 4177 4251
4102 4176 4178 4252
4103 4253
4178 4180
4105 4181 4255
4106 4180 4182 4256
4107 4183 4257
4182 4184 4258
4109 4185 4259
4184 4186 4260
4111 4185 4187 4261
4112 4186 4188 4262
4113 4187 4189 4263
4114 4188 4190 4264
4115 4191 4265
4116 4190 4192 4266
4117 4191 4267
4118 4192 4194
4119 4193 4195 4269
4120 4194 4196
4121 4195 4271
4196 4198 4272
4123 4197 4199 4273
4124 4198 4200 4274
4125 4199 4275
4202
4127 4203 4277
4128 4202 4204 4278
4129 4279
4204 4206 4280
4131 4281
4206 4208
4133 4209 4283
4208 4210
4135 4211 4285
4136 4210 4212 4286
4137 4211 4213 4287
4212 4214
4139 4215 4289
4140 4214 4216
4141 4291
4216 4218 4292
4143 4217 4293
4144 4218 4220
4145 4295
4220 4222 4296
4147 4221 4297
4148 4222 4224 4298
4149 4223 4225 4299
4224 4226
4151 4225 4301
4152 4226 4228 4302
4153 4229 4303
4228 4230 4304
4155 4305
4230 4232
4157 4231 4307
4232 4234
4159 4233 4309
4234 4236 4310
4161 4235 4311
4236 4238 4312
4163 4239 4313
4164 4238 4240
4165 4239 4241 4315
4240 4242 4316
4167 4241 4243 4317
4168 4242 4244 4318
4169 4245 4319
4170 4244 4246 4320
4171 4245 4247 4321
4172 4246 4248 4322
4173 4247 4249 4323
4174 4248 4250
4175 4251 4325
4176 4250 4252 4326
4177 4251 4253 4327
4178 4252 4254 4328
4179 4255 4329
4180 4254 4256 4330
4181 4257 4331
4256 4258 4332
4183 4257 4259 4333
4184 4258 4260 4334
4185 4335
4260 4262 4336
4187 4261 4263 4337
4188 4262 4264
4189 4263 4265 4339
4264 4266 4340
4191 4265 4341
4192 4266 4268
4193 4267 4343
4194 4268 4270
4195 4269 4271 4345
4270 4272
4197 4271 4273 4347
4272 4274
4199 4275 4349
4200 4274
4201 4351
4202 4276 4278
4203 4277 4279 4353
4204 4278 4280 4354
4205 4279 4281 4355
4206 4280 4282
4207 4357
4208 4282 4284 4358
4209 4283 4285 4359
4210 4284 4286 4360
4211 4285 4287 4361
4212 4286 4288 4362
4213 4287 4363
4214 4288 4290 4364
4215 4365
4216 4290 4292 4366
4217 4367
4218 4292 4294 4368
4219 4369
4220 4294 4296
4221 4297 4371
4222 4296 4298 4372
4223 4297 4299 4373
4298 4300
4225 4299 4375
4300 4302 4376
4227 4377
4302 4304 4378
4229 4305 4379
4230 4304 4306
4231 4305 4307 4381
4306 4308 4382
4233 4309 4383
4308 4310
4235 4309 4385
4236 4310 4312
4237 4387
4238 4312 4314 4388
4239 4313 4315 4389
4240 4314 4316 4390
4241 4315 4391
4316 4318
4243 4319 4393
4318 4320 4394
4245 4319 4321 4395
4246 4320 4322
4247 4321 4323 4397
4248 4322 4324 4398
4249 4399
4250 4324 4326 4400
4251 4325 4401
4326 4328
4253 4327 4329 4403
4254 4328 4330
4255 4329 4405
4256 4330 4332
4257 4331 4333 4407
4258 4332 4334
4259 4409
4260 4334 4336
4261 4337 4411
4336 4338
4263 4337 4413
4338 4340 4414
4265 4339 4341 4415
4340 4342
4267 4341 4417
4268 4342 4344 4418
4269 4419
4270 4344 4346
4271 4345 4347 4421
4272 4346 4348 4422
4273 4423
4274 4348 4350
4275 4425
4276 4352 4426
4277 4351 4427
4278 4352 4354 4428
4279 4353 4355 4429
4354 4356 4430
4281 4357 4431
4356 4358 4432
4283 4357 4359 4433
4284 4358 4360 4434
4285 4359 4435
4286 4360 4362
4287 4361 4437
4288 4362 4364 4438
4289 4363 4365 4439
4290 4364 4366 4440
4291 4367 4441
4366 4368
4293 4367 4369 4443
4294 4368 4370 4444
4295 4369 4445
4370 4372 4446
4297 4371 4373 4447
4298 4372 4374
4299 4373 4449
4374 4376 4450
4301 4375 4377 4451
4302 4376 4378
4303 4377 4453
4304 4378 4380
4305 4379 4381 4455
4380 4382 4456
4307 4383 4457
4308 4382 4384
4309 4385 4459
4310 4384 4386
4311 4385 4387 4461
4312 4386 4388
4313 4463
4388 4390 4464
4315 4391 4465
4316 4390 4392 4466
4317 4467
4318 4392 4394 4468
4319 4395 4469
4320 4394 4396
4321 4395 4471
4322 4396 4398
4323 4397 4399 4473
4398 4400 4474
4325 4475
4326 4400 4402 4476
4327 4401 4477
4402 4404 4478
4329 4405 4479
4330 4404 4406 4480
4331 4405 4481
4332 4406 4408 4482
4333 4483
4408 4410
4335 4409 4411 4485
4410 4412
4337 4413 4487
4338 4412 4414 4488
4339 4413 4415 4489
4340 4414 4416
4341 4491
4342 4416 4418 4492
4343 4417 4419 4493
4418 4420
4345 4419 4495
4346 4420 4422
4347 4423 4497
4348 4422 4424 4498
4349 4499
4424 4500
4351 4501
4352 4426 4428
4353 4429 4503
4428 4430
4355 4505
4430 4432 4506
4357 4433 4507
4358 4432 4434
4359 4433 4509
4360 4434 4436
4361 4435 4437 4511
4362 4436 4438
4363 4437 4513
4364 4438 4440
4365 4439 4441 4515
4440 4442 4516
4367 4441 4443 4517
4368 4442 4444 4518
4369 4443 4519
4444 4446 4520
4371 4521
4446 4448
4373 4447 4523
4448 4450 4524
4375 4449 4525
4450 4452 4526
4377 4453 4527
4452 4454 4528
4379 4529
4454 4456
4381 4455 4531
4456 4458 4532
4383 4533
4384 4458 4460 4534
4385 4459 4535
4460 4462 4536
4387 4461 4463 4537
4388 4462 4464 4538
4389 4539
4390 4464 4466
4391 4541
4392 4466 4468
4393 4467 4543
4394 4468 4470
4395 4469 4471 4545
4396 4470 4472
4397 4473 4547
4472 4474 4548
4399 4549
4400 4474 4476
4401 4551
4402 4476 4478 4552
4403 4477 4553
4478 4480 4554
4405 4481 4555
4406 4480 4482
4407 4481 4557
4408 4482 4484
4409 4483 4485 4559
4484 4486 4560
4411 4485 4561
4412 4486 4488 4562
4413 4487 4563
4414 4488 4490
4415 4489 4491 4565
4490 4492 4566
4417 4567
4418 4492 4494
4419 4569
4420 4494 4496 4570
4421 4495 4571
4422 4496 4498
4423 4573
4498 4500 4574
4425 4499 4575
4502
4427 4577
4428 4502 4504 4578
4429 4503 4579
4504 4506
4431 4505 4507 4581
4506 4508 4582
4433 4583
4508 4510
4435 4585
4510 4512 4586
4437 4511 4587
4438 4512 4514
4439 4513 4515 4589
4440 4514 4516 4590
4441 4515 4517 4591
4442 4516 4518 4592
4443 4517 4519 4593
4444 4518 4520
4445 4519 4521 4595
4520 4522 4596
4447 4523 4597
4522 4524 4598
4449 4525 4599
4450 4524 4526 4600
4451 4601
4452 4526 4528 4602
4453 4527 4529 4603
4528 4530
4455 4531 4605
4456 4530 4532 4606
4457 4531 4533 4607
4458 4532 4534 4608
4459 4609
4460 4534 4536 4610
4461 4537 4611
4536 4538 4612
4463 4537 4539 4613
4464 4538 4540 4614
4465 4541 4615
4466 4540 4542
4467 4617
4468 4542 4544 4618
4469 4543 4619
4470 4544 4546 4620
4471 4545 4621
4546 4548 4622
4473 4623
4548 4550
4475 4549 4551 4625
4476 4550 4552
4477 4551 4553 4627
4552 4554
4479 4553 4629
4480 4554 4556 4630
4481 4631
4482 4556 4558 4632
4483 4633
4484 4558 4560 4634
4485 4635
4486 4560 4562 4636
4487 4637
4488 4562 4564
4489 4563 4639
4564 4566 4640
4491 4565 4567 4641
4492 4566 4568 4642
4493 4643
4494 4568 4570
4495 4571 4645
4570 4572
4497 4573 4647
4572 4574 4648
4499 4575 4649
4500 4574
4501 4577 4651
4502 4576 4578
4503 4577 4579 4653
4578 4580 4654
4505 4579 4655
4506 4580 4582 4656
4507 4657
4508 4582 4584
4509 4583 4585 4659
4510 4584 4586 4660
4511 4661
4586 4588
4513 4589 4663
4514 4588 4590
4515 4589 4665
4590 4592 4666
4517 4591 4667
4518 4592 4594
4519 4593 4669
4594 4596 4670
4521 4597 4671
4596 4598
4523 4597 4673
4598 4600 4674
4525 4599 4601 4675
4600 4602 4676
4527 4601 4603 4677
4528 4602 4604
4529 4603 4605 4679
4604 4606
4531 4607 4681
4532 4606 4608
4533 4609 4683
4534 4608 4610
4535 4611 4685
4610 4612
4537 4687
4538 4612 4614 4688
4539 4615 4689
4614 4616
4541 4615 4691
4542 4616 4618
4543 4617 4693
4544 4618 4620 4694
4545 4619 4621 4695
4546 4620 4622 4696
4547 4621 4623 4697
4548 4622 4624 4698
4549 4625 4699
4550 4624 4626 4700
4551 4625 4627 4701
4552 4626 4628
4553 4627 4629 4703
4554 4628 4630
4555 4631 4705
4630 4632 4706
4557 4631 4633 4707
4558 4632 4634 4708
4559 4635 4709
4560 4634 4636
4561 4637 4711
4562 4636 4638 4712
4563 4639 4713
4638 4640
4565 4639 4641 4715
4566 4640 4642
4567 4641 4643 4717
4568 4642 4644
4569 4643 4645 4719
4644 4646
4571 4645 4647 4721
4572 4646 4648 4722
4573 4649 4723
4574 4648 4650
4575 4725
4652 4726
4577 4653 4727
4578 4652 4654
4579 4729
4580 4654 4656 4730
4581 4655 4657 4731
4656 4658 4732
4583 4659 4733
4658 4660 4734
4585 4661 4735
4586 4660 4662
4587 4661 4663 4737
4588 4662 4664 4738
4589 4665 4739
4664 4666
4591 4665 4741
4592 4666 4668 4742
4593 4743
4668 4670 4744
4595 4669 4671 4745
4596 4670 4672 4746
4597 4671 4747
4672 4674 4748
4599 4675 4749
4674 4676
4601 4675 4677 4751
4676 4678 4752
4603 4677 4679 4753
4678 4680 4754
4605 4679 4681 4755
4606 4680 4682 4756
4607 4757
4608 4682 4684 4758
4609 4683 4759
4684 4686 4760
4611 4685 4761
4686 4688 4762
4613 4763
4688 4690 4764
4615 4689 4691 4765
4690 4692
4617 4693 4767
4618 4692 4694 4768
4619 4695 4769
4694 4696
4621 4697 4771
4622 4696 4698 4772
4623 4697 4699 4773
4624 4698 4700 4774
4625 4701 4775
4626 4700 4702
4627 4701 4703 4777
4702 4704
4629 4705 4779
4630 4704 4706 4780
4631 4705 4707 4781
4706 4708
4633 4707 4709 4783
4634 4708 4710 4784
4635 4785
4636 4710 4712
4637 4713 4787
4638 4712 4714 4788
4639 4713 4715 4789
4714 4716
4641 4717 4791
4716 4718 4792
4643 4717 4793
4718 4720
4645 4719 4795
4720 4722
4647 4721 4797
4648 4722 4724
4649 4723 4799
4650 4724
4651 4801
4726 4728
4653 4727 4803
4654 4728 4730
4655 4805
4656 4730 4732 4806
4657 4733 4807
4658 4732 4734 4808
4659 4735 4809
4660 4734 4736 4810
4661 4735 4811
4662 4736 4738
4663 4737 4813
4664 4738 4740 4814
4665 4739 4741 4815
4666 4740 4742 4816
4667 4741 4743 4817
4742 4744
4669 4743 4819
4670 4744 4746 4820
4671 4745 4821
4672 4746 4748 4822
4673 4747 4823
4748 4750 4824
4675 4749 4751 4825
4750 4752
4677 4751 4827
4752 4754 4828
4679 4753 4755 4829
4680 4754 4756 4830
4681 4755 4831
4756 4758 4832
4683 4757 4759 4833
4758 4760 4834
4685 4759 4761 4835
4760 4762
4687 4761 4763 4837
4762 4764
4689 4763 4765 4839
4764 4766
4691 4765 4767 4841
4692 4766 4768
4693 4767 4843
4768 4770
4695 4769 4845
4696 4770 4772 4846
4697 4773 4847
4698 4772 4774 4848
4699 4773 4849
4774 4776 4850
4701 4775 4777 4851
4702 4776 4778
4703 4779 4853
4778 4780
4705 4781 4855
4780 4782
4707 4857
4708 4782 4784 4858
4709 4783 4785 4859
4784 4786
4711 4787 4861
4786 4788 4862
4713 4863
4714 4788 4790
4715 4789 4865
4716 4790 4792 4866
4717 4791 4867
4718 4792 4794
4719 4869
4794 4796 4870
4721 4871
4796 4798
4723 4797 4799 4873
4798 4800 4874
4725 4799 4875
4802
4727 4801 4803 4877
4728 4802 4804
4729 4803 4879
4804 4806
4731 4807 4881
4732 4806 4808
4733 4807 4809 4883
4808 4810 4884
4735 4809 4811 4885
4736 4810 4812 4886
4737 4811 4887
4812 4814
4739 4813 4889
4740 4814 4816 4890
4741 4815 4817 4891
4816 4818
4743 4817 4893
4744 4818 4820
4745 4819 4821 4895
4746 4820 4822
4747 4821 4823 4897
4748 4822 4824
4749 4825 4899
4824 4826
4751 4901
4752 4826 4828 4902
4753 4829 4903
4754 4828 4830 4904
4755 4829 4831 4905
4830 4832
4757 4907
4758 4832 4834
4759 4835 4909
4834 4836
4761 4837 4911
4762 4836 4838 4912
4763 4837 4913
4764 4838 4840
4765 4915
4840 4842
4767 4841 4843 4917
4842 4844
4769 4845 4919
4844 4846 4920
4771 4845 4847 4921
4772 4846 4848 4922
4773 4923
4848 4850
4775 4849 4851 4925
4776 4850 4852 4926
4777 4851 4853 4927
4852 4854
4779 4853 4855 4929
4780 4854 4856 4930
4781 4857 4931
4782 4856 4858 4932
4783 4933
4858 4860 4934
4785 4859 4861 4935
4786 4860 4862
4787 4861 4937
4862 4864
4789 4863 4939
4790 4864 4866
4791 4865 4867 4941
4792 4866 4868
4793 4867 4943
4868 4870
4795 4869 4871 4945
4870 4872 4946
4797 4947
4798 4872 4874
4799 4873 4875 4949
4874 4950
4801 4877 4951
4802 4876 4878 4952
4803 4877 4879 4953
4804 4878 4880
4805 4879 4881 4955
4806 4880 4882 4956
4807 4881 4883 4957
4882 4884 4958
4809 4959
4884 4886 4960
4811 4961
4886 4888 4962
4813 4889 4963
4888 4890 4964
4815 4889 4891 4965
4816 4890 4892
4817 4893 4967
4892 4894
4819 4893 4969
4820 4894 4896
4821 4897 4971
4822 4896 4898 4972
4823 4973
4898 4900 4974
4825 4975
4826 4900 4902 4976
4827 4901 4903 4977
4828 4902 4904 4978
4829 4903 4979
4904 4906 4980
4831 4905 4981
4832 4906 4908
4833 4983
4908 4910 4984
4835 4911 4985
4836 4910 4912 4986
4837 4911 4913 4987
4838 4912 4914
4839 4913 4989
4914 4916 4990
4841 4915 4917 4991
4842 4916 4918
4843 4993
4918 4920
4845 4921 4995
4846 4920 4922 4996
4847 4921 4923 4997
4848 4922 4924 4998
4849 4923 4925 4999
4850 4924 4926
4851 4925 5001
4852 4926 4928
4853 4927 4929 5003
4854 4928 4930 5004
4855 5005
4856 4930 4932 5006
4857 5007
4932 4934 5008
4859 4935 5009
4860 4934 4936
4861 4935 5011
4862 4936 4938
4863 4937 5013
4864 4938 4940
4865 5015
4866 4940 4942 5016
4867 4943 5017
4942 4944 5018
4869 4943 4945 5019
4944 4946
4871 5021
4872 4946 4948 5022
4873 4947 4949 5023
4948 4950
4875 4949 5025
4876 4952 5026
4877 4951 5027
4952 4954
4879 4955 5029
4880 4954 4956
4881 4957 5031
4956 4958 5032
4883 4957 4959 5033
4958 4960
4885 4959 4961 5035
4886 4960 4962
4887 4961 5037
4962 4964 5038
4889 4963 5039
4964 4966
4891 4965 5041
4966 4968
4893 5043
4968 4970
4895 4969 4971 5045
4896 4970 4972 5046
4897 5047
4898 4972 4974 5048
4899 4973 5049
4974 4976 5050
4901 4975 4977 5051
4976 4978
4903 4979 5053
4978 4980 5054
4905 4979 5055
4980 4982 5056
4907 5057
4982 4984
4909 4983 4985 5059
4910 4984 4986
4911 4985 5061
4986 4988 5062
4913 4989 5063
4988 4990
4915 4989 4991 5065
4916 4990 4992
4917 4993 5067
4918 4992 4994
4919 5069
4920 4994 4996
4921 5071
4996 4998 5072
4923 5073
4924 4998 5000
4925 5001 5075
4926 5000 5002 5076
4927 5001 5077
5002 5004
4929 5005 5079
4930 5004 5006
4931 5005 5081
4932 5006 5008
4933 5083
5008 5010
4935 5085
5010 5012
4937 5011 5013 5087
5012 5014 5088
4939 5089
4940 5014 5016 5090
4941 5017 5091
4942 5016 5018 5092
4943 5017 5019 5093
4944 5018 5020 5094
4945 5021 5095
5020 5022
4947 5097
5022 5024 5098
4949 5099
5024 5100
4951 5027 5101
4952 5026 5028 5102
4953 5029 5103
5028 5030 5104
4955 5029 5031 5105
4956 5030 5032 5106
4957 5031 5033 5107
5032 5034
4959 5035 5109
5034 5036 5110
4961 5037 5111
5036 5038 5112
4963 5113
4964 5038 5040
4965 5115
5040 5042
4967 5041 5043 5117
4968 5042 5044 5118
4969 5043 5045 5119
5044 5046 5120
4971 5045 5121
4972 5046 5048
4973 5047 5049 5123
4974 5048 5050
4975 5049 5051 5125
5050 5052
4977 5127
4978 5052 5054 5128
4979 5053 5055 5129
4980 5054 5056 5130
4981 5055 5131
5056 5058 5132
4983 5133
4984 5058 5060
4985 5059 5061 5135
4986 5060 5062 5136
4987 5061 5063 5137
4988 5062 5064 5138
4989 5139
5064 5066 5140
4991 5141
5066 5068 5142
4993 5067 5069 5143
4994 5068 5070 5144
4995 5069 5145
4996 5070 5072
4997 5071 5147
4998 5072 5074 5148
4999 5149
5074 5076
5001 5075 5151
5076 5078 5152
5003 5077 5153
5004 5078 5080 5154
5005 5079 5155
5006 5080 5082
5007 5157
5082 5084
5009 5083 5159
5010 5084 5086 5160
5011 5085 5087 5161
5086 5088 5162
5013 5087 5163
5014 5088 5090 5164
5015 5089 5165
5090 5092 5166
5017 5091 5093 5167
5092 5094
5019 5095 5169
5020 5094 5096
5021 5171
5022 5096 5098 5172
5023 5099 5173
5024 5098 5100 5174
5025 5175
5102
5027 5101 5103 5177
5028 5102 5104 5178
5029 5103 5105 5179
5030 5104 5106 5180
5031 5181
5106 5108 5182
5033 5107 5109 5183
5034 5108 5110
5035 5111 5185
5036 5110 5112 5186
5037 5187
5038 5112 5114
5039 5113 5189
5040 5114 5116 5190
5041 5117 5191
5042 5116 5118 5192
5043 5117 5193
5118 5120
5045 5121 5195
5120 5122
5047 5123 5197
5048 5122 5124 5198
5049 5125 5199
5050 5124 5126 5200
5051 5127 5201
5052 5126 5128
5053 5129 5203
5128 5130 5204
5055 5129 5205
5056 5130 5132 5206
5057 5133 5207
5058 5132 5134
5059 5135 5209
5060 5134 5136
5061 5135 5137 5211
5062 5136 5138 5212
5063 5137 5139 5213
5064 5138 5140
5065 5141 5215
5066 5140 5142 5216
5067 5141 5217
5068 5142 5144 5218
5069 5143 5145 5219
5070 5144 5146 5220
5071 5221
5072 5146 5148 5222
5073 5147 5149 5223
5074 5148 5150
5075 5151 5225
5150 5152 5226
5077 5151 5153 5227
5078 5152 5154 5228
5079 5229
5080 5154 5156
5081 5155 5157 5231
5082 5156 5158
5083 5157 5233
5084 5158 5160 5234
5085 5235
5086 5160 5162
5087 5161 5163 5237
5162 5164 5238
5089 5165 5239
5164 5166 5240
5091 5165 5167 5241
5092 5166 5168 5242
5093 5167 5169 5243
5168 5170 5244
5095 5171 5245
5170 5172
5097 5173 5247
5098 5172 5174
5099 5173 5175 5249
5100 5174 5250
5101 5177 5251
5176 5178
5103 5179 5253
5104 5178 5180 5254
5105 5181 5255
5106 5180 5182 5256
5107 5181 5183 5257
5182 5184 5258
5109 5259
5184 5186 5260
5111 5185 5187 5261
5112 5186 5188
5113 5189 5263
5188 5190 5264
5115 5265
5116 5190 5192
5117 5191 5193 5267
5118 5192 5194 5268
5119 5193 5195 5269
5194 5196
5121 5195 5197 5271
5122 5196 5198 5272
5123 5273
5198 5200 5274
5125 5199 5275
5126 5200 5202
5127 5277
5128 5202 5204
5129 5203 5279
5130 5204 5206 5280
5131 5205 5281
5206 5208
5133 5283
5134 5208 5210
5135 5209 5285
5136 5210 5212 5286
5137 5213 5287
5212 5214
5139 5215 5289
5214 5216
5141 5217 5291
5142 5216 5218 5292
5143 5217 5219 5293
5144 5218 5220 5294
5145 5219 5295
5220 5222
5147 5221 5223 5297
5148 5222 5224
5149 5223 5225 5299
5150 5224 5226 5300
5151 5225 5301
5152 5226 5228 5302
5153 5227 5303
5154 5228 5230
5155 5305
5230 5232
5157 5307
5232 5234
5159 5233 5309
5160 5234 5236
5161 5235 5311
5236 5238 5312
5163 5313
5164 5238 5240
5165 5241 5315
5240 5242
5167 5241 5317
5242 5244 5318
5169 5245 5319
5244 5246 5320
5171 5321
5246 5248
5173 5247 5323
5174 5248 5250
5175 5325
5252
5177 5327
5178 5252 5254 5328
5179 5253 5255 5329
5180 5254 5256 5330
5181 5331
5256 5258
5183 5257 5259 5333
5184 5258 5260 5334
5185 5261 5335
5260 5262 5336
5187 5261 5263 5337
5262 5264
5189 5263 5265 5339
5264 5266 5340
5191 5265 5267 5341
5192 5266 5268 5342
5193 5343
5268 5270 5344
5195 5345
5270 5272
5197 5347
5198 5272 5274
5199 5273 5275 5349
5274 5276
5201 5275 5277 5351
5276 5278 5352
5203 5279 5353
5204 5278 5280 5354
5205 5281 5355
5280 5282 5356
5207 5283 5357
5282 5284 5358
5209 5283 5285 5359
5284 5286 5360
5211 5285 5287 5361
5286 5288 5362
5213 5289 5363
5214 5288 5290
5215 5289 5291 5365
5216 5290 5292
5217 5291 5293 5367
5218 5292 5294 5368
5219 5295 5369
5294 5296 5370
5221 5297 5371
5222 5296 5298
5223 5297 5373
5298 5300
5225 5375
5300 5302
5227 5301 5377
5302 5304
5229 5303 5379
5304 5306
5231 5381
5306 5308
5233 5307 5383
5234 5308 5310
5235 5385
5236 5310 5312 5386
5237 5311 5313 5387
5238 5312 5314
5239 5315 5389
5314 5316
5241 5391
5242 5316 5318
5243 5317 5319 5393
5244 5318 5320 5394
5245 5319 5395
5320 5322 5396
5247 5321 5397
5322 5324 5398
5249 5323 5325 5399
5250 5324 5400
5251 5401
5252 5326 5328 5402
5253 5327 5403
5328 5330 5404
5255 5329 5405
5256 5330 5332 5406
5257 5333 5407
5332 5334
5259 5333 5409
5334 5336
5261 5337 5411
5336 5338
5263 5337 5339 5413
5264 5338 5340 5414
5265 5341 5415
5266 5340 5342
5267 5343 5417
5342 5344 5418
5269 5343 5345 5419
5344 5346
5271 5345 5421
5346 5348 5422
5273 5347 5423
5274 5348 5350
5275 5349 5351 5425
5350 5352
5277 5351 5353 5427
5278 5352 5354
5279 5353 5429
5354 5356
5281 5355 5431
5282 5356 5358
5283 5357 5433
5284 5358 5360 5434
5285 5361 5435
5360 5362
5287 5363 5437
5362 5364
5289 5363 5365 5439
5364 5366 5440
5291 5441
5366 5368 5442
5293 5369 5443
5294 5368 5370 5444
5295 5369 5445
5370 5372 5446
5297 5371 5373 5447
5298 5372 5374
5299 5373 5449
5374 5376
5301 5451
5376 5378 5452
5303 5379 5453
5304 5378 5380 5454
5305 5379 5455
5380 5382 5456
5307 5381 5383 5457
5308 5382 5384 5458
5309 5385 5459
5310 5384 5386
5311 5387 5461
5386 5388 5462
5313 5389 5463
5314 5388 5390
5315 5391 5465
5390 5392
5317 5467
5318 5392 5394 5468
5319 5393 5469
5394 5396 5470
5321 5395 5471
5322 5396 5398
5323 5399 5473
5324 5398 5400 5474
5325 5399 5475
5402 5476
5327 5403 5477
5328 5402 5404
5329 5403 5479
5404 5406 5480
5331 5407 5481
5332 5406 5408 5482
5333 5409 5483
5408 5410 5484
5335 5409 5411 5485
5410 5412
5337 5413 5487
5412 5414 5488
5339 5415 5489
5340 5414 5416
5341 5415 5491
5416 5418 5492
5343 5493
5344 5418 5420 5494
5345 5495
5420 5422
5347 5421 5497
5422 5424 5498
5349 5423 5425 5499
5350 5424 5426
5351 5501
5352 5426 5428 5502
5353 5503
5428 5430
5355 5429 5505
5430 5432 5506
5357 5507
5358 5432 5434 5508
5359 5509
5434 5436 5510
5361 5435 5437 5511
5436 5438 5512
5363 5439 5513
5364 5438 5440
5365 5439 5515
5366 5440 5442 5516
5367 5443 5517
5442 5444
5369 5443 5519
5444 5446
5371 5445 5447 5521
5372 5446 5448
5373 5447 5449 5523
5374 5448 5450 5524
5375 5525
5450 5452
5377 5451 5453 5527
5452 5454
5379 5453 5529
5454 5456
5381 5455 5531
5456 5458 5532
5383 5533
5384 5458 5460 5534
5385 5459 5461 5535
5460 5462 5536
5387 5463 5537
5388 5462 5464
5389 5463 5465 5539
5390 5464 5466
5391 5541
5466 5468
5393 5467 5469 5543
5394 5468 5470
5395 5469 5545
5396 5470 5472 5546
5397 5473 5547
5472 5474 5548
5399 5475 5549
5400 5474 5550
5401 5477 5551
5402 5476 5478
5403 5477 5553
5404 5478 5480
5405 5481 5555
5480 5482
5407 5557
5482 5484 5558
5409 5483 5485 5559
5484 5486
5411 5485 5487 5561
5412 5486 5488 5562
5413 5563
5414 5488 5490 5564
5415 5491 5565
5490 5492 5566
5417 5567
5418 5492 5494 5568
5419 5493 5495 5569
5494 5496
5421 5495 5571
5422 5496 5498 5572
5423 5497 5573
5424 5498 5500 5574
5425 5499 5575
5426 5500 5502 5576
5427 5503 5577
5502 5504 5578
5429 5579
5430 5504 5506 5580
5431 5507 5581
5432 5506 5508
5433 5507 5509 5583
5508 5510 5584
5435 5509 5511 5585
5436 5510 5512
5437 5511 5513 5587
5438 5512 5514 5588
5439 5513 5589
5514 5516 5590
5441 5515 5517 5591
5442 5516 5518
5443 5593
5444 5518 5520 5594
5445 5595
5446 5520 5522
5447 5521 5523 5597
5522 5524 5598
5449 5523 5525 5599
5524 5526
5451 5525 5527 5601
5452 5526 5528 5602
5453 5529 5603
5454 5528 5530 5604
5455 5529 5605
5456 5530 5532
5457 5531 5607
5458 5532 5534 5608
5459 5533 5609
5460 5534 5536
5461 5537 5611
5536 5538
5463 5539 5613
5464 5538 5540
5465 5541 5615
5466 5540 5542 5616
5467 5617
5542 5544 5618
5469 5543 5619
5470 5544 5546 5620
5471 5547 5621
5472 5546 5548
5473 5547 5623
5548 5550
5475 5549 5625
5476 5552
5477
5478 5552 5554
5479 5555
5554 5556
5481
5482 5556 5558
5483 5557 5559
5558 5560
5485
5486 5560 5562
5487 5561 5563
5562 5564
5489 5563
5490 5564 5566
5491
5492 5566 5568
5493 5567 5569
5494 5568 5570
5495 5569 5571
5570 5572
5497 5573
5572 5574
5499
5500 5574 5576
5501 5575 5577
5502 5576 5578
5503 5577 5579
5578 5580
5505
5580 5582
5507
5582 5584
5509 5585
5584 5586
5511
5512 5586 5588
5513
5588 5590
5515 5591
5590 5592
5517 5591
5592 5594
5519 5593 5595
5520 5594 5596
5521
5522 5596 5598
5523 5599
5598 5600
5525 5599
5526 5600 5602
5527
5602 5604
5529 5603
5604 5606
5531 5605
5606 5608
5533 5607 5609
5534 5608 5610
5535 5609 5611
5536 5610 5612
5537 5613
5612 5614
5539 5613
5614 5616
5541
5542 5616 5618
5543 5617 5619
5618 5620
5545 5619 5621
5620 5622
5547 5623
5548 5622 5624
5549 5623 5625
5624
