6241 20389 0
2
1 81
2 4 82
3 5 83
4 6
5 7 85
6 8 86
7 9 87
8 10
9 89
10 12
13 91
12 14 92
93
14 16 94
15 17 95
16 18 96
17 97
18 20 98
21 99
20 22
23 101
22 24
25 103
24 26 104
105
26 28
27 29 107
28 30 108
109
30 32
33 111
32 34 112
33 35 113
34 36 114
115
36 38 116
37 117
38 40
39 41 119
40 42
41 121
42 44 122
45 123
44 46
45 47 125
46 48 126
47 127
48 50
49 51 129
50 52 130
51 53 131
52 54
133
54 56
57 135
56 58 136
137
58 60
61 139
60 62 140
61 141
62 64 142
63 65 143
64 66 144
65 67 145
66 68 146
67 147
68 70 148
69 71 149
70 72 150
71 73 151
72 74
73 75 153
74 76 154
77 155
76 78
77 79 157
78 158
1 159
2 80 82
3 81 161
82 84 162
5 83 85 163
6 84 86 164
7 165
8 86 88 166
9 87 167
10 88 90
11 89 169
12 90 92 170
13 91 93 171
14 92 94
15 95 173
16 94 96 174
17 97 175
18 96 98
19 97 177
20 98 100 178
21 99 101 179
22 100 102 180
23 101 181
102 104 182
25 103 105 183
26 104 106 184
27 105 107 185
106 108
29 107 109 187
108 110 188
31 109 189
110 112 190
33 111 113 191
34 112 114
35 113 115 193
36 114 116 194
37 115 117 195
116 118 196
39 117 119 197
40 118 120 198
41 119 199
42 120 122
43 123 201
122 124 202
45 123 125 203
46 124 126 204
47 125 127 205
48 126 128 206
49 127 129 207
50 128 130 208
51 129 131 209
52 130 132 210
53 133 211
132 134
55 135 213
56 134 136
57 135 215
58 136 138 216
59 139 217
60 138 140 218
61 141 219
140 142 220
63 143 221
142 144 222
65 145 223
66 144 146 224
67 145 147 225
68 146 148 226
69 227
70 148 150 228
71 229
72 150 152 230
73 153 231
152 154 232
75 153 155 233
154 156
77 157 235
156 158 236
79 157 237
80 160 238
81 159 161 239
82 160 162
83 161 163 241
84 162 164
85 165 243
164 166
87 167 245
166 168
89 167 169 247
90 168 170 248
91 169 249
170 172
93 171 251
94 172 174 252
95 253
174 176 254
97 175 177 255
98 176 178 256
99 177 179 257
100 178 180 258
101 179 259
102 180 182 260
103 183 261
104 182 184 262
105 185 263
106 184 186
107 265
186 188
109 267
110 188 190 268
111 189 191 269
190 192 270
113 191 193 271
114 192 194 272
115 195 273
194 196 274
117 275
118 196 198 276
119 197 199 277
198 200
121 199 201 279
122 200 202 280
123 201 203 281
124 202 204 282
125 203 205 283
204 206 284
127 205 207 285
128 206 208 286
129 209 287
208 210
131 209 211 289
210 212 290
133 211 291
134 212 214 292
135 213 215 293
214 216
137 215 217 295
138 216 218 296
139 217 297
140 218 220 298
141 221 299
142 220 222 300
143 223 301
144 222 224 302
145 223 225 303
146 224 226
147 225 227 305
148 226 228 306
149 227 229 307
150 228 230 308
151 229 231 309
152 230 232
153 231 233 311
154 232 234 312
155 233 235 313
234 236
157 235 237 315
158 236 316
159 239 317
238 240 318
161 319
162 240 242 320
163 241 243 321
164 242 244 322
165 323
166 244 246 324
167 245 325
246 248 326
169 327
170 248 250
171 249 251 329
250 252 330
173 251 331
252 254 332
175 253 255 333
176 254 256 334
177 257 335
178 256 258 336
179 257 259 337
258 260 338
181 259 261 339
182 260 262 340
183 261 341
262 264 342
185 265 343
186 264 266 344
187 267 345
188 266 268 346
189 267 269 347
190 268 270
191 269 271 349
192 270 272
193 271 273 351
272 274 352
195 353
196 274 276
197 275 355
276 278
199 277 279 357
200 278 280 358
201 279 359
202 280 282 360
203 281 361
282 284 362
205 283 285 363
206 284 286 364
207 285 365
208 286 288 366
209 287 289 367
288 290 368
211 291 369
212 290 292 370
213 293 371
214 292 294 372
215 295 373
294 296 374
217 295 375
218 296 298 376
219 297 299 377
220 298 300 378
221 299 301 379
300 302 380
223 301 381
224 302 304 382
225 303 305 383
226 304 306
227 305 385
228 306 308 386
229 307 309 387
230 308 310 388
231 309 311 389
232 310 312
233 311 313 391
234 312 314 392
235 393
314 316 394
237 315 395
238 318 396
239 319 397
240 318 320 398
241 321 399
242 320 322
243 321 323 401
322 324
245 325 403
246 324 326 404
247 325 327 405
248 326 328
249 327 329 407
328 330
251 331 409
252 330 332 410
253 331 333 411
332 334
255 335 413
256 334 336 414
257 335 337 415
258 336 338 416
259 337 417
260 338 340 418
261 339 419
262 340 342 420
263 343 421
264 342 344 422
265 343 345 423
266 344 346 424
267 347 425
268 346 348
269 427
348 350 428
271 349 351 429
272 350 352 430
273 351 353 431
352 354 432
275 355 433
276 354 356 434
277 355 435
278 356 358
279 357 437
280 358 360 438
281 439
360 362
283 363 441
284 362 364 442
285 443
286 364 366 444
287 367 445
288 366 368 446
289 369 447
290 368 370 448
291 371 449
292 370 372 450
293 371 451
294 372 374
295 453
296 374 376
297 455
298 376 378 456
299 377 457
300 378 380 458
301 379 381 459
380 382 460
303 381 383 461
304 382 384
305 383 463
384 386 464
307 387 465
308 386 388 466
309 387 389 467
310 388 390 468
311 469
312 390 392
313 393 471
392 394 472
315 393 395 473
316 394
317 475
318 396 398 476
319 399 477
398 400
321 399 401 479
322 400 402 480
323 401 403 481
402 404
325 403 405 483
326 404 406
327 405 407 485
328 406 408 486
329 409 487
330 408 410
331 411 489
332 410 412 490
333 411 413 491
412 414
335 413 415 493
414 416
337 415 417 495
338 416 418 496
339 497
418 420 498
341 419 421 499
342 420 422
343 421 501
344 422 424 502
345 503
346 424 426 504
347 425 427 505
348 426 428 506
349 429 507
428 430
351 509
430 432
353 431 433 511
354 432 434 512
355 433 435 513
434 436 514
357 435 437 515
358 436 438
359 437 517
438 440 518
361 439 441 519
362 440 442 520
363 443 521
364 442 444 522
365 443 445 523
444 446
367 525
368 446 448 526
369 447 449 527
370 448 450 528
371 449 451 529
372 450 452
373 451 531
374 452 454 532
375 455 533
376 454 456 534
377 535
456 458
379 457 537
380 458 460 538
381 459 461 539
460 462
383 461 463 541
384 462 464 542
385 463 465 543
386 464 466 544
387 465 545
388 466 468 546
389 547
390 468 470 548
391 469 549
392 470 472 550
393 473 551
472 474 552
395 473 553
396 476
397 475 477 555
476 478 556
399 479 557
400 478 480 558
401 479 481 559
402 480 482 560
403 481 483 561
482 484 562
405 483 485 563
406 484 486 564
407 485 487 565
486 488 566
409 489 567
410 488 490
411 489 491 569
412 490 492 570
413 491 571
414 492 494 572
415 493 495 573
416 494 496 574
417 495 575
418 496 498 576
419 499 577
420 498 500 578
421 579
500 502 580
423 503 581
424 502 504
425 583
426 504 506 584
427 505 507 585
428 506 508 586
429 507 509 587
430 508 510
431 509 511 589
510 512 590
433 513 591
512 514 592
435 513 515 593
436 514 516 594
437 515 517 595
438 516 518
439 517 519 597
518 520 598
441 519 599
442 520 522 600
443 521 523 601
522 524 602
445 525 603
524 526 604
447 605
448 526 528 606
449 527 607
450 528 530
451 531 609
530 532
453 531 533 611
454 532 534
455 613
534 536
457 535 537 615
458 536 538
459 537 539 617
460 538 540 618
461 539 619
462 540 542
463 541 621
464 542 544 622
465 545 623
466 544 546
467 545 547 625
468 546 548 626
469 547 549 627
548 550 628
471 549 551 629
472 550 552
473 551 553 631
474 552 632
475 555 633
554 556
477 555 635
556 558
479 557 637
480 558 560 638
481 559 561 639
560 562
483 641
562 564 642
485 563 565 643
486 564 566 644
487 565 567 645
488 566 568 646
489 567 569 647
490 568 570 648
491 571 649
570 572 650
493 571 651
494 572 574 652
495 573 575 653
496 574 576
497 575 577 655
576 578 656
499 577 579 657
578 580 658
501 579 581 659
502 580 582
503 583 661
504 582 584
505 583 663
506 584 586
507 585 665
586 588 666
509 587 589 667
588 590
511 589 669
590 592
513 593 671
514 592 594
515 595 673
594 596 674
517 595 597 675
518 596 598
519 597 599 677
598 600 678
521 599 601 679
600 602
523 603 681
602 604 682
525 603 605 683
526 604 606
527 605 685
528 606 608 686
529 607 687
608 610
531 609 611 689
532 610 612 690
533 691
534 612 614 692
535 615 693
614 616 694
537 615 617 695
538 616 618
539 619 697
618 620 698
541 621 699
620 622
543 621 623 701
622 624 702
545 623 625 703
546 624 626 704
547 705
548 626 628 706
549 627 629 707
550 628 630 708
551 629 631 709
630 632
553 631 711
554 634 712
555 633 713
556 634 636
557 637 715
636 638
559 637 717
560 638 640 718
561 639 641 719
562 640 642 720
563 641 721
564 642 644 722
565 643 645 723
644 646 724
567 645 647 725
646 648 726
569 647 649 727
570 648 650
571 649 651 729
572 650 652 730
573 651 653 731
574 652 654 732
575 653 655 733
576 654 656 734
577 655 735
578 656 658 736
579 657 659 737
658 660 738
581 659 661 739
660 662 740
583 741
584 662 664
585 663 743
586 664 666
587 665 667 745
588 666 668 746
589 667 669 747
590 668 670 748
591 669 671 749
592 670 672 750
593 673 751
594 672 674 752
595 753
596 674 676 754
597 675 677 755
598 676 678 756
599 677 679 757
600 678 680 758
601 679 681 759
680 682 760
603 681 683 761
604 682 684
605 685 763
684 686 764
607 765
608 686 688 766
609 687 767
610 688 690 768
611 689 691 769
690 692
613 691 693 771
614 692 694
615 693 695 773
616 694 696
617 697 775
696 698
619 697 777
620 698 700 778
621 699 779
700 702 780
623 701 781
624 702 704 782
625 703 783
626 704 706 784
627 705 785
628 706 708 786
629 709 787
630 708 710
631 709 789
632 710
633 791
712 714 792
635 713 715 793
714 716
637 715 795
638 716 718 796
639 717 719 797
640 718 720
641 719 721 799
642 720 722 800
643 723 801
644 722 724
645 723 725 803
646 724 726 804
647 805
648 726 728 806
649 727 807
728 730 808
651 729 731 809
652 730 732 810
653 731 733 811
732 734 812
655 733 813
656 734 736 814
657 735 737 815
658 736 738
659 817
660 738 740
661 819
740 742
663 741 743 821
664 742 744
665 743 823
666 744 746 824
667 745 747 825
668 746 748 826
669 747 827
670 748 750 828
671 749 751 829
750 752
673 831
674 752 754 832
675 755 833
676 754 756 834
677 757 835
678 756 758
679 757 759 837
680 758 760 838
681 759 839
682 760 762 840
683 761 841
684 762 764
685 765 843
764 766 844
687 767 845
766 768 846
689 767 847
768 770
691 771 849
770 772 850
693 771 773 851
694 772 774
695 773 775 853
774 776 854
697 775 855
776 778
699 777 857
700 778 780 858
701 779 781 859
780 782 860
703 781 783 861
704 782 784 862
705 783 785 863
784 786
707 787 865
708 786 788 866
709 787 867
788 790
711 789 869
792
713 871
792 794 872
715 793 795 873
716 794 796 874
717 797 875
718 796 798 876
719 877
798 800
721 801 879
722 800 802 880
723 803 881
724 802 804 882
725 803 805 883
726 804 806 884
727 805 807 885
806 808
729 807 887
730 808 810 888
731 811 889
810 812 890
733 811 891
734 812 814 892
735 893
736 814 816
737 815 817 895
738 816 818
739 817 819 897
818 820
741 819 821 899
820 822
743 821 901
744 822 824
745 903
746 824 826
747 905
748 826 828 906
749 827 907
828 830 908
751 829 831 909
752 830 832
753 831 833 911
832 834
755 913
756 834 836
757 837 915
836 838
759 837 839 917
838 840 918
761 839 841 919
840 842
763 921
764 842 844 922
765 845 923
844 846 924
767 845 847 925
768 846 848
769 847 927
770 848 850 928
771 851 929
850 852 930
773 851 853 931
774 852 854
775 853 855 933
854 856
777 855 935
856 858 936
779 857 859 937
858 860 938
781 859 939
782 860 862
783 863 941
862 864 942
785 863 865 943
786 864 866 944
787 865 945
788 866 868 946
789 867 947
868 948
791 871 949
792 870 872
793 873 951
872 874 952
795 873 953
796 874 876 954
797 875 877 955
798 876 878
799 957
878 880
801 879 959
802 880 882
803 883 961
804 882 884 962
805 885 963
806 884 886 964
807 885 887 965
886 888 966
809 889 967
810 888 890
811 969
812 890 892
813 891 893 971
814 892 894
815 893 895 973
894 896 974
817 895 897 975
896 898
819 897 899 977
898 900 978
821 899 979
822 900 902
823 901 903 981
824 902 904
825 903 905 983
904 906 984
827 907 985
906 908
829 907 909 987
830 908 910 988
831 909 989
832 910 912 990
833 911 913 991
834 912 914 992
835 993
836 914 916
837 995
838 916 918 996
839 917 919 997
840 918 920
841 921 999
920 922 1000
843 921 923 1001
844 922 924
845 925 1003
924 926
847 925 927 1005
848 926 928 1006
849 927 929 1007
850 928 930 1008
851 931 1009
930 932 1010
853 931 933 1011
854 932 934 1012
855 935 1013
856 934 936 1014
857 935 1015
858 936 938 1016
859 937 939 1017
938 940
861 941 1019
940 942 1020
863 941 943 1021
942 944
865 1023
866 944 946
867 945 947 1025
946 948 1026
869 1027
870 950 1028
871 949 951 1029
872 950 952
873 953 1031
874 952 954
875 955 1033
876 954 956 1034
877 955 1035
878 956 958 1036
879 1037
958 960 1038
881 959 1039
960 962 1040
883 961 1041
884 962 964
885 963 965 1043
886 964 966
887 965 1045
888 966 968 1046
889 967 1047
890 968 970 1048
891 969 971 1049
892 970 972
893 973 1051
972 974 1052
895 973 975 1053
896 974 976 1054
897 975 977 1055
898 976 978
899 977 979 1057
900 978 980 1058
901 979 1059
980 982
903 981 983 1061
982 984 1062
905 1063
906 984 986
907 987 1065
986 988 1066
909 987 989 1067
910 988 990 1068
911 989 991 1069
912 990 992 1070
913 993 1071
914 992 994 1072
915 993 995 1073
916 994 996 1074
917 997 1075
996 998
919 997 1077
920 998 1000
921 999 1079
1000 1002
923 1001 1081
924 1002 1004 1082
925 1005 1083
1004 1006 1084
927 1007 1085
928 1006 1008 1086
929 1007 1009 1087
1008 1010 1088
931 1089
932 1010 1012
933 1011 1013 1091
1012 1014
935 1013 1093
936 1014 1016 1094
937 1015 1017 1095
1016 1018 1096
939 1017 1097
940 1018 1020
941 1019 1021 1099
942 1020 1022 1100
943 1023 1101
1022 1024 1102
945 1023 1103
946 1024 1026
947 1025 1027 1105
948 1026 1106
949 1029 1107
1028 1030 1108
951 1031 1109
952 1030 1032 1110
953 1033 1111
954 1032 1034 1112
955 1035 1113
1034 1036 1114
957 1037 1115
1036 1038 1116
959 1037 1039 1117
960 1038 1040
961 1041 1119
962 1040 1042 1120
963 1121
964 1042 1044
965 1043 1123
1044 1046
967 1045 1125
968 1046 1048
969 1047 1127
1048 1050
971 1129
972 1050 1052 1130
973 1051 1053 1131
974 1052 1054 1132
975 1055 1133
1054 1056
977 1055 1057 1135
978 1056 1058 1136
979 1057 1059 1137
1058 1060 1138
981 1059 1139
982 1060 1062 1140
983 1061 1141
1062 1064 1142
985 1063 1065 1143
1064 1066
987 1065 1067 1145
1066 1068 1146
989 1067 1069 1147
1068 1070 1148
991 1071 1149
1070 1072 1150
993 1151
1072 1074
995 1073 1075 1153
996 1074 1076 1154
997 1155
998 1076 1078 1156
999 1077 1157
1078 1080 1158
1001 1079 1081 1159
1002 1080 1082 1160
1003 1081 1161
1004 1082 1084
1005 1083 1085 1163
1006 1084 1086 1164
1007 1087 1165
1008 1086 1088
1009 1167
1010 1088 1090
1011 1089 1091 1169
1012 1090 1092 1170
1013 1091 1093 1171
1014 1092 1094 1172
1015 1095 1173
1016 1094 1096
1017 1095 1175
1018 1096 1098
1019 1099 1177
1020 1098 1100
1021 1101 1179
1022 1100 1102 1180
1023 1101 1103 1181
1102 1104 1182
1025 1105 1183
1104 1106 1184
1027 1105 1185
1108
1029 1109 1187
1108 1110 1188
1031 1109 1111 1189
1032 1110 1112 1190
1033 1111 1113 1191
1034 1112 1114
1035 1115 1193
1114 1116 1194
1037 1115 1117 1195
1038 1116 1118
1039 1117 1119 1197
1040 1118 1120 1198
1041 1199
1120 1122 1200
1043 1121 1123 1201
1122 1124 1202
1045 1203
1124 1126
1047 1125 1205
1048 1126 1128 1206
1049 1129 1207
1050 1128 1130
1051 1129 1209
1052 1130 1132 1210
1053 1131 1133 1211
1132 1134
1055 1133 1135 1213
1056 1134 1136 1214
1057 1135 1215
1058 1136 1138 1216
1059 1137 1139 1217
1060 1138 1140 1218
1061 1139 1141 1219
1062 1140 1142 1220
1063 1221
1064 1142 1144 1222
1065 1143 1145 1223
1066 1144 1146 1224
1067 1145 1225
1068 1146 1148
1069 1147 1227
1070 1148 1150 1228
1071 1149 1151 1229
1150 1152 1230
1073 1153 1231
1074 1152 1154 1232
1075 1153 1155 1233
1076 1154 1156 1234
1077 1235
1078 1156 1158
1079 1157 1159 1237
1080 1158 1160
1081 1159 1239
1082 1160 1162
1083 1161 1163 1241
1084 1162 1164 1242
1085 1163 1165 1243
1086 1164 1166 1244
1087 1167 1245
1166 1168 1246
1089 1167 1169 1247
1168 1170 1248
1091 1169 1171 1249
1092 1170 1172 1250
1093 1171 1173 1251
1094 1172 1174 1252
1095 1173 1175 1253
1096 1174 1176 1254
1097 1175 1177 1255
1176 1178
1099 1179 1257
1100 1178 1180 1258
1101 1181 1259
1102 1180 1182
1103 1181 1183 1261
1104 1182 1184
1105 1183 1185 1263
1106 1184 1264
1107 1187 1265
1108 1186 1188 1266
1109 1187 1189 1267
1110 1188 1190 1268
1111 1189 1191 1269
1112 1190 1192 1270
1113 1191 1271
1114 1192 1194 1272
1115 1273
1116 1194 1196
1117 1195 1197 1275
1118 1196 1198 1276
1119 1197 1199 1277
1198 1200 1278
1121 1199 1279
1122 1200 1202 1280
1123 1201 1203 1281
1202 1204
1125 1205 1283
1126 1204 1206 1284
1127 1205 1207 1285
1128 1206 1208 1286
1129 1207 1209 1287
1130 1208 1210
1131 1209 1289
1132 1210 1212
1133 1213 1291
1134 1212 1214
1135 1293
1136 1214 1216 1294
1137 1295
1138 1216 1218
1139 1219 1297
1140 1218 1220 1298
1141 1219 1299
1142 1220 1222
1143 1223 1301
1144 1222 1224
1145 1223 1303
1224 1226 1304
1147 1227 1305
1148 1226 1228
1149 1227 1229 1307
1228 1230 1308
1151 1229 1231 1309
1152 1230 1232
1153 1233 1311
1232 1234 1312
1155 1233 1235 1313
1156 1234 1236
1157 1237 1315
1236 1238
1159 1237 1239 1317
1160 1238 1240 1318
1161 1319
1240 1242 1320
1163 1241 1321
1164 1242 1244 1322
1165 1243 1245 1323
1244 1246 1324
1167 1245 1247 1325
1168 1246 1248
1169 1249 1327
1248 1250
1171 1249 1251 1329
1172 1250 1252
1173 1251 1253 1331
1174 1252 1254 1332
1175 1255 1333
1254 1256 1334
1177 1255 1335
1256 1258
1179 1257 1259 1337
1258 1260
1181 1259 1261 1339
1260 1262 1340
1183 1261 1263 1341
1184 1262 1264 1342
1185 1263 1343
1186 1266 1344
1187 1265 1267 1345
1266 1268 1346
1189 1267 1269 1347
1268 1270 1348
1191 1271 1349
1192 1270 1272 1350
1193 1271 1273 1351
1272 1274 1352
1195 1273 1353
1196 1274 1276 1354
1197 1275 1277 1355
1198 1276 1278 1356
1199 1277 1357
1200 1278 1280
1201 1279 1359
1202 1280 1282 1360
1203 1281 1283 1361
1204 1282 1284
1205 1283 1363
1206 1284 1286
1207 1285 1287 1365
1208 1286 1288
1209 1367
1210 1288 1290 1368
1211 1289 1291 1369
1290 1292 1370
1213 1291 1371
1292 1294 1372
1215 1373
1216 1294 1296 1374
1217 1295 1297 1375
1218 1296 1298 1376
1219 1297 1299 1377
1298 1300
1221 1299 1301 1379
1222 1300 1302 1380
1223 1301 1303 1381
1224 1302 1304
1225 1303 1383
1226 1304 1306
1227 1305 1307 1385
1228 1306 1308 1386
1229 1307 1309 1387
1230 1308 1310 1388
1231 1309 1389
1232 1310 1312
1233 1313 1391
1234 1312 1314
1235 1393
1236 1314 1316
1237 1317 1395
1238 1316 1318
1239 1317 1319 1397
1240 1318 1320
1241 1319 1399
1320 1322
1243 1323 1401
1244 1322 1324 1402
1245 1323 1403
1246 1324 1326 1404
1247 1327 1405
1248 1326 1328 1406
1249 1327 1329 1407
1250 1328 1330 1408
1251 1329 1409
1330 1332 1410
1253 1331 1333 1411
1254 1332 1334 1412
1255 1335 1413
1256 1334 1336 1414
1257 1415
1336 1338 1416
1259 1337 1339 1417
1260 1338 1340 1418
1261 1419
1262 1340 1342
1263 1341 1343 1421
1342
1265 1423
1266 1344 1346 1424
1267 1347 1425
1268 1346 1348 1426
1269 1347 1349 1427
1348 1350
1271 1349 1351 1429
1272 1350 1352 1430
1273 1351 1353 1431
1352 1354
1275 1353 1433
1276 1354 1356 1434
1277 1435
1356 1358 1436
1279 1357 1359 1437
1280 1358 1360 1438
1281 1359 1439
1282 1360 1362 1440
1283 1361 1441
1284 1362 1364
1285 1363 1443
1364 1366 1444
1287 1365 1445
1288 1366 1368
1289 1367 1447
1290 1368 1370
1291 1369 1449
1370 1372 1450
1293 1373 1451
1372 1374 1452
1295 1373 1375 1453
1296 1374 1376
1297 1377 1455
1376 1378 1456
1299 1457
1300 1378 1380 1458
1301 1381 1459
1380 1382
1303 1383 1461
1304 1382 1384 1462
1305 1385 1463
1306 1384 1386 1464
1307 1385 1387 1465
1308 1386 1388
1309 1387 1389 1467
1310 1388 1390 1468
1311 1391 1469
1312 1390 1392 1470
1313 1391 1471
1314 1392 1394
1315 1473
1316 1394 1396 1474
1317 1395 1397 1475
1318 1396 1398
1319 1397 1477
1398 1400 1478
1321 1399 1401 1479
1322 1400 1402 1480
1323 1481
1324 1402 1404 1482
1325 1403 1405 1483
1404 1406
1327 1405 1407 1485
1328 1406 1408 1486
1329 1407 1409 1487
1408 1410 1488
1331 1411 1489
1332 1410 1412 1490
1333 1413 1491
1412 1414 1492
1335 1413 1493
1336 1414 1416
1337 1417 1495
1338 1416 1418
1339 1417 1419 1497
1340 1418 1420 1498
1341 1421 1499
1342 1420 1422
1343 1421 1501
1344 1424 1502
1345 1423 1425 1503
1346 1424 1426
1347 1427 1505
1348 1426 1428
1349 1507
1428 1430 1508
1351 1429 1509
1430 1432 1510
1353 1433 1511
1432 1434
1355 1433 1435 1513
1356 1434 1436 1514
1357 1515
1436 1438 1516
1359 1437 1439 1517
1360 1438 1440
1361 1441 1519
1440 1442 1520
1363 1441 1443 1521
1364 1442 1444 1522
1365 1443 1523
1444 1446
1367 1445 1447 1525
1368 1446 1448 1526
1369 1449 1527
1448 1450 1528
1371 1449 1451 1529
1372 1450 1452
1373 1451 1453 1531
1452 1454 1532
1375 1453 1455 1533
1376 1454 1456 1534
1377 1455 1457 1535
1378 1456 1458 1536
1379 1457 1537
1380 1458 1460
1381 1459 1461 1539
1382 1460 1462
1383 1461 1541
1384 1462 1464 1542
1385 1463 1543
1386 1464 1466 1544
1387 1545
1388 1466 1468
1389 1467 1547
1390 1468 1470 1548
1391 1469 1549
1392 1470 1472 1550
1393 1471 1473 1551
1472 1474 1552
1395 1475 1553
1474 1476 1554
1397 1475 1477 1555
1476 1478 1556
1399 1479 1557
1400 1478 1480
1401 1479 1481 1559
1402 1480 1482 1560
1403 1481 1561
1404 1482 1484 1562
1405 1483 1485 1563
1406 1484 1486 1564
1407 1485 1487 1565
1486 1488 1566
1409 1487 1489 1567
1410 1488 1490
1411 1489 1569
1490 1492 1570
1413 1491 1493 1571
1414 1492 1494 1572
1415 1493 1495 1573
1416 1494 1496 1574
1417 1497 1575
1418 1496 1498 1576
1419 1497 1577
1498 1500
1421 1499 1579
1422 1500
1423 1503 1581
1424 1502 1504 1582
1425 1503 1505 1583
1504 1506 1584
1427 1505 1585
1506 1508 1586
1429 1507 1587
1430 1508 1510 1588
1431 1511 1589
1432 1510 1512
1433 1511 1513 1591
1512 1514
1435 1593
1436 1514 1516 1594
1437 1515 1517 1595
1516 1518
1439 1519 1597
1440 1518 1520 1598
1441 1519 1521 1599
1520 1522 1600
1443 1521 1523 1601
1444 1522 1524
1445 1523 1525 1603
1524 1526
1447 1605
1448 1526 1528 1606
1449 1527 1607
1528 1530 1608
1451 1529 1609
1452 1530 1532
1453 1531 1533 1611
1454 1532 1534 1612
1455 1535 1613
1534 1536 1614
1457 1535 1615
1458 1536 1538
1459 1537 1539 1617
1538 1540
1461 1539 1619
1462 1540 1542 1620
1463 1543 1621
1542 1544
1465 1545 1623
1466 1544 1546 1624
1467 1545 1547 1625
1468 1546 1548 1626
1469 1547 1627
1548 1550 1628
1471 1549 1551 1629
1550 1552 1630
1473 1553 1631
1474 1552 1554
1475 1553 1633
1476 1554 1556 1634
1477 1635
1556 1558 1636
1479 1557 1637
1480 1558 1560 1638
1481 1559 1639
1482 1560 1562
1483 1561 1563 1641
1484 1562 1564 1642
1485 1563 1643
1486 1564 1566 1644
1487 1567 1645
1488 1566 1568
1489 1567 1647
1568 1570 1648
1491 1569 1571 1649
1492 1570 1572 1650
1493 1571 1651
1572 1574 1652
1495 1575 1653
1496 1574 1576
1497 1575 1577 1655
1498 1576 1578 1656
1499 1577 1657
1500 1578 1580 1658
1501 1579 1659
1502 1582 1660
1503 1581 1583 1661
1582 1584
1505 1583 1585 1663
1506 1584 1586 1664
1507 1585 1587 1665
1586 1588
1509 1587 1589 1667
1510 1588 1590 1668
1511 1669
1590 1592 1670
1513 1591 1593 1671
1592 1594 1672
1515 1593 1595 1673
1516 1594 1596 1674
1517 1675
1518 1596 1598
1519 1597 1677
1598 1600 1678
1521 1601 1679
1522 1600 1602 1680
1523 1601 1603 1681
1602 1604 1682
1525 1603 1683
1526 1604 1606 1684
1527 1605 1607 1685
1528 1606 1608
1529 1607 1609 1687
1530 1608 1610 1688
1531 1609 1689
1532 1610 1612 1690
1533 1611 1613 1691
1612 1614 1692
1535 1693
1536 1614 1616 1694
1537 1615 1695
1538 1616 1618 1696
1539 1619 1697
1618 1620 1698
1541 1619 1699
1542 1620 1622
1543 1621 1701
1544 1622 1624 1702
1545 1623 1703
1624 1626 1704
1547 1625 1705
1548 1626 1628
1549 1707
1628 1630 1708
1551 1629 1631 1709
1552 1630 1632
1553 1631 1633 1711
1554 1632 1634 1712
1555 1635 1713
1556 1634 1636 1714
1557 1635 1637 1715
1636 1638 1716
1559 1637 1639 1717
1638 1640
1561 1639 1719
1562 1640 1642 1720
1563 1643 1721
1564 1642 1644 1722
1565 1723
1566 1644 1646 1724
1567 1645 1647 1725
1568 1646 1648 1726
1569 1649 1727
1570 1648 1650 1728
1571 1649 1729
1572 1650 1652 1730
1573 1651 1653 1731
1574 1652 1654
1575 1653 1655 1733
1576 1654 1656
1577 1655 1657 1735
1578 1656 1658
1579 1657 1659 1737
1580 1658 1738
1581 1661 1739
1660 1662
1583 1741
1584 1662 1664
1585 1743
1586 1664 1666
1587 1667 1745
1666 1668
1589 1667 1747
1590 1668 1670 1748
1591 1749
1592 1670 1672
1593 1671 1673 1751
1594 1672 1674
1595 1673 1675 1753
1674 1676 1754
1597 1677 1755
1598 1676 1678
1599 1677 1679 1757
1678 1680 1758
1601 1679 1759
1602 1680 1682 1760
1603 1681 1683 1761
1682 1684
1605 1683 1763
1606 1684 1686 1764
1607 1685 1687 1765
1608 1686 1688 1766
1609 1689 1767
1610 1688 1690 1768
1611 1689 1691 1769
1612 1690 1692
1613 1771
1614 1692 1694 1772
1615 1693 1695 1773
1616 1694 1696 1774
1617 1695 1697 1775
1618 1696 1698
1619 1697 1699 1777
1698 1700 1778
1621 1699 1779
1622 1700 1702 1780
1623 1701 1781
1702 1704
1625 1783
1626 1704 1706
1627 1705 1785
1706 1708
1629 1707 1709 1787
1630 1708 1710 1788
1631 1709 1789
1632 1710 1712
1633 1711 1791
1634 1712 1714 1792
1635 1713 1715 1793
1636 1714 1716
1637 1795
1716 1718
1639 1717 1719 1797
1640 1718 1720 1798
1641 1799
1720 1722 1800
1643 1721 1723 1801
1722 1724 1802
1645 1723 1725 1803
1724 1726
1647 1725 1727 1805
1648 1726 1728 1806
1649 1729 1807
1728 1730 1808
1651 1809
1652 1730 1732 1810
1653 1733 1811
1732 1734 1812
1655 1735 1813
1734 1736 1814
1657 1735 1737 1815
1658 1736 1738 1816
1659 1737 1817
1740
1661 1739 1819
1662 1740 1742
1663 1743 1821
1664 1742 1744
1665 1743 1823
1666 1744 1746
1667 1825
1668 1746 1748
1669 1749 1827
1670 1748 1750 1828
1671 1749 1751 1829
1672 1750 1752 1830
1673 1751 1831
1752 1754
1675 1833
1754 1756
1677 1755 1757 1835
1678 1756 1758 1836
1679 1757 1759 1837
1680 1758 1760 1838
1681 1759 1761 1839
1760 1762 1840
1683 1761 1763 1841
1684 1762 1764
1685 1843
1764 1766 1844
1687 1765 1767 1845
1766 1768
1689 1767 1847
1690 1768 1770 1848
1691 1771 1849
1692 1770 1772 1850
1693 1771 1773 1851
1694 1772 1774
1695 1853
1696 1774 1776
1697 1777 1855
1698 1776 1778
1699 1777 1779 1857
1700 1778 1780 1858
1701 1859
1702 1780 1782 1860
1703 1781 1783 1861
1704 1782 1784 1862
1705 1785 1863
1706 1784 1786 1864
1707 1787 1865
1708 1786 1788
1709 1787 1789 1867
1710 1788 1790 1868
1711 1789 1791 1869
1790 1792 1870
1713 1791 1793 1871
1714 1792 1794
1715 1873
1794 1796 1874
1717 1797 1875
1718 1796 1798 1876
1719 1797 1799 1877
1720 1798 1800 1878
1721 1801 1879
1722 1800 1802 1880
1723 1801 1881
1802 1804 1882
1725 1805 1883
1804 1806
1727 1805 1885
1728 1806 1808
1729 1809 1887
1808 1810 1888
1731 1889
1732 1810 1812 1890
1733 1811 1891
1734 1812 1814 1892
1735 1893
1736 1814 1816 1894
1737 1815 1817 1895
1738 1816
1739 1897
1818 1820 1898
1741 1819 1899
1742 1820 1822 1900
1743 1821 1823 1901
1744 1822 1824
1745 1823 1825 1903
1746 1824 1826
1747 1825 1827 1905
1748 1826 1828
1749 1827 1829 1907
1750 1828 1830 1908
1751 1829 1831 1909
1830 1832 1910
1753 1831 1833 1911
1754 1832 1834 1912
1755 1833 1835 1913
1756 1834 1836 1914
1757 1837 1915
1758 1836 1838 1916
1759 1837 1839 1917
1760 1838 1840 1918
1761 1841 1919
1762 1840 1842 1920
1763 1841 1843 1921
1764 1842 1844 1922
1765 1845 1923
1844 1846 1924
1767 1845 1847 1925
1846 1848
1769 1847 1927
1770 1848 1850 1928
1771 1929
1772 1850 1852 1930
1773 1853 1931
1774 1852 1854 1932
1775 1853 1855 1933
1776 1854 1856 1934
1777 1935
1778 1856 1858 1936
1779 1857 1859 1937
1780 1858 1860
1781 1859 1861 1939
1782 1860 1862 1940
1783 1863 1941
1784 1862 1864 1942
1785 1943
1786 1864 1866 1944
1787 1867 1945
1866 1868 1946
1789 1867 1869 1947
1790 1868 1870 1948
1791 1869 1871 1949
1870 1872
1793 1873 1951
1872 1874 1952
1795 1873 1875 1953
1874 1876 1954
1797 1955
1798 1876 1878
1799 1877 1879 1957
1878 1880
1801 1881 1959
1802 1880 1882
1803 1881 1883 1961
1882 1884 1962
1805 1885 1963
1806 1884 1886 1964
1807 1965
1886 1888 1966
1809 1887 1889 1967
1888 1890
1811 1891 1969
1812 1890 1892 1970
1813 1891 1971
1814 1892 1894
1815 1893 1895 1973
1816 1894 1896
1817 1895 1975
1818 1898 1976
1819 1897 1899 1977
1820 1898 1900 1978
1821 1979
1822 1900 1902 1980
1823 1901 1903 1981
1824 1902 1904 1982
1825 1903 1905 1983
1826 1904 1906 1984
1827 1905 1985
1828 1906 1908
1829 1987
1908 1910 1988
1831 1909 1989
1832 1910 1912
1833 1913 1991
1834 1912 1914 1992
1835 1913 1915 1993
1914 1916
1837 1917 1995
1838 1916 1918 1996
1839 1917 1919 1997
1840 1918 1920 1998
1841 1919 1921 1999
1842 1920 1922 2000
1843 2001
1922 1924 2002
1845 1923 2003
1846 1924 1926 2004
1847 1927 2005
1926 1928 2006
1849 1927 1929 2007
1928 1930 2008
1851 1931 2009
1852 1930 1932 2010
1853 1933 2011
1854 1932 1934 2012
1855 1933 1935 2013
1934 1936 2014
1857 1935 2015
1858 1936 1938 2016
1859 1937 1939 2017
1938 1940 2018
1861 1939 1941 2019
1862 1940 1942
1863 1941 1943 2021
1864 1942 1944 2022
1865 2023
1866 1944 1946 2024
1867 1945 2025
1946 1948 2026
1869 1947 1949 2027
1870 1948 1950
1871 1951 2029
1950 1952 2030
1873 1951 1953 2031
1952 1954 2032
1875 1953 1955 2033
1954 1956 2034
1877 1955 1957 2035
1878 1956 1958 2036
1879 1959 2037
1880 1958 1960 2038
1881 1961 2039
1960 1962 2040
1883 1961 1963 2041
1884 1962 1964 2042
1885 1963 1965 2043
1886 1964 1966 2044
1887 1965 1967 2045
1966 1968
1889 1967 1969 2047
1968 1970 2048
1891 1971 2049
1892 1970 1972 2050
1893 1971 2051
1894 1972 1974 2052
1895 1973 2053
1974 2054
1897 1977 2055
1898 1976 1978 2056
1899 2057
1900 1978 1980
1901 1981 2059
1902 1980 1982
1903 1983 2061
1904 1982 1984 2062
1905 1985 2063
1984 1986 2064
1907 1985 2065
1908 1986 1988 2066
1909 1987 1989 2067
1910 1988 1990 2068
1911 1991 2069
1990 1992
1913 1991 1993 2071
1992 1994 2072
1915 1995 2073
1916 1994 1996
1917 1995 2075
1918 1996 1998 2076
1919 1997 1999 2077
1920 1998 2000 2078
1921 2001 2079
2000 2002 2080
1923 2001 2003 2081
1924 2002 2004 2082
1925 2005 2083
1926 2004 2006 2084
1927 2007 2085
1928 2006 2008
1929 2007 2009 2087
1930 2008 2010 2088
1931 2011 2089
2010 2012
1933 2011 2091
2012 2014 2092
1935 2013 2015 2093
1936 2014 2016 2094
1937 2015 2017 2095
2016 2018 2096
1939 2017 2097
1940 2018 2020 2098
1941 2021 2099
1942 2020 2022 2100
1943 2021 2023 2101
1944 2022 2024
1945 2023 2103
1946 2024 2026 2104
1947 2025 2027 2105
2026 2028
1949 2107
2028 2030
1951 2029 2031 2109
1952 2030 2032
1953 2111
2032 2034
1955 2033 2035 2113
1956 2034 2036 2114
1957 2035 2115
1958 2036 2038 2116
1959 2037 2039 2117
1960 2038 2040 2118
1961 2039 2041 2119
1962 2040 2042
1963 2041 2043 2121
1964 2042 2044 2122
1965 2123
1966 2044 2046 2124
1967 2045 2047 2125
1968 2046 2048 2126
1969 2049 2127
1970 2048 2050
1971 2051 2129
1972 2050 2052 2130
1973 2051 2053 2131
2052 2054 2132
1975 2133
2056 2134
1977 2055 2135
2056 2058 2136
1979 2057 2059 2137
2058 2060 2138
1981 2059 2139
2060 2062 2140
1983 2063 2141
2062 2064 2142
1985 2063 2065 2143
1986 2064 2066 2144
1987 2065 2067 2145
1988 2066 2068 2146
1989 2069 2147
1990 2068 2070 2148
1991 2069 2149
2070 2072 2150
1993 2071 2073 2151
1994 2072 2074
1995 2073 2075 2153
1996 2074 2076 2154
1997 2077 2155
1998 2076 2078
1999 2079 2157
2000 2078 2080 2158
2001 2081 2159
2002 2080 2082 2160
2003 2081 2161
2082 2084
2005 2083 2085 2163
2084 2086 2164
2007 2087 2165
2086 2088 2166
2009 2087 2167
2010 2088 2090
2011 2169
2090 2092 2170
2013 2091 2093 2171
2014 2092 2094 2172
2015 2173
2016 2094 2096 2174
2017 2097 2175
2018 2096 2098 2176
2019 2177
2020 2098 2100 2178
2021 2099 2179
2100 2102 2180
2023 2103 2181
2024 2102 2104
2025 2103 2183
2104 2106 2184
2027 2107 2185
2028 2106 2108 2186
2029 2109 2187
2108 2110 2188
2031 2111 2189
2032 2110 2112 2190
2033 2113 2191
2034 2112 2114 2192
2035 2113 2115 2193
2036 2114 2116 2194
2037 2115 2117 2195
2038 2116 2118 2196
2039 2119 2197
2118 2120 2198
2041 2119 2199
2042 2120 2122 2200
2043 2121 2201
2122 2124 2202
2045 2123 2125 2203
2046 2124 2126
2047 2125 2205
2048 2126 2128
2049 2129 2207
2050 2128 2130
2051 2131 2209
2052 2130 2132 2210
2053 2131 2211
2054 2132 2212
2055 2135 2213
2134 2136 2214
2057 2137 2215
2058 2136 2138 2216
2059 2137 2139 2217
2060 2138 2140
2061 2141 2219
2062 2140 2142 2220
2063 2143 2221
2064 2142 2144 2222
2065 2143 2145 2223
2144 2146
2067 2145 2147 2225
2068 2146 2148
2069 2147 2149 2227
2070 2148 2150
2071 2149 2229
2150 2152
2073 2151 2153 2231
2074 2152 2154
2075 2233
2076 2154 2156 2234
2077 2155 2157 2235
2156 2158
2079 2159 2237
2158 2160 2238
2081 2159 2161 2239
2082 2160 2162
2083 2161 2241
2084 2162 2164 2242
2085 2163 2165 2243
2086 2164 2166
2087 2165 2167 2245
2166 2168
2089 2247
2090 2168 2170
2091 2249
2170 2172 2250
2093 2171 2173 2251
2094 2172 2174
2095 2173 2175 2253
2174 2176 2254
2097 2175 2255
2098 2176 2178 2256
2099 2177 2179 2257
2100 2178 2180 2258
2101 2181 2259
2180 2182 2260
2103 2183 2261
2104 2182 2184
2105 2183 2263
2106 2184 2186 2264
2107 2185 2187 2265
2108 2186 2188 2266
2109 2187 2189 2267
2188 2190 2268
2111 2189 2191 2269
2112 2190 2192 2270
2113 2191 2193 2271
2114 2192 2194
2115 2273
2194 2196 2274
2117 2195 2197 2275
2118 2196 2198
2119 2197 2199 2277
2120 2198 2200 2278
2121 2199 2201 2279
2122 2200 2202 2280
2123 2203 2281
2124 2202 2204 2282
2125 2205 2283
2204 2206 2284
2127 2207 2285
2206 2208 2286
2129 2209 2287
2208 2210 2288
2131 2211 2289
2132 2210 2212 2290
2133 2211 2291
2134 2214
2135 2213 2215 2293
2136 2214 2216 2294
2137 2215 2295
2216 2218
2139 2217 2297
2140 2218 2220
2141 2219 2221 2299
2142 2220 2222 2300
2143 2221 2223 2301
2222 2224 2302
2145 2223 2303
2224 2226 2304
2147 2225 2227 2305
2148 2226 2228
2149 2227 2229 2307
2150 2228 2230 2308
2151 2229 2231 2309
2152 2230 2232 2310
2153 2231 2311
2154 2232 2234
2155 2233 2235 2313
2156 2234 2236 2314
2157 2235 2315
2158 2236 2238 2316
2159 2237 2317
2160 2238 2240 2318
2161 2239 2241 2319
2162 2240 2242 2320
2163 2241 2243 2321
2164 2242 2244
2165 2245 2323
2166 2244 2246
2167 2245 2325
2168 2246 2248
2169 2247 2249 2327
2170 2248 2250 2328
2171 2251 2329
2172 2250 2252 2330
2173 2251 2253 2331
2174 2252 2254 2332
2175 2255 2333
2176 2254 2256 2334
2177 2255 2257 2335
2178 2256 2258 2336
2179 2257 2259 2337
2180 2258 2260
2181 2259 2339
2260 2262 2340
2183 2261 2263 2341
2184 2262 2264 2342
2185 2263 2265 2343
2186 2264 2266
2187 2265 2267 2345
2188 2266 2268 2346
2189 2267 2269 2347
2190 2268 2270 2348
2191 2269 2349
2192 2270 2272
2193 2271 2351
2194 2272 2274
2195 2273 2275 2353
2274 2276 2354
2197 2277 2355
2198 2276 2278
2199 2279 2357
2200 2278 2280 2358
2201 2279 2281 2359
2202 2280 2282
2203 2361
2204 2282 2284 2362
2205 2283 2285 2363
2206 2284 2286 2364
2207 2287 2365
2286 2288 2366
2209 2287 2367
2210 2288 2290 2368
2211 2291 2369
2212 2290 2370
2213 2371
2292 2294
2215 2293 2295 2373
2216 2294 2296 2374
2217 2375
2218 2296 2298 2376
2219 2297 2377
2220 2298 2300 2378
2221 2299 2301 2379
2222 2300 2302 2380
2223 2381
2302 2304 2382
2225 2303 2305 2383
2226 2304 2306 2384
2227 2305 2307 2385
2228 2306 2308 2386
2229 2307 2309 2387
2230 2308 2310 2388
2231 2311 2389
2232 2310 2312
2233 2313 2391
2234 2312 2314
2235 2313 2315 2393
2236 2314 2316 2394
2237 2315 2395
2316 2318 2396
2239 2317 2397
2240 2318 2320 2398
2241 2319 2321 2399
2242 2320 2322 2400
2243 2321 2323 2401
2322 2324
2245 2323 2325 2403
2246 2324 2326 2404
2247 2327 2405
2326 2328 2406
2249 2327 2407
2250 2328 2330
2251 2329 2409
2252 2330 2332
2253 2331 2333 2411
2332 2334 2412
2255 2333 2335 2413
2334 2336 2414
2257 2337 2415
2258 2336 2338 2416
2259 2339 2417
2260 2338 2340 2418
2261 2339 2341 2419
2262 2340 2342 2420
2263 2341 2421
2264 2342 2344 2422
2265 2343 2345 2423
2266 2344 2346 2424
2267 2345 2347 2425
2268 2346 2348 2426
2269 2349 2427
2270 2348 2350 2428
2271 2349 2351 2429
2350 2352
2273 2351 2353 2431
2352 2354 2432
2275 2353 2433
2354 2356
2277 2355 2435
2356 2358
2279 2359 2437
2280 2358 2360 2438
2281 2439
2282 2360 2362
2283 2361 2441
2362 2364 2442
2285 2363 2443
2364 2366 2444
2287 2445
2288 2366 2368 2446
2289 2367 2369 2447
2368 2370 2448
2291 2369 2449
2372
2293 2371 2451
2294 2372 2374 2452
2295 2373 2453
2296 2374 2376
2297 2375 2377 2455
2298 2376 2378
2299 2379 2457
2378 2380 2458
2301 2379 2459
2380 2382
2303 2381 2383 2461
2304 2382 2384 2462
2305 2383 2463
2306 2384 2386
2307 2385 2387 2465
2386 2388
2309 2387 2389 2467
2388 2390 2468
2311 2391 2469
2312 2390 2392 2470
2313 2391 2393 2471
2314 2392 2394
2315 2393 2395 2473
2316 2394 2396
2317 2395 2397 2475
2318 2396 2398 2476
2319 2397 2477
2320 2398 2400
2321 2399 2401 2479
2322 2400 2402
2323 2403 2481
2324 2402 2404 2482
2325 2403 2483
2326 2404 2406 2484
2327 2405 2407 2485
2328 2406 2408
2329 2407 2409 2487
2330 2408 2410 2488
2331 2409 2411 2489
2332 2410 2412 2490
2333 2411 2413 2491
2334 2412 2414
2335 2415 2493
2336 2414 2416 2494
2337 2415 2495
2338 2416 2418 2496
2339 2417 2419 2497
2418 2420 2498
2341 2419 2421 2499
2342 2420 2422 2500
2343 2421 2501
2344 2422 2424 2502
2345 2423 2503
2424 2426 2504
2347 2425 2427 2505
2348 2426 2428 2506
2349 2427 2507
2350 2428 2430
2351 2429 2431 2509
2352 2430 2432 2510
2353 2431 2433 2511
2354 2432 2434
2355 2513
2356 2434 2436
2357 2435 2437 2515
2358 2436 2438 2516
2359 2517
2360 2438 2440
2361 2439 2441 2519
2362 2440 2442
2363 2443 2521
2442 2444
2365 2445 2523
2444 2446 2524
2367 2525
2368 2446 2448
2369 2447 2449 2527
2370 2448
2371 2529
2450 2452
2373 2451 2453 2531
2374 2452 2454
2375 2455 2533
2454 2456
2377 2457 2535
2378 2456 2458 2536
2379 2457 2459 2537
2380 2458 2460 2538
2381 2459 2461 2539
2382 2460 2462 2540
2383 2463 2541
2384 2462 2464 2542
2385 2543
2386 2464 2466 2544
2387 2467 2545
2388 2466 2468
2389 2469 2547
2390 2468 2470 2548
2391 2469 2471 2549
2392 2470 2472 2550
2393 2473 2551
2394 2472 2474 2552
2395 2473 2475 2553
2396 2474 2476 2554
2397 2475 2477 2555
2398 2476 2478 2556
2399 2477 2479 2557
2400 2478 2480 2558
2401 2479 2559
2402 2480 2482
2403 2481 2483 2561
2482 2484
2405 2563
2406 2484 2486 2564
2407 2487 2565
2408 2486 2488 2566
2409 2489 2567
2410 2488 2490 2568
2411 2569
2490 2492 2570
2413 2493 2571
2414 2492 2494
2415 2495 2573
2494 2496
2417 2497 2575
2496 2498 2576
2419 2577
2420 2498 2500 2578
2421 2579
2500 2502 2580
2423 2503 2581
2502 2504 2582
2425 2503 2505 2583
2426 2504 2506 2584
2427 2505 2507 2585
2428 2506 2508 2586
2429 2507 2509 2587
2430 2508 2510 2588
2431 2511 2589
2432 2510 2512 2590
2433 2511 2513 2591
2512 2514
2435 2513 2515 2593
2514 2516 2594
2437 2515 2517 2595
2516 2518 2596
2439 2517 2597
2440 2518 2520 2598
2441 2519 2599
2442 2520 2522 2600
2443 2521 2601
2444 2522 2524 2602
2445 2603
2524 2526 2604
2447 2605
2448 2526 2528 2606
2449 2527 2607
2450 2530
2451 2531 2609
2452 2530 2532 2610
2453 2533 2611
2532 2534 2612
2455 2533 2535 2613
2456 2534 2536 2614
2457 2537 2615
2536 2538 2616
2459 2539 2617
2538 2540
2461 2539 2619
2540 2542 2620
2463 2541 2621
2542 2544 2622
2465 2543 2545 2623
2466 2544 2546 2624
2467 2545 2547 2625
2546 2548
2469 2547 2627
2548 2550 2628
2471 2549 2551 2629
2550 2552 2630
2473 2551 2553 2631
2474 2552 2554 2632
2475 2553 2555 2633
2554 2556 2634
2477 2555 2557 2635
2478 2556 2558 2636
2479 2557 2559 2637
2480 2558 2560 2638
2481 2559 2561 2639
2560 2562 2640
2483 2563 2641
2484 2562 2564
2485 2563 2643
2486 2564 2566
2487 2565 2567 2645
2488 2566 2568 2646
2489 2567 2569 2647
2490 2568 2570 2648
2491 2569 2571 2649
2492 2570 2572 2650
2493 2573 2651
2572 2574 2652
2495 2573 2653
2574 2576 2654
2497 2577 2655
2576 2578
2499 2577 2579 2657
2500 2578 2580
2501 2579 2659
2580 2582 2660
2503 2583 2661
2504 2582 2584
2505 2583 2585 2663
2506 2584 2586 2664
2507 2585 2665
2508 2586 2588
2509 2587 2589 2667
2588 2590 2668
2511 2669
2512 2590 2592 2670
2513 2591 2671
2592 2594 2672
2515 2593 2595 2673
2594 2596 2674
2517 2595 2597 2675
2596 2598 2676
2519 2597 2599 2677
2520 2598 2600 2678
2521 2599 2679
2600 2602 2680
2523 2603 2681
2524 2602 2604 2682
2525 2603 2605 2683
2526 2604 2606
2527 2607 2685
2528 2606 2686
2529 2687
2608 2610 2688
2531 2609 2611 2689
2532 2610 2612
2533 2691
2534 2612 2614 2692
2535 2613 2615 2693
2536 2614 2616
2537 2695
2538 2616 2618 2696
2539 2619 2697
2618 2620 2698
2541 2619 2699
2542 2620 2622 2700
2543 2621 2623 2701
2622 2624
2545 2625 2703
2546 2624 2626 2704
2547 2625 2705
2548 2626 2628 2706
2549 2627 2629 2707
2628 2630
2551 2631 2709
2552 2630 2632 2710
2553 2633 2711
2554 2632 2634
2555 2633 2713
2634 2636
2557 2635 2637 2715
2558 2636 2638
2559 2637 2639 2717
2560 2638 2640
2561 2639 2641 2719
2640 2642
2563 2641 2643 2721
2642 2644 2722
2565 2645 2723
2644 2646
2567 2645 2647 2725
2568 2646 2648
2569 2727
2570 2648 2650 2728
2571 2649 2651 2729
2572 2650 2652 2730
2573 2653 2731
2652 2654 2732
2575 2653 2655 2733
2576 2654 2656
2577 2657 2735
2578 2656 2658 2736
2579 2657 2659 2737
2580 2658 2660 2738
2581 2659 2739
2582 2660 2662
2583 2663 2741
2662 2664 2742
2585 2663 2665 2743
2664 2666 2744
2587 2665 2667 2745
2588 2666 2668 2746
2589 2667 2669 2747
2590 2668 2670 2748
2591 2669 2671 2749
2670 2672 2750
2593 2673 2751
2594 2672 2674
2595 2753
2596 2674 2676 2754
2597 2675 2677 2755
2598 2676 2678 2756
2599 2677 2679 2757
2600 2678 2680
2601 2679 2681 2759
2602 2680 2682 2760
2603 2683 2761
2604 2682 2684
2605 2685 2763
2606 2684 2686 2764
2607 2685 2765
2608 2688 2766
2609 2687 2767
2610 2688 2690 2768
2611 2689 2769
2690 2692 2770
2613 2693 2771
2692 2694 2772
2615 2695 2773
2616 2694 2696 2774
2617 2695 2697 2775
2618 2696 2698 2776
2619 2699 2777
2698 2700
2621 2699 2779
2622 2700 2702
2623 2703 2781
2702 2704
2625 2783
2626 2704 2706 2784
2627 2785
2628 2706 2708
2629 2709 2787
2630 2708 2710
2631 2709 2711 2789
2632 2710 2712
2633 2711 2713 2791
2712 2714
2635 2713 2793
2636 2714 2716
2637 2715 2795
2638 2716 2718 2796
2639 2797
2718 2720 2798
2641 2719 2721 2799
2642 2720 2722 2800
2643 2721 2723 2801
2722 2724 2802
2645 2723 2803
2646 2724 2726 2804
2647 2725 2727 2805
2726 2728 2806
2649 2727 2807
2728 2730 2808
2651 2729 2731 2809
2652 2730 2732 2810
2653 2733 2811
2654 2732 2734
2655 2735 2813
2656 2734 2736 2814
2657 2815
2736 2738 2816
2659 2739 2817
2738 2740 2818
2661 2741 2819
2662 2740 2742 2820
2663 2821
2664 2742 2744 2822
2665 2745 2823
2744 2746
2667 2745 2747 2825
2668 2746 2748 2826
2669 2747 2749 2827
2670 2748 2750 2828
2671 2751 2829
2672 2750 2752 2830
2673 2831
2752 2754
2675 2833
2676 2754 2756 2834
2677 2755 2757 2835
2678 2756 2758 2836
2679 2757 2759 2837
2758 2760
2681 2761 2839
2760 2762
2683 2761 2763 2841
2684 2762 2764
2685 2765 2843
2686 2764 2844
2687 2767 2845
2688 2766 2768 2846
2689 2767 2847
2768 2770 2848
2691 2769 2771 2849
2692 2770 2772 2850
2693 2771 2773 2851
2772 2774
2695 2775 2853
2774 2776 2854
2697 2855
2698 2776 2778 2856
2699 2777 2857
2778 2780 2858
2701 2781 2859
2702 2780 2782 2860
2703 2781 2783 2861
2704 2782 2784 2862
2705 2783 2863
2706 2784 2786
2707 2785 2787 2865
2786 2788
2709 2787 2867
2710 2788 2790 2868
2711 2789 2869
2712 2790 2792 2870
2713 2793 2871
2714 2792 2794
2715 2793 2795 2873
2794 2796 2874
2717 2795 2875
2718 2796 2798
2719 2797 2799 2877
2720 2798 2800 2878
2721 2799 2879
2722 2800 2802
2723 2801 2881
2724 2802 2804 2882
2725 2803 2805 2883
2804 2806
2727 2805 2807 2885
2728 2806 2808 2886
2729 2807 2809 2887
2808 2810 2888
2731 2809 2811 2889
2732 2810 2812
2733 2891
2812 2814
2735 2813 2815 2893
2736 2814 2816
2737 2815 2895
2816 2818 2896
2739 2817 2897
2740 2818 2820
2741 2821 2899
2742 2820 2822
2743 2821 2823 2901
2744 2822 2824 2902
2745 2823 2825 2903
2746 2824 2826 2904
2747 2825 2905
2748 2826 2828 2906
2749 2829 2907
2750 2828 2830 2908
2751 2829 2831 2909
2752 2830 2832 2910
2753 2831 2911
2832 2834
2755 2833 2913
2756 2834 2836
2757 2835 2837 2915
2758 2836 2838
2759 2837 2917
2838 2840
2761 2839 2919
2762 2840 2842
2763 2841 2921
2764 2842 2844
2765 2923
2766 2846
2767 2845 2925
2846 2848 2926
2769 2847 2849 2927
2848 2850 2928
2771 2851 2929
2772 2850 2852
2773 2851 2853 2931
2852 2854
2775 2853 2855 2933
2776 2854 2856 2934
2777 2855 2935
2778 2856 2858 2936
2779 2857 2859 2937
2780 2858 2860 2938
2781 2861 2939
2782 2860 2862
2783 2863 2941
2784 2862 2864 2942
2785 2863 2943
2786 2864 2866
2787 2865 2867 2945
2788 2866 2868
2789 2867 2869 2947
2868 2870
2791 2869 2949
2792 2870 2872 2950
2793 2871 2873 2951
2872 2874 2952
2795 2873 2953
2796 2874 2876 2954
2797 2875 2877 2955
2798 2876 2878 2956
2799 2957
2800 2878 2880 2958
2801 2881 2959
2880 2882
2803 2881 2961
2804 2882 2884
2805 2883 2885 2963
2806 2884 2886 2964
2807 2887 2965
2808 2886 2888
2809 2887 2889 2967
2810 2888 2890 2968
2811 2891 2969
2890 2892
2813 2893 2971
2814 2892 2894
2815 2895 2973
2816 2894 2896 2974
2817 2975
2896 2898 2976
2819 2897 2899 2977
2898 2900
2821 2899 2901 2979
2900 2902
2823 2901 2903 2981
2824 2902 2904
2825 2903 2905 2983
2826 2904 2906 2984
2827 2905 2985
2828 2906 2908 2986
2829 2987
2830 2908 2910 2988
2831 2911 2989
2832 2910 2912 2990
2833 2911 2991
2912 2914 2992
2835 2913 2915 2993
2914 2916 2994
2837 2917 2995
2838 2916 2918
2839 2917 2997
2840 2918 2920 2998
2841 2921 2999
2920 2922 3000
2843 2921 2923 3001
2844 2922
2845 2925 3003
2924 2926 3004
2847 2925 2927 3005
2848 2926 2928 3006
2849 2927 2929 3007
2928 2930
2851 2929 2931 3009
2930 2932 3010
2853 2931 2933 3011
2932 2934
2855 3013
2934 2936
2857 2935 2937 3015
2858 2936 2938 3016
2859 2937 2939 3017
2860 2938 2940 3018
2861 2939 2941 3019
2862 2940 2942
2863 2941 3021
2864 2942 2944
2865 2943 2945 3023
2944 2946 3024
2867 2947 3025
2946 2948 3026
2869 2949 3027
2948 2950 3028
2871 2951 3029
2872 2950 2952 3030
2873 2953 3031
2874 2952 2954 3032
2875 2953 3033
2876 2954 2956 3034
2877 2955 2957 3035
2878 2956 2958 3036
2879 2957 2959 3037
2880 2958 2960 3038
2881 2961 3039
2882 2960 2962 3040
2883 2961 3041
2884 2962 2964
2885 2965 3043
2886 2964 2966 3044
2887 3045
2966 2968 3046
2889 2969 3047
2968 2970 3048
2891 2969 2971 3049
2892 2970 2972
2893 3051
2894 2972 2974 3052
2895 2973 3053
2896 2974 2976 3054
2897 2977 3055
2976 2978
2899 2979 3057
2900 2978 2980
2901 3059
2902 2980 2982 3060
2903 2981 3061
2982 2984
2905 2983 2985 3063
2906 2984 2986
2907 2985 2987 3065
2908 2986 2988
2909 2987 3067
2910 2988 2990 3068
2911 2989 3069
2912 2990 2992 3070
2913 2993 3071
2992 2994
2915 2993 2995 3073
2916 2994 2996
2917 2995 3075
2996 2998
2919 2997 3077
2998 3000 3078
2921 2999 3001 3079
2922 3000 3002
2923 3081
2924 3004 3082
2925 3005 3083
2926 3004 3006 3084
2927 3007 3085
3006 3008
2929 3007 3009 3087
2930 3008 3010
2931 3009 3011 3089
2932 3010 3012 3090
2933 3013 3091
3012 3014
2935 3015 3093
3014 3016 3094
2937 3017 3095
3016 3018
2939 3017 3019 3097
2940 3018 3020 3098
2941 3019 3099
2942 3020 3022
2943 3021 3023 3101
2944 3022 3024 3102
2945 3023 3025 3103
3024 3026 3104
2947 3025 3027 3105
2948 3026 3028
2949 3027 3029 3107
2950 3028 3030
2951 3109
2952 3030 3032
2953 3031 3033 3111
2954 3032 3034
2955 3033 3035 3113
2956 3034 3036 3114
2957 3035 3115
2958 3036 3038 3116
2959 3037 3039 3117
3038 3040
2961 3039 3119
3040 3042
2963 3043 3121
2964 3042 3044
2965 3043 3123
2966 3044 3046 3124
2967 3045 3125
2968 3046 3048 3126
2969 3047 3049 3127
2970 3048 3050 3128
2971 3049 3051 3129
2972 3050 3052 3130
2973 3051 3053 3131
3052 3054 3132
2975 3133
3054 3056 3134
2977 3057 3135
3056 3058 3136
2979 3057 3059 3137
2980 3058 3060 3138
2981 3059 3061 3139
3060 3062
2983 3061 3063 3141
2984 3062 3064 3142
2985 3063 3065 3143
2986 3064 3066 3144
2987 3145
2988 3066 3068
2989 3069 3147
2990 3068 3070
2991 3071 3149
2992 3070 3072 3150
2993 3071 3073 3151
3072 3074
2995 3073 3075 3153
2996 3074 3076
2997 3075 3077 3155
2998 3076 3078
2999 3077 3079 3157
3000 3078 3080 3158
3001 3079 3081 3159
3002 3080 3160
3003 3083 3161
3004 3082 3084 3162
3005 3085 3163
3006 3084 3086 3164
3007 3165
3008 3086 3088 3166
3009 3087 3089 3167
3088 3090 3168
3011 3089 3091 3169
3012 3090 3092
3013 3091 3171
3014 3092 3094 3172
3015 3093 3173
3094 3096
3017 3097 3175
3018 3096 3098
3019 3177
3098 3100 3178
3021 3099 3179
3100 3102 3180
3023 3101 3103 3181
3102 3104 3182
3025 3103 3183
3026 3104 3106
3027 3105 3107 3185
3106 3108
3029 3107 3187
3030 3108 3110 3188
3031 3109 3111 3189
3032 3110 3112
3033 3111 3113 3191
3034 3112 3114
3035 3115 3193
3036 3114 3116 3194
3037 3115 3117 3195
3116 3118
3039 3197
3118 3120
3041 3119 3121 3199
3120 3122
3043 3123 3201
3122 3124 3202
3045 3123 3125 3203
3046 3124 3126 3204
3047 3125 3205
3126 3128
3049 3129 3207
3050 3128 3130 3208
3051 3129 3131 3209
3052 3130 3132
3053 3211
3054 3132 3134 3212
3055 3135 3213
3056 3134 3136 3214
3057 3135 3137 3215
3058 3136 3138 3216
3059 3139 3217
3060 3138 3140 3218
3061 3141 3219
3062 3140 3142
3063 3141 3143 3221
3142 3144
3065 3143 3145 3223
3144 3146 3224
3067 3147 3225
3146 3148
3069 3147 3227
3070 3148 3150 3228
3071 3151 3229
3072 3150 3152 3230
3073 3151 3231
3152 3154 3232
3075 3153 3233
3076 3154 3156 3234
3077 3155 3157 3235
3078 3156 3158
3079 3157 3159 3237
3080 3158 3160 3238
3081 3159 3239
3082 3162 3240
3083 3161 3241
3084 3162 3164 3242
3085 3163 3165 3243
3086 3164 3166 3244
3087 3165 3245
3166 3168 3246
3089 3167 3169 3247
3090 3168 3170 3248
3091 3169 3171 3249
3092 3170 3172 3250
3093 3173 3251
3094 3172 3174
3095 3253
3096 3174 3176 3254
3097 3177 3255
3098 3176 3178 3256
3099 3177 3179 3257
3100 3178 3180 3258
3101 3179 3259
3180 3182 3260
3103 3181 3261
3104 3182 3184 3262
3105 3263
3106 3184 3186
3107 3185 3187 3265
3108 3186 3188 3266
3109 3187 3189 3267
3188 3190 3268
3111 3189 3191 3269
3112 3190 3192 3270
3113 3271
3114 3192 3194
3115 3193 3195 3273
3116 3194 3196 3274
3117 3195 3197 3275
3118 3196 3198 3276
3119 3197 3199 3277
3120 3198 3200 3278
3121 3279
3122 3200 3202
3123 3201 3281
3124 3202 3204 3282
3125 3203 3205 3283
3126 3204 3206 3284
3127 3205 3285
3128 3206 3208 3286
3129 3209 3287
3208 3210 3288
3131 3209 3289
3132 3210 3212
3133 3211 3213 3291
3212 3214 3292
3135 3213 3215 3293
3136 3214 3216 3294
3137 3217 3295
3138 3216 3218
3139 3217 3219 3297
3140 3218 3220 3298
3141 3221 3299
3220 3222
3143 3221 3301
3144 3222 3224
3145 3303
3224 3226 3304
3147 3225 3305
3226 3228
3149 3227 3307
3150 3228 3230 3308
3151 3229 3309
3152 3230 3232 3310
3153 3233 3311
3154 3232 3234 3312
3155 3233 3313
3156 3234 3236
3157 3315
3236 3238
3159 3237 3239 3317
3160 3238 3318
3161 3241 3319
3240 3242 3320
3163 3243 3321
3164 3242 3244 3322
3165 3243 3323
3166 3244 3246 3324
3167 3245 3325
3246 3248
3169 3249 3327
3248 3250 3328
3171 3249 3251 3329
3250 3252
3173 3331
3252 3254 3332
3175 3253 3333
3254 3256 3334
3177 3257 3335
3256 3258 3336
3179 3257 3337
3180 3258 3260 3338
3181 3261 3339
3182 3260 3262
3183 3263 3341
3184 3262 3264
3185 3263 3343
3186 3264 3266
3187 3265 3345
3188 3266 3268 3346
3189 3269 3347
3190 3268 3270 3348
3191 3349
3270 3272
3193 3271 3351
3194 3272 3274 3352
3195 3275 3353
3196 3274 3276 3354
3197 3277 3355
3276 3278 3356
3199 3277 3279 3357
3200 3278 3280
3201 3279 3281 3359
3280 3282
3203 3283 3361
3204 3282 3284 3362
3205 3283 3285 3363
3206 3284 3286 3364
3207 3287 3365
3208 3286 3288 3366
3209 3287 3289 3367
3210 3288 3290 3368
3211 3289 3369
3290 3292
3213 3291 3371
3214 3292 3294 3372
3215 3373
3216 3294 3296 3374
3217 3297 3375
3218 3296 3298
3219 3297 3299 3377
3220 3298 3300 3378
3221 3299 3379
3300 3302
3223 3381
3224 3302 3304
3225 3305 3383
3304 3306
3227 3305 3385
3228 3306 3308 3386
3229 3307 3387
3230 3308 3310 3388
3231 3309 3311 3389
3232 3310 3312 3390
3233 3311 3313 3391
3312 3314
3235 3313 3315 3393
3236 3314 3316 3394
3237 3315 3317 3395
3238 3316 3318
3239 3397
3240 3320
3241 3319 3321 3399
3242 3320 3322 3400
3243 3323 3401
3244 3322 3324
3245 3323 3325 3403
3246 3324 3326 3404
3247 3327 3405
3326 3328
3249 3329 3407
3250 3328 3330 3408
3251 3329 3331 3409
3330 3332 3410
3253 3411
3332 3334
3255 3333 3335 3413
3256 3334 3336 3414
3257 3337 3415
3336 3338
3259 3417
3338 3340 3418
3261 3419
3262 3340 3342 3420
3263 3341 3343 3421
3264 3342 3344 3422
3265 3345 3423
3266 3344 3346 3424
3267 3347 3425
3346 3348 3426
3269 3427
3270 3348 3350
3271 3349 3429
3350 3352 3430
3273 3351 3353 3431
3274 3352 3354
3275 3355 3433
3354 3356
3277 3355 3357 3435
3356 3358
3279 3359 3437
3358 3360 3438
3281 3359 3361 3439
3282 3360 3362 3440
3283 3361 3363 3441
3362 3364 3442
3285 3363 3365 3443
3286 3364 3366 3444
3287 3445
3288 3366 3368
3289 3367 3369 3447
3290 3368 3370 3448
3291 3371 3449
3292 3370 3372 3450
3293 3371 3451
3294 3372 3374
3295 3373 3453
3296 3374 3376
3297 3375 3377 3455
3376 3378
3299 3379 3457
3378 3380 3458
3301 3379 3381 3459
3302 3380 3382 3460
3303 3381 3383 3461
3304 3382 3384 3462
3305 3463
3306 3384 3386 3464
3307 3385 3387 3465
3386 3388 3466
3309 3387 3389 3467
3310 3388 3390
3311 3389 3469
3312 3390 3392
3313 3471
3314 3392 3394
3315 3393 3473
3316 3394 3396 3474
3317 3395 3397 3475
3318 3396
3319 3477
3320 3398 3400 3478
3321 3399 3401 3479
3322 3400 3402 3480
3323 3401 3403 3481
3324 3402 3404
3325 3405 3483
3404 3406 3484
3327 3405 3485
3406 3408
3329 3487
3330 3408 3410 3488
3331 3409 3411 3489
3332 3410 3412 3490
3333 3413 3491
3412 3414
3335 3413 3493
3336 3414 3416 3494
3337 3415 3417 3495
3416 3418 3496
3339 3417 3419 3497
3340 3418 3420 3498
3341 3421 3499
3342 3420 3422 3500
3343 3421 3423 3501
3344 3422 3424 3502
3345 3423 3503
3346 3424 3426 3504
3347 3425 3427 3505
3348 3426 3428
3349 3427 3507
3350 3428 3430
3351 3431 3509
3352 3430 3432 3510
3353 3511
3354 3432 3434
3355 3435 3513
3356 3434 3436
3357 3435 3437 3515
3358 3436 3438 3516
3359 3439 3517
3360 3438 3440
3361 3439 3519
3362 3440 3442 3520
3363 3441 3443 3521
3364 3442 3444 3522
3365 3445 3523
3444 3446
3367 3447 3525
3446 3448 3526
3369 3447 3449 3527
3448 3450
3371 3451 3529
3450 3452
3373 3451 3453 3531
3374 3452 3454 3532
3375 3453 3533
3376 3454 3456 3534
3377 3455 3535
3378 3456 3458 3536
3379 3457 3459 3537
3380 3458 3460 3538
3381 3459 3461 3539
3382 3460 3462 3540
3383 3461 3541
3384 3462 3464 3542
3385 3463 3465 3543
3386 3464 3466
3387 3467 3545
3388 3466 3468 3546
3389 3467 3469 3547
3390 3468 3470 3548
3391 3469 3549
3392 3470 3472 3550
3393 3551
3394 3472 3474
3395 3475 3553
3396 3474 3476 3554
3397 3475 3555
3398 3478 3556
3399 3477 3557
3478 3480
3401 3479 3559
3480 3482 3560
3403 3561
3482 3484
3405 3485 3563
3484 3486 3564
3407 3487 3565
3408 3486 3488
3409 3489 3567
3410 3488 3490 3568
3411 3489 3569
3490 3492 3570
3413 3493 3571
3414 3492 3494
3415 3493 3573
3494 3496 3574
3417 3497 3575
3418 3496 3498 3576
3419 3497 3577
3420 3498 3500 3578
3421 3499 3501 3579
3422 3500 3502
3423 3503 3581
3424 3502 3504 3582
3425 3503 3583
3426 3504 3506 3584
3427 3505 3585
3428 3506 3508 3586
3429 3509 3587
3508 3510 3588
3431 3509 3511 3589
3510 3512 3590
3433 3511 3513 3591
3434 3512 3514 3592
3435 3513 3515 3593
3514 3516 3594
3437 3517 3595
3438 3516 3518
3439 3519 3597
3518 3520
3441 3521 3599
3442 3520 3522 3600
3443 3521 3523 3601
3522 3524 3602
3445 3523 3603
3446 3524 3526 3604
3447 3525 3527 3605
3448 3526 3528 3606
3449 3529 3607
3450 3528 3530
3451 3529 3609
3452 3530 3532 3610
3453 3531 3533 3611
3454 3532 3534
3455 3533 3535 3613
3534 3536
3457 3615
3458 3536 3538
3459 3539 3617
3460 3538 3540
3461 3619
3540 3542
3463 3541 3543 3621
3542 3544 3622
3465 3543 3545 3623
3466 3544 3546 3624
3467 3545 3625
3468 3546 3548 3626
3469 3547 3627
3470 3548 3550 3628
3471 3549 3551 3629
3550 3552
3473 3631
3474 3552 3554 3632
3475 3555 3633
3554 3634
3477 3635
3478 3556 3558
3479 3637
3480 3558 3560
3481 3561 3639
3560 3562
3483 3561 3563 3641
3484 3562 3564 3642
3485 3565 3643
3564 3566 3644
3487 3645
3488 3566 3568 3646
3489 3567 3569 3647
3490 3568 3570 3648
3491 3649
3492 3570 3572 3650
3493 3651
3494 3572 3574 3652
3495 3653
3496 3574 3576 3654
3497 3655
3498 3576 3578
3499 3577 3657
3578 3580 3658
3501 3579 3581 3659
3580 3582 3660
3503 3583 3661
3504 3582 3584
3505 3583 3585 3663
3506 3584 3586
3507 3587 3665
3508 3586 3588 3666
3509 3587 3589 3667
3510 3588 3590
3511 3589 3591 3669
3512 3590 3592
3513 3591 3593 3671
3514 3592 3594 3672
3515 3595 3673
3516 3594 3596 3674
3517 3595 3597 3675
3596 3598 3676
3519 3597 3677
3520 3598 3600
3521 3601 3679
3522 3600 3602 3680
3523 3601 3603 3681
3524 3602 3604 3682
3525 3603 3683
3526 3604 3606 3684
3527 3607 3685
3528 3606 3608
3529 3607 3609 3687
3608 3610 3688
3531 3609 3689
3610 3612 3690
3533 3613 3691
3612 3614 3692
3535 3613 3615 3693
3536 3614 3616 3694
3537 3617 3695
3538 3616 3618
3539 3619 3697
3540 3618 3620 3698
3541 3619 3621 3699
3620 3622 3700
3543 3623 3701
3544 3622 3624 3702
3545 3625 3703
3624 3626 3704
3547 3627 3705
3548 3626 3628 3706
3549 3627 3629 3707
3550 3628 3630
3551 3629 3709
3552 3630 3632
3553 3711
3554 3632 3634 3712
3555 3713
3556 3636 3714
3557 3635 3715
3558 3636 3638
3559 3637 3639 3717
3560 3638 3640 3718
3561 3641 3719
3640 3642 3720
3563 3641 3721
3564 3642 3644
3565 3643 3723
3566 3644 3646 3724
3567 3725
3646 3648 3726
3569 3727
3570 3648 3650
3571 3649 3651 3729
3650 3652 3730
3573 3651 3653 3731
3652 3654 3732
3575 3653 3655 3733
3576 3654 3656
3577 3655 3657 3735
3578 3656 3658
3579 3659 3737
3580 3658 3660 3738
3581 3659 3661 3739
3582 3660 3662 3740
3583 3661 3741
3584 3662 3664
3585 3663 3665 3743
3586 3664 3666 3744
3587 3665 3745
3666 3668 3746
3589 3669 3747
3590 3668 3670 3748
3591 3669 3671 3749
3670 3672 3750
3593 3751
3594 3672 3674 3752
3595 3673 3753
3596 3674 3676
3597 3675 3755
3676 3678 3756
3599 3677 3679 3757
3600 3678 3680 3758
3601 3681 3759
3680 3682 3760
3603 3681 3761
3604 3682 3684
3605 3683 3685 3763
3606 3684 3686
3607 3685 3687 3765
3686 3688
3609 3689 3767
3688 3690 3768
3611 3689 3691 3769
3690 3692
3613 3691 3771
3692 3694 3772
3615 3693 3695 3773
3616 3694 3696
3617 3695 3775
3696 3698 3776
3619 3697 3699 3777
3620 3698 3700 3778
3621 3699 3779
3700 3702 3780
3623 3703 3781
3624 3702 3704 3782
3625 3783
3626 3704 3706
3627 3705 3707 3785
3706 3708 3786
3629 3707 3709 3787
3630 3708 3710 3788
3631 3789
3632 3710 3712 3790
3633 3711 3791
3712 3792
3635 3793
3714 3716 3794
3637 3717 3795
3638 3716 3718 3796
3639 3717 3797
3640 3718 3720 3798
3641 3719 3799
3720 3722 3800
3643 3721 3723 3801
3722 3724 3802
3645 3723 3725 3803
3724 3726 3804
3647 3725 3727 3805
3648 3726 3728 3806
3649 3727 3807
3650 3728 3730
3651 3729 3809
3652 3730 3732 3810
3653 3731 3811
3654 3732 3734 3812
3655 3733 3813
3656 3734 3736
3657 3815
3658 3736 3738 3816
3659 3737 3739 3817
3660 3738 3740 3818
3661 3739 3819
3662 3740 3742 3820
3663 3741 3743 3821
3742 3744
3665 3743 3823
3744 3746 3824
3667 3825
3746 3748
3669 3747 3749 3827
3748 3750 3828
3671 3749 3751 3829
3672 3750 3752
3673 3831
3752 3754
3675 3753 3755 3833
3754 3756 3834
3677 3757 3835
3678 3756 3758 3836
3679 3757 3837
3680 3758 3760 3838
3681 3759 3761 3839
3682 3760 3762 3840
3683 3761 3763 3841
3762 3764
3685 3765 3843
3686 3764 3766 3844
3687 3765 3767 3845
3766 3768 3846
3689 3847
3690 3768 3770 3848
3691 3769 3849
3770 3772
3693 3771 3851
3772 3774 3852
3695 3773 3775 3853
3774 3776 3854
3697 3855
3698 3776 3778 3856
3699 3779 3857
3700 3778 3780 3858
3701 3859
3702 3780 3782 3860
3703 3781 3783 3861
3704 3782 3784 3862
3705 3785 3863
3784 3786 3864
3707 3865
3708 3786 3788 3866
3709 3787 3867
3710 3788 3790
3711 3789 3791 3869
3712 3790 3792
3713 3791 3871
3794 3872
3715 3793 3795 3873
3716 3794 3796 3874
3717 3795 3875
3796 3798 3876
3719 3877
3798 3800
3721 3801 3879
3800 3802 3880
3723 3803 3881
3724 3802 3804 3882
3725 3805 3883
3804 3806
3727 3885
3806 3808
3729 3809 3887
3808 3810
3731 3809 3811 3889
3732 3810 3812 3890
3733 3811 3891
3812 3814
3735 3813 3815 3893
3814 3816 3894
3737 3817 3895
3738 3816 3818
3739 3817 3897
3818 3820 3898
3741 3819 3821 3899
3820 3822 3900
3743 3823 3901
3744 3822 3824 3902
3745 3823 3825 3903
3824 3826 3904
3747 3905
3826 3828 3906
3749 3827 3907
3750 3828 3830 3908
3751 3829 3831 3909
3830 3832 3910
3753 3831 3911
3832 3834 3912
3755 3833 3835 3913
3834 3836
3757 3835 3915
3758 3836 3838 3916
3759 3839 3917
3838 3840 3918
3761 3839 3841 3919
3762 3840 3842 3920
3763 3843 3921
3842 3844
3765 3845 3923
3766 3844 3846
3767 3845 3847 3925
3768 3846 3848 3926
3769 3847 3849 3927
3848 3850 3928
3771 3849 3929
3772 3850 3852
3773 3931
3774 3852 3854
3775 3933
3776 3854 3856 3934
3777 3855 3935
3856 3858 3936
3779 3857 3937
3780 3858 3860 3938
3781 3859 3861 3939
3860 3862 3940
3783 3863 3941
3784 3862 3864
3785 3943
3864 3866
3787 3865 3945
3788 3866 3868
3789 3867 3869 3947
3868 3870 3948
3791 3869 3871 3949
3870 3950
3793 3951
3794 3872 3874
3795 3875 3953
3796 3874 3876 3954
3797 3875 3877 3955
3798 3876 3878 3956
3799 3877 3879 3957
3800 3878 3880 3958
3801 3879 3959
3802 3880 3882 3960
3803 3961
3882 3884
3805 3883 3885 3963
3806 3884 3886
3807 3887 3965
3886 3888 3966
3809 3887 3967
3810 3888 3890 3968
3811 3889 3969
3812 3890 3892
3813 3971
3814 3892 3894 3972
3815 3893 3973
3816 3894 3896 3974
3817 3895 3897 3975
3818 3896 3898
3819 3897 3899 3977
3820 3898 3900 3978
3821 3979
3900 3902
3823 3901 3981
3824 3902 3904 3982
3825 3905 3983
3904 3906
3827 3905 3907 3985
3828 3906 3908 3986
3829 3907 3987
3830 3908 3910 3988
3831 3911 3989
3910 3912 3990
3833 3911 3913 3991
3834 3912 3914
3835 3913 3993
3836 3914 3916 3994
3837 3915 3917 3995
3916 3918
3839 3997
3840 3918 3920 3998
3841 3919 3999
3842 3920 3922
3843 3921 4001
3844 3922 3924
3845 3923 3925 4003
3846 3924 3926 4004
3847 3927 4005
3848 3926 3928 4006
3849 3927 3929 4007
3928 3930 4008
3851 3931 4009
3930 3932
3853 4011
3854 3932 3934
3855 3933 4013
3856 3934 3936
3857 4015
3858 3936 3938 4016
3859 3939 4017
3860 3938 3940
3861 3939 3941 4019
3940 3942 4020
3863 3941 3943 4021
3864 3942 3944
3865 3943 3945 4023
3866 3944 3946
3867 3947 4025
3868 3946 3948 4026
3869 4027
3948 3950 4028
3871 4029
3872 3952 4030
3873 3951 3953 4031
3874 3952 3954 4032
3875 3953 3955 4033
3876 3954 3956 4034
3877 3955 3957 4035
3956 3958 4036
3879 3959 4037
3880 3958 3960 4038
3881 3959 3961 4039
3960 3962 4040
3883 3961 3963 4041
3962 3964 4042
3885 3963 3965 4043
3886 3964 3966 4044
3887 3965 4045
3888 3966 3968
3889 3967 3969 4047
3968 3970
3891 3969 3971 4049
3892 3970 3972 4050
3893 3971 4051
3972 3974 4052
3895 4053
3974 3976 4054
3897 3975 3977 4055
3898 3976 3978 4056
3899 3977 3979 4057
3900 3978 3980 4058
3901 3979 3981 4059
3902 3980 3982 4060
3903 3981 4061
3982 3984 4062
3905 3985 4063
3906 3984 3986 4064
3907 3985 4065
3908 3986 3988
3909 3989 4067
3910 3988 3990 4068
3911 3989 3991 4069
3990 3992 4070
3913 4071
3914 3992 3994
3915 3995 4073
3916 3994 3996
3917 3995 3997 4075
3996 3998 4076
3919 3999 4077
3920 3998 4000
3921 4079
3922 4000 4002 4080
3923 4001 4003 4081
3924 4002 4004 4082
3925 4005 4083
4004 4006 4084
3927 4085
3928 4006 4008
3929 4007 4009 4087
3930 4008 4010 4088
3931 4009 4011 4089
4010 4012
3933 4011 4013 4091
4012 4014 4092
3935 4013 4015 4093
3936 4014 4016
3937 4017 4095
3938 4016 4018
3939 4017 4019 4097
3940 4018 4020 4098
3941 4019 4021 4099
3942 4020 4022
3943 4021 4023 4101
3944 4022 4024
3945 4023 4025 4103
3946 4024 4026
3947 4025 4105
4026 4028 4106
3949 4027 4029 4107
3950 4028
3951 4031 4109
3952 4030 4032 4110
3953 4031 4033 4111
3954 4032 4034 4112
3955 4035 4113
3956 4034 4036 4114
3957 4035 4115
3958 4036 4038
3959 4039 4117
3960 4038 4040 4118
3961 4039 4119
4040 4042 4120
3963 4043 4121
3964 4042 4044 4122
3965 4043 4045 4123
4044 4046
3967 4047 4125
3968 4046 4048
3969 4049 4127
4048 4050 4128
3971 4051 4129
3972 4050 4052
3973 4051 4131
3974 4052 4054
3975 4053 4055 4133
3976 4054 4056 4134
3977 4055 4057 4135
3978 4056 4058 4136
3979 4059 4137
3980 4058 4060 4138
3981 4059 4139
3982 4060 4062 4140
3983 4061 4063 4141
3984 4062 4064 4142
3985 4065 4143
3986 4064 4066 4144
3987 4065 4145
3988 4066 4068 4146
3989 4067 4069 4147
3990 4068 4070 4148
3991 4069 4149
3992 4070 4072
3993 4071 4073 4151
4072 4074 4152
3995 4075 4153
4074 4076 4154
3997 4075 4155
4076 4078
3999 4079 4157
4000 4078 4080 4158
4001 4079 4159
4002 4080 4082 4160
4003 4081 4083 4161
4082 4084 4162
4005 4083 4085 4163
4006 4084 4086 4164
4007 4165
4008 4086 4088 4166
4009 4087 4089 4167
4088 4090 4168
4011 4089 4169
4090 4092 4170
4013 4091 4171
4092 4094
4015 4093 4095 4173
4016 4094 4096 4174
4017 4095 4097 4175
4018 4096 4098 4176
4019 4099 4177
4020 4098 4100
4021 4099 4101 4179
4100 4102 4180
4023 4101 4181
4024 4102 4104
4025 4105 4183
4026 4104 4106 4184
4027 4185
4028 4106 4108 4186
4029 4107 4187
4030 4110 4188
4031 4109 4111 4189
4032 4110 4112 4190
4033 4113 4191
4034 4112 4114 4192
4035 4115 4193
4036 4114 4116 4194
4037 4115 4117 4195
4038 4116 4118 4196
4039 4117 4119 4197
4118 4120 4198
4041 4119 4121 4199
4120 4122 4200
4043 4123 4201
4122 4124
4045 4123 4125 4203
4046 4124 4126 4204
4047 4127 4205
4048 4126 4128 4206
4049 4127 4129 4207
4128 4130 4208
4051 4129 4131 4209
4052 4130 4132
4053 4131 4133 4211
4132 4134 4212
4055 4135 4213
4056 4134 4136
4057 4135 4215
4058 4136 4138 4216
4059 4137 4139 4217
4060 4138 4140 4218
4061 4141 4219
4062 4140 4142
4063 4141 4221
4064 4142 4144 4222
4065 4143 4223
4066 4144 4146 4224
4067 4145 4147 4225
4068 4146 4148 4226
4069 4147 4227
4148 4150 4228
4071 4149 4151 4229
4072 4150 4152
4073 4151 4231
4074 4152 4154
4075 4153 4233
4154 4156
4077 4155 4157 4235
4078 4156 4158 4236
4079 4157 4237
4158 4160 4238
4081 4159 4161 4239
4160 4162 4240
4083 4161 4163 4241
4162 4164 4242
4085 4163 4243
4164 4166
4087 4245
4166 4168 4246
4089 4167 4169 4247
4090 4168 4170 4248
4091 4169 4171 4249
4092 4170 4172 4250
4093 4171 4173 4251
4094 4172 4174 4252
4095 4173 4175 4253
4174 4176 4254
4097 4255
4098 4176 4178
4099 4177 4257
4100 4178 4180 4258
4101 4181 4259
4180 4182 4260
4103 4183 4261
4182 4184 4262
4105 4263
4106 4184 4186
4107 4185 4265
4108 4186 4266
4109 4189 4267
4188 4190
4111 4189 4269
4112 4190 4192 4270
4113 4193 4271
4114 4192 4194 4272
4115 4193 4195 4273
4116 4194 4196 4274
4117 4195 4275
4118 4196 4198 4276
4119 4199 4277
4120 4198 4200 4278
4121 4201 4279
4200 4202 4280
4123 4201 4203 4281
4124 4202 4204
4125 4205 4283
4204 4206 4284
4127 4285
4206 4208 4286
4129 4207 4287
4130 4208 4210
4131 4209 4211 4289
4210 4212
4133 4291
4212 4214
4135 4213 4215 4293
4214 4216
4137 4217 4295
4138 4216 4218 4296
4139 4219 4297
4140 4218 4220
4141 4299
4142 4220 4222
4143 4221 4223 4301
4222 4224 4302
4145 4223 4225 4303
4224 4226 4304
4147 4225 4305
4148 4226 4228
4149 4227 4229 4307
4150 4228 4230 4308
4151 4229 4231 4309
4152 4230 4232
4153 4231 4311
4154 4232 4234 4312
4155 4233 4235 4313
4156 4234 4236 4314
4157 4235 4315
4236 4238
4159 4237 4239 4317
4160 4238 4240
4161 4241 4319
4162 4240 4242 4320
4163 4321
4164 4242 4244 4322
4165 4245 4323
4166 4244 4246
4167 4245 4325
4168 4246 4248 4326
4169 4247 4327
4248 4250 4328
4171 4249 4329
4172 4250 4252 4330
4173 4253 4331
4174 4252 4254 4332
4175 4253 4255 4333
4176 4254 4256
4177 4255 4257 4335
4178 4256 4258
4179 4259 4337
4180 4258 4260 4338
4181 4259 4339
4182 4260 4262 4340
4183 4261 4341
4262 4264 4342
4185 4265 4343
4186 4264 4266 4344
4187 4345
4268 4346
4189 4269 4347
4190 4268 4270
4191 4269 4271 4349
4270 4272 4350
4193 4271 4273 4351
4272 4274 4352
4195 4273 4275 4353
4196 4274 4276
4197 4275 4277 4355
4276 4278 4356
4199 4277 4279 4357
4200 4278 4280
4201 4359
4202 4280 4282 4360
4203 4283 4361
4204 4282 4284 4362
4205 4283 4285 4363
4284 4286
4207 4285 4365
4208 4286 4288
4209 4289 4367
4288 4290 4368
4211 4289 4291 4369
4212 4290 4292
4213 4291 4371
4214 4292 4294 4372
4215 4293 4295 4373
4216 4294 4296
4217 4295 4297 4375
4218 4296 4298 4376
4219 4297 4299 4377
4220 4298 4300
4221 4299 4301 4379
4222 4300 4302 4380
4223 4301 4303 4381
4302 4304 4382
4225 4305 4383
4226 4304 4306
4227 4305 4385
4306 4308 4386
4229 4307 4309 4387
4230 4308 4310
4231 4389
4232 4310 4312 4390
4233 4311 4391
4234 4312 4314
4235 4313 4315 4393
4236 4314 4316 4394
4237 4315 4317 4395
4316 4318
4239 4319 4397
4318 4320
4241 4319 4321 4399
4242 4320 4322
4243 4321 4323 4401
4322 4324
4245 4323 4403
4246 4324 4326 4404
4247 4325 4327 4405
4248 4326 4328 4406
4249 4327 4329 4407
4328 4330 4408
4251 4409
4252 4330 4332 4410
4253 4331 4333 4411
4254 4332 4334
4255 4335 4413
4256 4334 4336 4414
4257 4335 4337 4415
4336 4338 4416
4259 4339 4417
4260 4338 4340 4418
4261 4339 4341 4419
4340 4342 4420
4263 4341 4343 4421
4264 4342 4344 4422
4265 4343 4345 4423
4344
4267 4425
4268 4346 4348
4269 4347 4427
4270 4348 4350 4428
4271 4429
4350 4352 4430
4273 4353 4431
4274 4352 4354 4432
4275 4433
4276 4354 4356 4434
4277 4355 4357 4435
4278 4356 4358
4279 4359 4437
4280 4358 4360 4438
4281 4359 4361 4439
4282 4360 4362
4283 4361 4441
4362 4364 4442
4285 4363 4443
4286 4364 4366 4444
4287 4365 4367 4445
4288 4366 4368 4446
4289 4367 4369 4447
4290 4368 4370
4291 4369 4371 4449
4370 4372 4450
4293 4371 4373 4451
4294 4372 4374 4452
4295 4375 4453
4296 4374 4376 4454
4297 4375 4377 4455
4376 4378 4456
4299 4457
4300 4378 4380
4301 4379 4381 4459
4380 4382 4460
4303 4381 4383 4461
4304 4382 4384 4462
4305 4383 4463
4384 4386 4464
4307 4387 4465
4386 4388
4309 4387 4389 4467
4388 4390
4311 4389 4391 4469
4312 4390 4392 4470
4313 4393 4471
4314 4392 4394 4472
4315 4395 4473
4316 4394 4396 4474
4317 4475
4396 4398
4319 4397 4399 4477
4320 4398 4400 4478
4321 4399 4401 4479
4322 4400 4402
4323 4481
4402 4404 4482
4325 4403 4405 4483
4404 4406 4484
4327 4405 4407 4485
4328 4406 4408 4486
4329 4407 4409 4487
4408 4410 4488
4331 4409 4411 4489
4332 4410 4412 4490
4333 4411 4413 4491
4334 4412 4414 4492
4335 4413 4493
4336 4414 4416 4494
4337 4415 4417 4495
4416 4418
4339 4417 4419 4497
4340 4418 4420 4498
4341 4421 4499
4420 4422
4343 4421 4423 4501
4422 4424 4502
4345 4423 4503
4346 4426 4504
4347 4505
4426 4428
4349 4507
4350 4428 4430
4351 4429 4431 4509
4430 4432
4353 4431 4511
4354 4432 4434 4512
4355 4433 4513
4356 4434 4436 4514
4357 4437 4515
4436 4438 4516
4359 4437 4439 4517
4360 4438 4440 4518
4361 4439 4519
4362 4440 4442 4520
4363 4443 4521
4442 4444 4522
4365 4443 4445 4523
4444 4446
4367 4445 4525
4368 4446 4448 4526
4369 4527
4448 4450 4528
4371 4449 4451 4529
4372 4450 4452
4373 4451 4531
4374 4452 4454 4532
4375 4453 4533
4376 4454 4456
4377 4455 4457 4535
4378 4456 4458 4536
4379 4457 4459 4537
4458 4460
4381 4459 4461 4539
4460 4462 4540
4383 4463 4541
4462 4464 4542
4385 4543
4464 4466 4544
4387 4465 4545
4388 4466 4468 4546
4389 4547
4390 4468 4470 4548
4391 4471 4549
4392 4470 4472 4550
4393 4471 4473 4551
4394 4472 4474 4552
4395 4475 4553
4474 4476
4397 4475 4477 4555
4398 4476 4478 4556
4399 4477 4479 4557
4400 4478 4480 4558
4401 4479 4559
4402 4480 4482 4560
4403 4561
4404 4482 4484
4405 4483 4485 4563
4406 4484 4486 4564
4407 4565
4486 4488 4566
4409 4487 4489 4567
4410 4488 4490 4568
4411 4489 4491 4569
4490 4492
4413 4491 4493 4571
4414 4492 4494 4572
4415 4493 4495 4573
4416 4494 4496 4574
4417 4497 4575
4418 4496 4498
4419 4577
4420 4498 4500
4421 4499 4501 4579
4500 4502 4580
4423 4581
4502 4582
4425 4583
4426 4504 4506
4427 4505 4507 4585
4428 4506 4508
4429 4509 4587
4430 4508 4510 4588
4431 4511 4589
4510 4512
4433 4511 4513 4591
4512 4514 4592
4435 4513 4515 4593
4436 4514 4516 4594
4437 4515 4595
4438 4516 4518 4596
4439 4517 4597
4440 4518 4520 4598
4441 4519 4599
4520 4522 4600
4443 4521 4601
4444 4522 4524
4445 4603
4524 4526 4604
4447 4525 4605
4448 4526 4528 4606
4449 4529 4607
4450 4528 4530 4608
4451 4529 4531 4609
4452 4530 4532 4610
4453 4531 4611
4454 4532 4534 4612
4455 4533 4535 4613
4534 4536
4457 4535 4615
4458 4536 4538 4616
4459 4537 4617
4538 4540 4618
4461 4619
4462 4540 4542
4463 4541 4543 4621
4464 4542 4544 4622
4465 4543 4545 4623
4544 4546
4467 4545 4547 4625
4546 4548 4626
4469 4547 4549 4627
4470 4548 4550 4628
4471 4551 4629
4472 4550 4552 4630
4473 4551 4553 4631
4474 4552 4554 4632
4475 4553 4555 4633
4554 4556 4634
4477 4555 4635
4478 4556 4558
4479 4557 4559 4637
4558 4560 4638
4481 4559 4639
4482 4560 4562
4483 4561 4641
4562 4564 4642
4485 4563 4643
4564 4566 4644
4487 4565 4567 4645
4488 4566 4568 4646
4489 4567 4647
4490 4568 4570 4648
4491 4569 4649
4492 4570 4572 4650
4493 4571 4573 4651
4494 4572 4574 4652
4495 4653
4496 4574 4576 4654
4497 4575 4655
4498 4576 4578
4499 4577 4657
4578 4580 4658
4501 4579 4581 4659
4580 4582 4660
4503 4581 4661
4504 4584 4662
4505 4583 4585 4663
4584 4586 4664
4507 4587 4665
4508 4586 4588 4666
4509 4587 4589 4667
4510 4588 4590 4668
4511 4591 4669
4512 4590 4592 4670
4513 4593 4671
4592 4594 4672
4515 4593 4673
4594 4596 4674
4517 4595 4597 4675
4518 4596 4598
4519 4597 4677
4520 4598 4600 4678
4521 4599 4679
4522 4600 4602 4680
4523 4601 4603 4681
4524 4602 4604
4525 4603 4605 4683
4604 4606 4684
4527 4607 4685
4528 4606 4608
4529 4607 4687
4530 4608 4610 4688
4531 4609 4611 4689
4610 4612
4533 4611 4613 4691
4534 4612 4614
4535 4615 4693
4536 4614 4616
4537 4615 4695
4538 4616 4618 4696
4539 4619 4697
4618 4620 4698
4541 4699
4542 4620 4622
4543 4621 4623 4701
4544 4622 4624 4702
4545 4625 4703
4546 4624 4626 4704
4547 4625 4627 4705
4626 4628 4706
4549 4629 4707
4550 4628 4630
4551 4709
4552 4630 4632
4553 4633 4711
4554 4632 4634 4712
4555 4713
4556 4634 4636 4714
4557 4635 4715
4558 4636 4638
4559 4639 4717
4560 4638 4640 4718
4561 4641 4719
4562 4640 4642 4720
4563 4641 4643 4721
4564 4642 4644 4722
4565 4723
4566 4644 4646 4724
4567 4645 4647 4725
4568 4646 4648 4726
4569 4647 4649 4727
4648 4650 4728
4571 4649 4729
4572 4650 4652 4730
4573 4651 4731
4574 4652 4654 4732
4575 4653 4733
4654 4656
4577 4657 4735
4656 4658
4579 4657 4659 4737
4658 4660
4581 4659 4661 4739
4660 4740
4583 4741
4662 4664 4742
4585 4663 4665 4743
4586 4664 4666 4744
4587 4665 4667 4745
4588 4666 4668 4746
4589 4667 4747
4590 4668 4670 4748
4591 4671 4749
4670 4672 4750
4593 4751
4594 4672 4674 4752
4595 4673 4675 4753
4674 4676 4754
4597 4675 4755
4598 4676 4678
4599 4677 4679 4757
4678 4680 4758
4601 4679 4681 4759
4602 4680 4682 4760
4603 4681 4761
4682 4684 4762
4605 4683 4685 4763
4606 4684 4686 4764
4607 4685 4687 4765
4686 4688 4766
4609 4767
4610 4688 4690
4611 4769
4612 4690 4692 4770
4613 4691 4771
4692 4694
4615 4693 4773
4616 4694 4696
4617 4695 4697 4775
4618 4696 4698 4776
4619 4697 4699 4777
4620 4698 4700 4778
4621 4699 4779
4622 4700 4702 4780
4623 4701 4781
4702 4704
4625 4705 4783
4626 4704 4706
4627 4707 4785
4706 4708 4786
4629 4709 4787
4708 4710
4631 4709 4711 4789
4710 4712 4790
4633 4713 4791
4634 4712 4714 4792
4635 4713 4715 4793
4636 4714 4716
4637 4715 4717 4795
4638 4716 4718 4796
4639 4717 4797
4718 4720
4641 4719 4799
4642 4720 4722
4643 4721 4723 4801
4644 4722 4724 4802
4645 4725 4803
4646 4724 4726 4804
4647 4725 4727 4805
4648 4726 4728 4806
4649 4727 4807
4728 4730 4808
4651 4809
4730 4732
4653 4731 4733 4811
4654 4732 4734
4655 4735 4813
4734 4736 4814
4657 4735 4815
4658 4736 4738 4816
4659 4817
4738 4740 4818
4661 4739 4819
4662 4742
4663 4743 4821
4664 4742 4744
4665 4823
4744 4746 4824
4667 4745 4747 4825
4668 4746 4748
4669 4747 4749 4827
4670 4748 4750 4828
4671 4749 4829
4672 4750 4752
4673 4751 4831
4752 4754 4832
4675 4753 4755 4833
4676 4754 4756 4834
4677 4755 4835
4756 4758 4836
4679 4759 4837
4680 4758 4760 4838
4681 4759 4761 4839
4682 4760 4762 4840
4683 4841
4684 4762 4764 4842
4685 4763 4765 4843
4764 4766
4687 4765 4767 4845
4688 4766 4768 4846
4689 4769 4847
4690 4768 4770 4848
4691 4769 4771 4849
4692 4770 4772 4850
4693 4771 4773 4851
4694 4772 4774
4695 4773 4853
4774 4776 4854
4697 4775 4777 4855
4698 4776 4778
4699 4779 4857
4778 4780
4701 4779 4781 4859
4780 4782 4860
4703 4781 4783 4861
4782 4784
4705 4785 4863
4706 4784 4786
4707 4785 4865
4786 4788 4866
4709 4787 4789 4867
4710 4788 4790 4868
4711 4789 4869
4712 4790 4792
4713 4793 4871
4714 4792 4794 4872
4715 4793 4873
4794 4796
4717 4797 4875
4718 4796 4798
4719 4799 4877
4720 4798 4800 4878
4721 4801 4879
4800 4802 4880
4723 4801 4803 4881
4724 4802 4804
4725 4803 4805 4883
4726 4804 4806
4727 4805 4807 4885
4728 4806 4808
4729 4887
4730 4808 4810 4888
4731 4809 4811 4889
4732 4810 4812 4890
4733 4811 4891
4734 4812 4814 4892
4735 4815 4893
4736 4814 4816 4894
4737 4815 4895
4738 4816 4818 4896
4739 4817 4897
4818 4898
4741 4899
4820 4822
4743 4823 4901
4822 4824 4902
4745 4823 4825 4903
4824 4826 4904
4747 4827 4905
4748 4826 4828 4906
4749 4827 4829 4907
4750 4828 4830 4908
4751 4831 4909
4830 4832
4753 4831 4911
4754 4832 4834
4755 4835 4913
4756 4834 4836
4757 4835 4915
4758 4836 4838 4916
4759 4839 4917
4760 4838 4840 4918
4761 4839 4919
4762 4840 4842
4763 4841 4921
4764 4842 4844
4765 4845 4923
4766 4844 4846
4767 4845 4925
4846 4848 4926
4769 4847 4927
4770 4848 4850 4928
4771 4849 4929
4850 4852
4773 4851 4853 4931
4774 4852 4854
4775 4933
4776 4854 4856
4777 4935
4778 4856 4858 4936
4779 4857 4937
4780 4858 4860 4938
4781 4859 4861 4939
4782 4860 4862 4940
4783 4861 4863 4941
4784 4862 4864
4785 4863 4943
4786 4864 4866
4787 4945
4866 4868
4789 4867 4869 4947
4790 4868 4870 4948
4791 4869 4871 4949
4792 4870 4872 4950
4793 4871 4873 4951
4872 4874 4952
4795 4873 4875 4953
4796 4874 4876
4797 4875 4877 4955
4876 4878 4956
4799 4877 4879 4957
4800 4878 4880 4958
4801 4879 4881 4959
4802 4880 4882 4960
4803 4881 4883 4961
4804 4882 4884 4962
4805 4883 4885 4963
4884 4886
4807 4885 4887 4965
4886 4888
4809 4887 4889 4967
4810 4888 4890
4811 4889 4969
4890 4892 4970
4813 4891 4893 4971
4814 4892 4894
4815 4893 4895 4973
4816 4894 4896 4974
4817 4895 4975
4896 4898
4819 4897 4977
4900 4978
4821 4899 4901 4979
4822 4900 4902 4980
4823 4901 4903 4981
4824 4902 4904 4982
4825 4903 4905 4983
4904 4906
4827 4907 4985
4828 4906 4908 4986
4829 4907 4909 4987
4908 4910 4988
4831 4989
4832 4910 4912 4990
4833 4913 4991
4912 4914
4835 4913 4993
4914 4916 4994
4837 4915 4917 4995
4916 4918
4839 4917 4997
4840 4918 4920 4998
4841 4919 4921 4999
4842 4920 4922
4843 4923 5001
4922 4924
4845 4923 4925 5003
4846 4924 4926
4847 4925 4927 5005
4926 4928 5006
4849 4929 5007
4928 4930
4851 4929 5009
4852 4930 4932
4853 4931 4933 5011
4854 4932 4934 5012
4855 4933 4935 5013
4856 4934 4936
4857 4935 5015
4936 4938 5016
4859 4937 5017
4860 4938 4940 5018
4861 4939 4941 5019
4862 4940 4942
4863 4941 4943 5021
4864 4942 4944
4865 4943 4945 5023
4944 4946 5024
4867 4947 5025
4868 4946 4948 5026
4869 4947 4949 5027
4948 4950 5028
4871 4949 4951 5029
4872 4950 4952 5030
4873 4951 4953 5031
4874 4952 4954 5032
4875 5033
4876 4954 4956 5034
4877 5035
4956 4958 5036
4879 4959 5037
4880 4958 4960 5038
4881 4959 4961 5039
4882 4960 4962
4883 4961 4963 5041
4884 4962 4964 5042
4885 4965 5043
4964 4966 5044
4887 4967 5045
4966 4968 5046
4889 4967 4969 5047
4968 4970
4891 4969 5049
4892 4970 4972 5050
4893 4973 5051
4894 4972 4974 5052
4895 4973 5053
4896 4974 4976
4897 4975 4977 5055
4898 4976 5056
4899 4979 5057
4900 4978 4980
4901 4979 5059
4980 4982 5060
4903 4981 4983 5061
4982 4984
4905 4983 5063
4906 4984 4986 5064
4907 4985 4987 5065
4908 4986 4988 5066
4909 4989 5067
4910 4988 4990 5068
4911 4989 4991 5069
4990 4992 5070
4913 4991 4993 5071
4914 4992 4994
4915 5073
4994 4996 5074
4917 4997 5075
4918 4996 4998 5076
4919 4997 5077
4920 4998 5000 5078
4921 4999 5079
4922 5000 5002 5080
4923 5003 5081
4924 5002 5004 5082
4925 5005 5083
4926 5004 5006
4927 5005 5007 5085
4928 5006 5008 5086
4929 5009 5087
5008 5010 5088
4931 5009 5011 5089
5010 5012
4933 5091
5012 5014 5092
4935 5015 5093
5014 5016 5094
4937 5015 5095
4938 5016 5018 5096
4939 5019 5097
4940 5018 5020 5098
4941 5019 5021 5099
4942 5020 5022
4943 5021 5101
4944 5022 5024
4945 5103
4946 5024 5026 5104
4947 5025 5027 5105
5026 5028 5106
4949 5027 5107
4950 5028 5030
4951 5029 5031 5109
4952 5030 5032 5110
4953 5031 5033 5111
4954 5032 5034 5112
4955 5033 5113
4956 5034 5036 5114
4957 5035 5037 5115
5036 5038 5116
4959 5037 5039 5117
5038 5040 5118
4961 5039 5041 5119
5040 5042
4963 5041 5043 5121
4964 5042 5044 5122
4965 5123
5044 5046
4967 5047 5125
4968 5046 5048 5126
4969 5049 5127
4970 5048 5050 5128
4971 5049 5051 5129
5050 5052 5130
4973 5051 5131
4974 5052 5054
4975 5133
4976 5054 5056 5134
4977 5055 5135
4978 5058 5136
4979 5057 5137
4980 5058 5060 5138
4981 5059 5139
4982 5060 5062
4983 5063 5141
4984 5062 5064
4985 5143
4986 5064 5066
4987 5065 5145
5066 5068 5146
4989 5069 5147
4990 5068 5070 5148
4991 5071 5149
5070 5072 5150
4993 5071 5151
4994 5072 5074 5152
4995 5073 5153
4996 5074 5076
4997 5075 5077 5155
5076 5078 5156
4999 5077 5157
5078 5080 5158
5001 5081 5159
5002 5080 5082 5160
5003 5081 5083 5161
5004 5082 5084 5162
5005 5083 5085 5163
5006 5084 5086 5164
5007 5085 5165
5008 5086 5088
5009 5087 5167
5088 5090 5168
5011 5089 5169
5012 5090 5092 5170
5013 5091 5093 5171
5092 5094
5015 5093 5095 5173
5016 5094 5096
5017 5095 5097 5175
5018 5096 5098
5019 5099 5177
5020 5098 5100 5178
5021 5101 5179
5022 5100 5102 5180
5023 5101 5103 5181
5024 5102 5104
5025 5103 5183
5104 5106 5184
5027 5107 5185
5106 5108 5186
5029 5187
5108 5110 5188
5031 5109 5111 5189
5032 5110 5112
5033 5113 5191
5112 5114 5192
5035 5113 5115 5193
5036 5114 5116 5194
5037 5115 5117 5195
5038 5116 5118 5196
5039 5117 5197
5118 5120 5198
5041 5119 5199
5120 5122
5043 5121 5201
5044 5122 5124 5202
5045 5125 5203
5046 5124 5126 5204
5047 5125 5127 5205
5048 5126 5128 5206
5049 5207
5050 5128 5130 5208
5051 5129 5131 5209
5130 5132 5210
5053 5133 5211
5132 5134
5055 5133 5213
5056 5134 5214
5057 5215
5136 5138
5059 5137 5139 5217
5060 5138 5140 5218
5061 5141 5219
5140 5142
5063 5143 5221
5064 5142 5144 5222
5065 5143 5145 5223
5144 5146
5067 5147 5225
5146 5148 5226
5069 5147 5149 5227
5070 5148 5150 5228
5071 5149 5151 5229
5072 5150 5152 5230
5073 5153 5231
5074 5152 5154
5075 5233
5076 5154 5156 5234
5077 5235
5156 5158
5079 5157 5159 5237
5158 5160 5238
5081 5159 5239
5160 5162
5083 5161 5241
5084 5162 5164
5085 5163 5165 5243
5164 5166 5244
5087 5165 5245
5166 5168 5246
5089 5167 5169 5247
5090 5168 5170
5091 5249
5092 5170 5172 5250
5093 5171 5173 5251
5094 5172 5174
5095 5175 5253
5096 5174 5176 5254
5097 5177 5255
5098 5176 5178 5256
5099 5257
5178 5180 5258
5101 5179 5181 5259
5102 5180 5182 5260
5103 5181 5261
5104 5182 5184
5105 5183 5263
5184 5186 5264
5107 5187 5265
5186 5188 5266
5109 5189 5267
5110 5188 5190
5111 5189 5191 5269
5112 5190 5192
5113 5191 5193 5271
5114 5192 5194 5272
5115 5195 5273
5116 5194 5196 5274
5117 5197 5275
5118 5196 5198
5119 5197 5199 5277
5120 5198 5200 5278
5121 5199 5279
5122 5200 5202 5280
5123 5281
5124 5202 5204 5282
5125 5283
5126 5204 5206 5284
5127 5207 5285
5128 5206 5208 5286
5129 5209 5287
5130 5208 5210 5288
5131 5209 5211 5289
5132 5210 5212 5290
5133 5291
5212 5214 5292
5135 5213 5293
5216
5137 5215 5217 5295
5138 5216 5218
5139 5219 5297
5140 5218 5220
5141 5219 5221 5299
5142 5220 5222
5143 5221 5301
5144 5222 5224
5145 5223 5303
5146 5224 5226
5147 5227 5305
5148 5226 5228 5306
5149 5307
5228 5230 5308
5151 5229 5231 5309
5152 5230 5232 5310
5153 5231 5233 5311
5232 5234 5312
5155 5233 5235 5313
5234 5236 5314
5157 5235 5315
5158 5236 5238
5159 5239 5317
5160 5238 5240
5161 5241 5319
5162 5240 5242
5163 5241 5321
5242 5244 5322
5165 5243 5245 5323
5244 5246 5324
5167 5245 5247 5325
5246 5248
5169 5247 5249 5327
5248 5250
5171 5249 5329
5172 5250 5252
5173 5251 5331
5174 5252 5254 5332
5175 5253 5255 5333
5176 5254 5256 5334
5177 5257 5335
5178 5256 5258 5336
5179 5257 5259 5337
5180 5258 5260 5338
5181 5259 5261 5339
5182 5260 5262 5340
5183 5261 5263 5341
5184 5262 5264 5342
5185 5263 5343
5186 5264 5266 5344
5187 5345
5266 5268 5346
5189 5267 5269 5347
5268 5270 5348
5191 5269 5271 5349
5192 5270 5272
5193 5351
5194 5272 5274 5352
5195 5273 5353
5196 5274 5276 5354
5197 5275 5355
5198 5276 5278
5199 5277 5357
5200 5278 5280 5358
5201 5279 5281 5359
5280 5282
5203 5281 5361
5204 5282 5284
5205 5283 5285 5363
5206 5284 5286
5207 5285 5365
5208 5286 5288 5366
5209 5289 5367
5210 5288 5290 5368
5211 5289 5291 5369
5290 5292
5213 5291 5371
5214 5292 5372
5215 5373
5294 5296 5374
5217 5297 5375
5218 5296 5298
5219 5297 5299 5377
5298 5300 5378
5221 5299 5379
5222 5300 5302
5223 5381
5224 5302 5304 5382
5225 5303 5305 5383
5226 5304 5306 5384
5227 5385
5228 5306 5308 5386
5229 5307 5309 5387
5308 5310
5231 5311 5389
5232 5310 5312
5233 5313 5391
5234 5312 5314
5235 5313 5393
5314 5316 5394
5237 5315 5317 5395
5238 5316 5318 5396
5239 5317 5319 5397
5240 5318 5320 5398
5241 5319 5321 5399
5242 5320 5322
5243 5323 5401
5322 5324
5245 5325 5403
5246 5324 5326
5247 5325 5405
5248 5326 5328 5406
5249 5327 5329 5407
5328 5330 5408
5251 5329 5331 5409
5252 5330 5332
5253 5333 5411
5254 5332 5334
5255 5335 5413
5256 5334 5336
5257 5335 5337 5415
5258 5336 5338
5259 5339 5417
5338 5340 5418
5261 5339 5341 5419
5262 5340 5342 5420
5263 5341 5343 5421
5264 5342 5344 5422
5265 5343 5423
5344 5346 5424
5267 5345 5347 5425
5268 5346 5348 5426
5269 5347 5349 5427
5270 5348 5350 5428
5271 5351 5429
5272 5350 5352 5430
5273 5351 5353 5431
5352 5354
5275 5353 5355 5433
5276 5354 5356
5277 5355 5357 5435
5356 5358
5279 5359 5437
5358 5360
5281 5359 5361 5439
5282 5360 5362
5283 5441
5362 5364 5442
5285 5363 5443
5364 5366 5444
5287 5445
5288 5366 5368 5446
5289 5369 5447
5368 5370 5448
5291 5369 5449
5292 5370 5372
5293 5451
5294 5374 5452
5295 5373 5375 5453
5296 5374 5376 5454
5297 5375 5377 5455
5298 5376 5378
5299 5377 5379 5457
5300 5378 5380
5301 5459
5302 5380 5382
5303 5381 5461
5382 5384
5305 5383 5463
5306 5384 5386 5464
5307 5385 5465
5308 5386 5388 5466
5309 5467
5310 5388 5390 5468
5311 5389 5391 5469
5312 5390 5392
5313 5391 5471
5314 5392 5394
5315 5393 5473
5316 5394 5396 5474
5317 5395 5397 5475
5396 5398
5319 5397 5477
5398 5400
5321 5399 5401 5479
5322 5400 5402
5323 5401 5481
5402 5404 5482
5325 5403 5405 5483
5404 5406
5327 5485
5328 5406 5408
5329 5407 5409 5487
5330 5408 5410 5488
5331 5409 5489
5332 5410 5412
5333 5411 5491
5334 5412 5414 5492
5335 5413 5493
5336 5414 5416
5337 5415 5417 5495
5416 5418 5496
5339 5419 5497
5340 5418 5420 5498
5341 5419 5421 5499
5342 5420 5422 5500
5343 5421 5423 5501
5344 5422 5424 5502
5345 5423 5503
5424 5426 5504
5347 5505
5348 5426 5428
5349 5427 5429 5507
5350 5428 5430 5508
5351 5429 5431 5509
5352 5430 5432 5510
5353 5431 5511
5432 5434 5512
5355 5433 5435 5513
5434 5436 5514
5357 5437 5515
5358 5436 5438 5516
5359 5439 5517
5360 5438 5440 5518
5361 5439 5519
5362 5440 5442 5520
5363 5441 5443 5521
5364 5442 5444
5365 5443 5445 5523
5366 5444 5446
5367 5445 5447 5525
5368 5446 5448
5369 5447 5449 5527
5448 5450
5371 5451 5529
5372 5450 5530
5373 5531
5452 5454 5532
5375 5453 5455 5533
5376 5454 5456 5534
5377 5455 5457 5535
5378 5456 5458 5536
5379 5457 5459 5537
5458 5460
5381 5461 5539
5382 5460 5462
5383 5461 5463 5541
5462 5464 5542
5385 5463 5543
5464 5466 5544
5387 5467 5545
5388 5466 5468
5389 5467 5469 5547
5390 5468 5470 5548
5391 5471 5549
5392 5470 5472 5550
5393 5471 5473 5551
5394 5472 5474
5395 5473 5553
5474 5476
5397 5477 5555
5476 5478
5399 5477 5557
5478 5480 5558
5401 5479 5481 5559
5402 5480 5482
5403 5481 5561
5482 5484
5405 5483 5563
5484 5486
5407 5485 5487 5565
5408 5486 5488 5566
5409 5487 5489 5567
5410 5488 5490
5411 5489 5491 5569
5490 5492 5570
5413 5491 5493 5571
5492 5494 5572
5415 5493 5495 5573
5416 5494 5496
5417 5575
5418 5496 5498 5576
5419 5497 5577
5498 5500 5578
5421 5499 5501 5579
5422 5500 5502 5580
5423 5501 5503 5581
5502 5504
5425 5503 5505 5583
5504 5506 5584
5427 5505 5507 5585
5428 5506 5508 5586
5429 5507 5587
5430 5508 5510 5588
5431 5509 5511 5589
5510 5512 5590
5433 5511 5513 5591
5434 5512 5514
5435 5513 5593
5436 5514 5516 5594
5437 5515 5595
5438 5516 5518
5439 5517 5597
5440 5518 5520
5441 5519 5521 5599
5442 5520 5522 5600
5443 5523 5601
5444 5522 5524 5602
5445 5523 5525 5603
5446 5524 5526 5604
5447 5605
5448 5526 5528 5606
5449 5529 5607
5450 5528 5530 5608
5451 5529 5609
5532
5453 5531 5533 5611
5454 5532 5534 5612
5455 5533 5535 5613
5456 5534 5536
5457 5535 5537 5615
5458 5536 5538
5459 5617
5460 5538 5540
5461 5539 5541 5619
5462 5540 5542 5620
5463 5621
5464 5542 5544 5622
5465 5543 5623
5544 5546 5624
5467 5545 5547 5625
5546 5548
5469 5547 5627
5470 5548 5550 5628
5471 5629
5472 5550 5552 5630
5473 5551 5553 5631
5552 5554 5632
5475 5553 5555 5633
5476 5554 5556
5477 5635
5478 5556 5558
5479 5557 5559 5637
5480 5558 5560 5638
5481 5559 5639
5560 5562 5640
5483 5641
5562 5564
5485 5563 5643
5486 5564 5566 5644
5487 5645
5488 5566 5568
5489 5647
5568 5570 5648
5491 5569 5571 5649
5570 5572
5493 5571 5573 5651
5494 5572 5574 5652
5495 5575 5653
5496 5574 5576 5654
5497 5575 5577 5655
5498 5576 5578 5656
5499 5577 5579 5657
5500 5578 5580
5501 5579 5581 5659
5580 5582 5660
5503 5581 5583 5661
5504 5582 5584 5662
5505 5583 5585 5663
5506 5584 5586 5664
5507 5587 5665
5508 5586 5588 5666
5509 5587 5589 5667
5588 5590 5668
5511 5589 5669
5512 5590 5592
5513 5591 5593 5671
5514 5592 5594 5672
5515 5593 5595 5673
5516 5594 5596
5517 5597 5675
5518 5596 5598 5676
5519 5599 5677
5520 5598 5600 5678
5521 5599 5601 5679
5600 5602
5523 5601 5681
5602 5604 5682
5525 5683
5526 5604 5606 5684
5527 5605 5607 5685
5606 5608 5686
5529 5609 5687
5530 5608 5688
5531 5689
5610 5612 5690
5533 5611 5691
5534 5612 5614
5535 5615 5693
5536 5614 5616 5694
5537 5615 5695
5538 5616 5618
5539 5619 5697
5540 5618 5620 5698
5541 5619 5621 5699
5542 5620 5622
5543 5621 5701
5544 5622 5624
5545 5623 5625 5703
5624 5626
5547 5625 5627 5705
5626 5628 5706
5549 5627 5629 5707
5550 5628 5630 5708
5551 5629 5631 5709
5552 5630 5632 5710
5553 5633 5711
5554 5632 5634
5555 5633 5635 5713
5634 5636 5714
5557 5635 5637 5715
5636 5638 5716
5559 5639 5717
5638 5640 5718
5561 5641 5719
5562 5640 5642 5720
5563 5641 5643 5721
5564 5642 5644
5565 5645 5723
5644 5646
5567 5645 5647 5725
5646 5648 5726
5569 5649 5727
5570 5648 5650 5728
5571 5651 5729
5572 5650 5652 5730
5573 5651 5653 5731
5652 5654
5575 5653 5655 5733
5576 5654 5656 5734
5577 5655 5657 5735
5656 5658 5736
5579 5657 5659 5737
5580 5658 5660 5738
5581 5739
5660 5662
5583 5661 5663 5741
5584 5662 5664 5742
5585 5663 5665 5743
5664 5666
5587 5745
5666 5668 5746
5589 5667 5669 5747
5590 5668 5670
5591 5669 5749
5592 5670 5672 5750
5593 5673 5751
5594 5672 5674 5752
5595 5673 5753
5596 5674 5676 5754
5597 5675 5677 5755
5598 5676 5678 5756
5599 5679 5757
5678 5680
5601 5679 5681 5759
5680 5682
5603 5681 5683 5761
5604 5682 5684 5762
5605 5683 5685 5763
5684 5686
5607 5685 5765
5686 5688 5766
5609 5687 5767
5610 5690 5768
5611 5689 5691 5769
5612 5690 5692
5613 5691 5693 5771
5614 5692 5694 5772
5615 5693 5695 5773
5694 5696 5774
5617 5697 5775
5696 5698
5619 5697 5699 5777
5698 5700
5621 5699 5701 5779
5622 5700 5702
5623 5703 5781
5624 5702 5704
5625 5703 5705 5783
5626 5704 5706 5784
5627 5705 5707 5785
5706 5708 5786
5629 5707 5709 5787
5630 5708 5710
5631 5711 5789
5632 5710 5712 5790
5633 5711 5791
5634 5712 5714 5792
5635 5713 5793
5636 5714 5716
5637 5717 5795
5638 5716 5718 5796
5639 5797
5640 5718 5720 5798
5641 5719 5721 5799
5720 5722
5643 5801
5644 5722 5724 5802
5645 5723 5803
5724 5726 5804
5647 5725 5805
5648 5726 5728
5649 5729 5807
5728 5730 5808
5651 5731 5809
5652 5730 5732 5810
5653 5731 5811
5654 5732 5734 5812
5655 5735 5813
5656 5734 5736 5814
5657 5737 5815
5736 5738 5816
5659 5737 5739 5817
5660 5738 5740 5818
5661 5739 5741 5819
5740 5742 5820
5663 5741 5821
5664 5742 5744 5822
5665 5823
5744 5746 5824
5667 5745 5747 5825
5668 5746 5748 5826
5669 5749 5827
5670 5748 5750
5671 5749 5829
5672 5750 5752 5830
5673 5751 5753 5831
5674 5752 5754 5832
5675 5753 5755 5833
5676 5754 5756 5834
5677 5755 5835
5678 5756 5758
5679 5837
5680 5758 5760
5681 5759 5761 5839
5682 5760 5762 5840
5683 5761 5763 5841
5684 5762 5764 5842
5685 5763 5765 5843
5686 5764 5766 5844
5687 5765 5845
5766 5846
5689 5769 5847
5768 5770 5848
5691 5849
5770 5772 5850
5693 5771 5851
5694 5772 5774 5852
5695 5773 5775 5853
5696 5774 5776 5854
5697 5775 5777 5855
5698 5776 5778
5699 5779 5857
5700 5778 5780 5858
5701 5859
5702 5780 5782 5860
5703 5781 5783 5861
5704 5782 5784 5862
5705 5783 5785 5863
5706 5784 5786 5864
5707 5785 5865
5786 5788 5866
5709 5787 5789 5867
5710 5788 5790 5868
5711 5789 5869
5790 5792
5713 5791 5871
5714 5792 5794 5872
5715 5795 5873
5794 5796
5717 5795 5875
5718 5796 5798
5719 5877
5720 5798 5800
5721 5799 5801 5879
5722 5800 5802
5723 5803 5881
5802 5804 5882
5725 5805 5883
5726 5804 5806 5884
5727 5807 5885
5728 5806 5808
5729 5807 5887
5730 5808 5810 5888
5731 5809 5811 5889
5732 5810 5812 5890
5733 5891
5734 5812 5814 5892
5735 5813 5815 5893
5814 5816 5894
5737 5895
5816 5818 5896
5739 5897
5818 5820 5898
5741 5819 5899
5742 5820 5822 5900
5743 5901
5744 5822 5824 5902
5745 5825 5903
5746 5824 5826
5747 5825 5827 5905
5748 5826 5828
5749 5827 5907
5750 5828 5830 5908
5751 5829 5831 5909
5752 5830 5832 5910
5753 5833 5911
5754 5832 5834 5912
5755 5833 5835 5913
5756 5834 5836 5914
5757 5835 5837 5915
5836 5838
5759 5917
5838 5840 5918
5761 5841 5919
5840 5842
5763 5921
5764 5842 5844
5765 5845 5923
5766 5844 5846
5767 5845 5925
5768 5848
5769 5847 5849 5927
5770 5848 5850 5928
5771 5849 5851 5929
5772 5850 5852 5930
5773 5851 5853 5931
5774 5852 5854 5932
5775 5855 5933
5854 5856 5934
5777 5855 5857 5935
5856 5858 5936
5779 5859 5937
5858 5860
5781 5939
5782 5860 5862
5783 5861 5863 5941
5862 5864 5942
5785 5943
5786 5864 5866 5944
5787 5865 5867 5945
5788 5866 5868 5946
5789 5869 5947
5790 5868 5870 5948
5791 5869 5949
5792 5870 5872
5793 5873 5951
5794 5872 5874 5952
5795 5873 5875 5953
5796 5874 5876 5954
5797 5877 5955
5798 5876 5878 5956
5799 5877 5879 5957
5878 5880 5958
5801 5959
5880 5882
5803 5881 5961
5882 5884
5805 5883 5963
5884 5886 5964
5807 5885 5887 5965
5886 5888
5809 5889 5967
5888 5890
5811 5889 5891 5969
5812 5890 5892 5970
5813 5891 5971
5892 5894
5815 5895 5973
5894 5896 5974
5817 5897 5975
5818 5896 5898 5976
5819 5897 5899 5977
5820 5898 5900
5821 5899 5979
5900 5902
5823 5901 5903 5981
5824 5902 5904 5982
5825 5905 5983
5826 5904 5906 5984
5827 5905 5907 5985
5828 5906 5908
5829 5909 5987
5908 5910 5988
5831 5909 5911 5989
5832 5910 5912 5990
5833 5911 5991
5834 5912 5914
5835 5915 5993
5836 5914 5916
5837 5917 5995
5838 5916 5918
5839 5917 5919 5997
5840 5918 5920
5841 5921 5999
5920 5922 6000
5843 5923 6001
5844 5922 5924
5845 5923 5925 6003
5846 5924 6004
5847 5927 6005
5926 5928
5849 5929 6007
5850 5928 5930 6008
5851 5929 5931 6009
5852 5930 5932
5853 5931 6011
5854 5932 5934 6012
5855 5935 6013
5934 5936 6014
5857 5935 5937 6015
5936 5938 6016
5859 5937 5939 6017
5938 5940 6018
5861 5941 6019
5862 5940 5942 6020
5863 5941 5943 6021
5942 5944 6022
5865 5943 6023
5944 5946
5867 5945 6025
5868 5946 5948 6026
5869 5947 5949 6027
5870 5948 5950
5871 5949 5951 6029
5872 5950 5952 6030
5873 5951 6031
5874 5952 5954 6032
5875 5955 6033
5954 5956
5877 5955 6035
5878 5956 5958 6036
5879 5957 5959 6037
5880 5958 5960 6038
5881 5959 5961 6039
5960 5962 6040
5883 5963 6041
5884 5962 5964 6042
5885 5963 6043
5886 5964 5966
5887 5965 6045
5888 5966 5968 6046
5889 5967 6047
5890 5968 5970 6048
5891 5969 5971 6049
5892 5970 5972 6050
5893 5971 5973 6051
5972 5974 6052
5895 6053
5896 5974 5976 6054
5897 6055
5898 5976 5978
5899 5977 6057
5978 5980 6058
5901 5979 6059
5902 5980 5982
5903 5981 5983 6061
5904 5982 5984 6062
5905 5983 6063
5906 5984 5986 6064
5907 5985 6065
5986 5988 6066
5909 5987 5989 6067
5910 5988 5990
5911 5989 5991 6069
5912 5990 5992
5913 5991 5993 6071
5914 5992 5994 6072
5915 5993 5995 6073
5994 5996 6074
5917 5995 5997 6075
5996 5998
5919 5997 5999 6077
5920 5998 6000 6078
5921 5999 6001 6079
5922 6000 6002 6080
5923 6001 6003 6081
5924 6002 6004
5925 6003 6083
5926 6006 6084
5927 6005 6085
5928 6006 6008 6086
5929 6007 6009 6087
6008 6010 6088
5931 6009 6011 6089
5932 6010 6012
5933 6013 6091
5934 6012 6014
5935 6013 6093
5936 6014 6016
5937 6095
6016 6018 6096
5939 6019 6097
6018 6020 6098
5941 6019 6021 6099
5942 6020 6022 6100
5943 6023 6101
5944 6022 6024 6102
5945 6023 6025 6103
6024 6026 6104
5947 6025 6027 6105
6026 6028 6106
5949 6029 6107
5950 6028 6030 6108
5951 6109
6030 6032 6110
5953 6033 6111
6032 6034
5955 6033 6035 6113
5956 6034 6036 6114
5957 6035 6037 6115
5958 6036 6038
5959 6037 6039 6117
6038 6040
5961 6041 6119
6040 6042 6120
5963 6041 6043 6121
6042 6044 6122
5965 6043 6045 6123
5966 6044 6046
5967 6045 6125
5968 6046 6048 6126
5969 6049 6127
6048 6050 6128
5971 6051 6129
5972 6050 6052
5973 6131
5974 6052 6054 6132
5975 6055 6133
5976 6054 6056
5977 6055 6057 6135
5978 6056 6058
5979 6059 6137
5980 6058 6060
5981 6061 6139
5982 6060 6062
5983 6063 6141
6062 6064 6142
5985 6063 6065 6143
5986 6064 6066
5987 6145
5988 6066 6068 6146
5989 6067 6147
6068 6070 6148
5991 6069 6149
6070 6072
5993 6073 6151
6072 6074 6152
5995 6073 6153
5996 6074 6076
5997 6075 6155
5998 6076 6078 6156
5999 6077 6079 6157
6000 6078 6080 6158
6001 6079 6159
6002 6080 6082 6160
6003 6083 6161
6082
6005 6163
6084 6086
6007 6165
6086 6088 6166
6009 6089 6167
6088 6090 6168
6011 6091 6169
6012 6090 6092 6170
6013 6091 6171
6014 6092 6094
6015 6173
6016 6094 6096 6174
6017 6097 6175
6096 6098 6176
6019 6097 6177
6020 6098 6100
6021 6099 6101 6179
6022 6100 6102
6023 6103 6181
6102 6104 6182
6025 6103 6105 6183
6104 6106 6184
6027 6107 6185
6028 6106 6108
6029 6187
6108 6110
6031 6109 6111 6189
6032 6110 6112
6033 6111 6191
6112 6114
6035 6115 6193
6114 6116
6037 6117 6195
6038 6116 6118 6196
6039 6119 6197
6040 6118 6120 6198
6041 6119 6199
6042 6120 6122 6200
6043 6121 6123 6201
6044 6122 6124 6202
6045 6125 6203
6124 6126 6204
6047 6127 6205
6126 6128 6206
6049 6129 6207
6128 6130 6208
6051 6129 6131 6209
6130 6132
6053 6131 6211
6054 6132 6134
6055 6135 6213
6056 6134 6136 6214
6057 6137 6215
6058 6136 6138 6216
6059 6137 6217
6060 6138 6140 6218
6061 6141 6219
6062 6140 6142 6220
6063 6143 6221
6064 6142 6144
6065 6143 6223
6066 6144 6146 6224
6067 6147 6225
6068 6146 6148 6226
6069 6147 6149 6227
6148 6150 6228
6071 6151 6229
6072 6150 6152 6230
6073 6153 6231
6152 6154 6232
6075 6155 6233
6154 6156 6234
6077 6155 6235
6078 6156 6158 6236
6079 6157 6159 6237
6158 6160 6238
6081 6239
6082 6160 6162 6240
6083 6161 6241
6164
6085 6163 6165
6086 6164 6166
6087 6165 6167
6088 6166 6168
6089 6169
6090 6168 6170
6091 6171
6170 6172
6093 6171 6173
6094 6172 6174
6095 6173 6175
6096 6174 6176
6097 6175 6177
6098 6176 6178
6099 6179
6178 6180
6101 6181
6102 6180 6182
6103 6181 6183
6182 6184
6105 6185
6106 6184 6186
6107
6108 6186 6188
6109 6187
6110 6188 6190
6111 6189 6191
6112 6190 6192
6113 6191 6193
6192 6194
6115 6195
6116 6194 6196
6117 6195
6118 6196 6198
6119 6197
6120 6198 6200
6121 6199 6201
6122 6200 6202
6123 6201
6124 6202 6204
6125 6203 6205
6204 6206
6127 6205 6207
6128 6206 6208
6129 6209
6208 6210
6131
6132 6210 6212
6133 6211 6213
6212 6214
6135 6213
6136 6214 6216
6137 6215 6217
6138 6216 6218
6139 6217 6219
6140 6218 6220
6141 6219 6221
6142 6220 6222
6143 6223
6222 6224
6145 6225
6224 6226
6147
6148 6226 6228
6149 6227 6229
6228 6230
6151 6231
6152 6230 6232
6153
6154 6232 6234
6155 6233 6235
6156 6234 6236
6157 6237
6236 6238
6159 6237 6239
6238 6240
6161 6241
6162 6240
