6241 19706 0
2 80
1 81
2 4 82
3 5 83
4 6 84
5 7 85
6 8
7 9 87
8 10 88
9 11 89
10 12 90
13 91
12 14
13 15 93
14 16
15 17 95
16 18 96
19 97
18 20 98
19 21 99
20 22 100
23 101
22 24 102
23 25 103
24 26 104
25 27 105
26 28 106
27 29 107
28 30
31 109
30 32
111
32 34
33 35 113
34 36
35 37 115
36 38 116
39 117
38 40
119
40 42
41 121
42 44 122
43 45 123
44 46 124
47 125
46 48 126
49 127
48 50 128
49 129
50 52
131
52 54 132
55 133
54 56
55 57 135
56 58 136
137
58 60 138
61 139
60 62
61 141
62 64 142
65 143
64 66
145
66 68 146
69 147
68 70 148
149
70 72 150
71 73 151
72 74 152
153
74 76
77 155
76 78 156
77 79 157
78 158
1 81 159
80 82 160
3 81 83 161
4 82 84 162
5 85 163
84 86 164
7 87 165
86 88 166
9 87 167
88 90
11 91 169
12 90 92 170
13 93 171
14 92 94
15 95 173
94 96
17 175
18 96 98
19 97 99 177
98 100 178
21 101 179
100 102 180
23 101 181
24 102 104
25 105 183
26 104 106 184
27 107 185
106 108
29 109 187
30 108 110 188
31 111 189
32 110 112
33 113 191
112 114 192
35 115 193
114 116
37 115 117 195
38 116 118
39 119 197
40 118 120 198
41 119 121 199
42 120 122 200
43 121 201
122 124 202
45 123 203
46 124 126 204
47 205
48 126 128 206
49 127 207
128 130 208
51 209
52 130 132 210
53 131 133 211
54 132 134 212
55 133 213
56 134 136 214
57 135 137 215
58 136 138 216
59 217
60 138 140
61 139 141 219
62 140 142
63 141 143 221
142 144
65 223
66 144 146 224
67 145 225
146 148
69 227
148 150 228
71 149 151 229
150 152
73 151 231
74 152 154
75 153 233
76 154 156
77 157 235
156 158 236
79 157 237
80 160 238
81 159 239
160 162
83 163 241
84 162 164
85 243
86 164 166 244
87 245
166 168
89 167 169 247
90 168 170 248
91 249
170 172
93 173 251
172 174
95 173 253
96 174 176
97 175 177 255
176 178 256
99 177 179 257
178 180 258
101 181 259
102 180 182 260
103 181 261
182 184 262
105 183 185 263
106 184 186 264
107 185 187 265
108 186 188 266
109 189 267
110 188 190
111 191 269
112 190 192
113 191 271
114 192 194
115 193 195 273
116 194 196 274
117 195 275
118 196 198 276
119 197 199 277
120 198 200 278
121 199 279
200 202 280
123 281
202 204 282
125 203 283
204 206
127 207 285
206 208 286
129 207 287
130 208 210 288
131 211 289
210 212 290
133 211 213 291
212 214
135 213 215 293
136 214 216
137 217 295
138 216 218 296
139 217 297
140 218 220 298
141 219 221 299
220 222 300
143 301
144 222 224 302
145 303
224 226 304
147 225 227 305
148 226 228 306
149 227 307
228 230
151 229 231 309
152 230 232 310
153 231 233 311
154 232 234
155 235 313
156 234 236 314
157 235 315
236
159 317
238 240
161 239 319
240 242 320
163 243 321
164 242 244 322
165 323
166 244 246
167 245 247 325
168 246 248 326
169 327
248 250 328
171 251 329
172 250 252 330
173 251 253 331
174 252 254
175 253 255 333
176 254 256
177 257 335
256 258
179 259 337
258 260 338
181 259 339
260 262 340
183 261 263 341
262 264 342
185 263 343
186 264 266 344
187 267 345
188 266 268
189 269 347
268 270
191 269 271 349
192 270 272 350
193 271 273 351
194 272 274 352
195 273 353
274 276 354
197 275 355
198 276 278 356
199 277 279 357
200 278 280 358
201 359
202 280 282
203 361
204 282 284 362
205 283 285 363
206 284 286
207 287 365
208 286 288 366
209 287 289 367
288 290
211 369
290 292 370
213 293 371
292 294
215 293 295 373
294 296
217 295 297 375
218 296 298 376
219 377
220 298 300 378
221 299 301 379
300 302 380
223 303 381
302 304
225 305 383
304 306 384
227 305 307 385
306 308 386
229 307 387
308 310
231 309 389
310 312
233 311 313 391
234 312 314 392
235 313 393
236 314 316 394
237 395
238 318
239 317 319 397
240 318 320
241 319 321 399
320 322
243 321 323 401
322 324 402
245 323 403
246 324 326 404
247 405
248 326 328
249 329 407
328 330 408
251 329 331 409
252 330 332
253 331 411
254 332 334
255 333 413
256 334 336 414
257 335 337 415
258 336 338 416
259 337 339 417
260 338 340 418
261 339 341 419
262 340 342 420
263 421
342 344
265 343 423
344 346 424
267 345 347 425
268 346 348 426
269 349 427
348 350 428
271 349 351 429
272 350 352
273 431
352 354 432
275 433
354 356 434
277 355 357 435
356 358 436
279 359 437
358 360
281 359 361 439
282 360 362 440
283 363 441
284 362 364 442
285 363 443
364 366
287 367 445
288 366 368
289 367 369 447
290 368 370
291 369 449
292 370 372
293 371 451
294 372 374 452
295 373 453
374 376 454
297 455
376 378 456
299 377 379 457
378 380
301 381 459
302 380 382 460
303 383 461
382 384
305 463
306 384 386
307 385 387 465
386 388
309 387 389 467
310 388 390 468
311 389 391 469
390 392
313 393 471
392 394 472
315 473
394 474
317 397 475
318 396 398 476
319 399 477
320 398 400 478
321 399 401 479
322 400 402 480
323 403 481
324 402 404 482
325 403 405 483
326 404 406 484
327 405 485
406 408 486
329 409 487
408 410
331 409 411 489
332 410 412 490
333 411 413 491
334 412 414
335 413 415 493
414 416 494
337 415 495
416 418 496
339 417 497
340 418 420 498
341 419 421 499
342 420 422 500
343 421 423 501
344 422 424
345 425 503
346 424 426 504
347 425 505
348 426 428 506
349 427 429 507
350 428 430 508
351 429 509
352 430 432
353 431 433 511
432 434 512
355 433 513
356 434 436 514
357 437 515
436 438 516
359 437 439 517
438 440 518
361 439 441 519
440 442 520
363 443 521
364 442 444 522
365 443 445 523
444 446 524
367 445 447 525
368 446 448 526
369 447 449 527
370 448 450
371 449 451 529
372 450 452 530
373 451 453 531
374 452 454 532
375 453 533
376 454 456 534
377 455 457 535
378 456 458 536
379 457 537
380 458 460 538
381 539
382 460 462 540
383 463 541
462 464
385 463 465 543
386 464 466 544
387 465 467 545
388 466 468 546
389 467 469 547
468 470 548
391 471 549
392 470 472 550
393 471 473 551
394 472 474 552
395 553
396 476 554
397 475 555
398 476 478 556
399 477 479 557
478 480
401 481 559
402 480 482
403 561
404 482 484 562
405 483 563
484 486
407 487 565
486 488
409 489 567
488 490
411 491 569
412 490 492
413 491 571
414 492 494 572
415 573
494 496
417 495 497 575
418 496 498
419 497 499 577
420 498 500 578
421 501 579
500 502 580
423 501 581
424 502 504
425 505 583
504 506
427 505 585
428 506 508 586
429 509 587
430 508 510
431 509 511 589
432 510 512
433 591
512 514
435 513 515 593
436 514 516 594
437 515 517 595
438 516 518 596
439 517 519 597
518 520
441 599
442 520 522
443 521 523 601
444 522 524 602
445 523 525 603
524 526 604
447 525 527 605
526 528 606
449 527 529 607
450 528 530 608
451 529 531 609
452 530 532 610
453 531 533 611
532 534
455 533 535 613
456 534 536 614
457 535 615
536 538 616
459 539 617
460 538 540
461 541 619
462 540 542 620
463 621
464 542 544 622
465 543 545 623
544 546 624
467 545 547 625
468 546 548 626
469 547 627
470 548 550
471 549 551 629
550 552 630
473 553 631
474 552 632
475 555 633
554 556 634
477 555 557 635
478 556 558
479 557 637
558 560 638
481 559 561 639
482 560 562 640
483 561 641
484 562 564 642
485 643
486 564 566 644
487 645
566 568
489 567 647
568 570 648
491 569 649
492 570 572
493 571 573 651
494 572 574
495 575 653
496 574 576 654
497 575 655
576 578 656
499 577 579 657
578 580 658
501 581 659
580 582
503 581 661
582 584 662
505 583 663
584 586 664
507 665
508 586 588
509 589 667
588 590
511 591 669
512 590 592
513 591 593 671
592 594
515 593 673
516 594 596 674
517 595 675
518 596 598 676
519 599 677
598 600 678
521 601 679
522 600 602
523 681
602 604
525 605 683
604 606 684
527 605 607 685
528 606 608
529 607 609 687
530 608 610
531 609 611 689
532 610 612 690
533 613 691
534 612 614 692
535 613 693
536 614 616
537 615 695
538 616 618 696
539 619 697
540 618 620
541 619 621 699
620 622 700
543 621 623 701
544 622 624
545 623 625 703
624 626 704
547 625 627 705
548 626 628
549 627 707
628 630
551 709
552 630 632
553 711
554 634 712
555 713
556 634 636 714
557 635 637 715
558 636 638
559 717
560 638 640 718
561 639 641 719
640 642 720
563 643 721
564 642 644 722
565 643 723
566 644 646
567 645 647 725
568 646 648 726
569 649 727
570 648 650 728
571 649 651 729
650 652 730
573 653 731
574 652 654 732
575 733
576 654 656 734
577 657 735
578 656 658 736
579 659 737
580 658 660 738
581 739
582 660 662 740
583 661 741
584 662 664 742
585 663 743
664 666
587 665 667 745
666 668
589 667 669 747
590 668 670
591 669 749
592 670 672 750
593 751
594 672 674 752
595 673 753
596 674 676 754
597 675 755
598 676 678 756
599 757
678 680
601 681 759
602 680 682 760
603 761
604 682 684 762
605 683 685 763
684 686 764
607 687 765
686 688 766
609 689 767
610 688 690 768
611 689 769
612 690 692 770
613 691 693 771
614 692 694 772
615 693 695 773
616 694 696 774
617 695 697 775
696 698 776
619 777
620 698 700 778
621 701 779
700 702
623 701 781
624 702 704
625 703 783
626 704 706
627 785
628 706 708 786
629 707 709 787
708 710 788
631 711 789
710 790
633 791
634 712 714 792
635 713 793
714 716
637 795
638 716 718
639 717 797
640 718 720
641 799
642 720 722 800
643 801
722 724 802
645 723 803
646 724 726 804
647 805
648 726 728
649 729 807
650 728 730 808
651 729 731 809
652 730 732 810
653 731 733 811
654 732 734 812
655 733 735 813
656 734 736 814
657 735 737 815
736 738 816
659 737 817
660 738 740 818
661 819
662 740 742 820
663 741 821
664 742 744
665 743 745 823
744 746
667 745 747 825
746 748 826
669 749 827
748 750 828
671 749 751 829
672 750 752 830
673 753 831
752 754
675 753 755 833
754 756
677 755 757 835
678 756 758
679 757 837
758 760 838
681 759 839
760 762 840
683 761 841
684 762 764 842
685 763 843
686 764 766
687 845
688 766 768 846
689 767 847
768 770
691 771 849
770 772 850
693 773 851
772 774 852
695 773 775 853
774 776 854
697 777 855
776 778 856
699 857
778 780 858
701 779 859
702 780 782 860
703 781 783 861
704 782 784 862
705 783 785 863
706 784 786 864
707 785 787 865
708 786 788
709 789 867
710 788 790 868
711 789 869
712 792 870
713 793 871
792 794 872
715 873
794 796 874
717 797 875
718 796 798 876
719 797 877
720 798 800
721 879
722 800 802 880
723 801 881
724 802 804 882
725 805 883
804 806 884
727 885
728 806 808 886
729 807 887
808 810
731 811 889
732 810 812
733 891
734 812 814
735 815 893
736 814 816 894
737 895
816 818
739 819 897
740 818 820 898
741 899
742 820 822
743 821 823 901
822 824
745 823 825 903
746 824 826 904
747 827 905
826 828 906
749 827 829 907
750 828 830 908
751 829 831 909
752 830 832 910
753 831 833 911
754 832 834 912
755 833 913
834 836 914
757 835 915
758 836 838 916
759 837 839 917
838 840 918
761 839 919
762 840 842 920
763 843 921
764 842 844
765 843 845 923
766 844 846 924
767 925
768 846 848
769 847 849 927
770 848 850 928
771 849 851 929
850 852 930
773 931
774 852 854
775 853 855 933
854 856
777 855 857 935
856 858 936
779 857 859 937
858 860 938
781 859 939
782 860 862 940
783 863 941
862 864
785 943
864 866
787 865 867 945
866 868
789 869 947
790 868 948
791 949
870 872 950
793 873 951
872 874 952
795 953
874 876
797 875 877 955
798 876 878 956
799 879 957
878 880
801 879 959
880 882
803 883 961
882 884
805 885 963
884 886 964
807 887 965
808 886 888
809 887 889 967
888 890
811 889 969
812 890 892
813 971
814 892 894 972
815 895 973
816 894 896 974
817 895 975
896 898
819 897 899 977
820 898 900 978
821 899 979
900 902
823 981
902 904 982
825 905 983
826 904 906 984
827 985
906 908
829 987
830 908 910
831 911 989
910 912
833 911 913 991
834 912 914 992
835 915 993
914 916
837 995
838 916 918
839 997
918 920 998
841 919 921 999
842 920 922
843 1001
844 922 924 1002
845 923 1003
846 924 926 1004
847 925 1005
926 928
849 927 929 1007
850 928 930 1008
851 929 931 1009
852 930 932 1010
853 933 1011
854 932 934 1012
855 933 1013
934 936 1014
857 935 937 1015
936 938
859 937 939 1017
938 940 1018
861 939 941 1019
940 942
863 1021
942 944
865 943 1023
866 944 946 1024
867 945 947 1025
868 946 948
869 1027
870 950 1028
871 951 1029
950 952 1030
873 951 1031
874 952 954 1032
875 953 955 1033
876 954 956 1034
877 955 1035
878 956 958 1036
879 957 959 1037
880 958 960 1038
881 959 961 1039
882 960 962 1040
883 961 1041
884 962 964 1042
885 1043
886 964 966 1044
887 1045
966 968 1046
889 967 1047
890 968 970 1048
891 969 1049
892 970 972 1050
893 973 1051
894 972 974 1052
895 1053
896 974 976 1054
897 977 1055
898 976 978 1056
899 977 1057
978 980
901 979 1059
902 980 982 1060
903 983 1061
982 984 1062
905 983 1063
984 986 1064
907 987 1065
986 988 1066
909 987 1067
988 990
911 991 1069
990 992
913 991 993 1071
992 994 1072
915 1073
916 994 996
917 995 997 1075
918 996 998 1076
919 997 999 1077
998 1000 1078
921 999 1079
922 1000 1002 1080
923 1003 1081
924 1002 1004
925 1083
926 1004 1006 1084
927 1005 1007 1085
928 1006 1008 1086
929 1007 1087
1008 1010
931 1009 1011 1089
932 1010 1012 1090
933 1011 1013 1091
1012 1014
935 1015 1093
1014 1016 1094
937 1015 1017 1095
1016 1018 1096
939 1017 1019 1097
940 1018 1020 1098
941 1019 1021 1099
1020 1022 1100
943 1021 1023 1101
944 1022 1024
945 1023 1103
946 1024 1026 1104
947 1025 1027 1105
948 1026 1106
949 1107
950 1028 1030 1108
951 1029 1031 1109
952 1030 1032 1110
953 1031 1111
954 1032 1034 1112
955 1035 1113
956 1034 1036 1114
957 1037 1115
958 1036 1038
959 1037 1117
1038 1040 1118
961 1119
962 1040 1042
963 1041 1043 1121
1042 1044 1122
965 1045 1123
966 1044 1046 1124
967 1045 1047 1125
1046 1048
969 1049 1127
970 1048 1050
971 1051 1129
1050 1052
973 1051 1053 1131
974 1052 1054 1132
975 1053 1055 1133
1054 1056
977 1057 1135
978 1056 1058
979 1057 1059 1137
980 1058 1060
981 1059 1061 1139
982 1060 1062 1140
983 1063 1141
1062 1064 1142
985 1063 1143
986 1064 1066 1144
987 1067 1145
1066 1068 1146
989 1067 1069 1147
990 1068 1070 1148
991 1071 1149
1070 1072 1150
993 1071 1151
994 1072 1074
995 1073 1153
996 1074 1076
997 1075 1155
998 1076 1078 1156
999 1077 1157
1000 1078 1080 1158
1001 1159
1080 1082
1003 1081 1161
1004 1082 1084
1005 1085 1163
1006 1084 1086 1164
1007 1085 1087 1165
1008 1086 1088
1009 1087 1167
1088 1090 1168
1011 1089 1091 1169
1090 1092
1013 1091 1093 1171
1092 1094 1172
1015 1093 1095 1173
1016 1094 1096
1017 1097 1175
1096 1098 1176
1019 1097 1177
1020 1098 1100 1178
1021 1101 1179
1022 1100 1102 1180
1023 1101 1181
1024 1102 1104 1182
1025 1103 1105 1183
1026 1104 1106 1184
1027 1105 1185
1028 1108 1186
1029 1109 1187
1030 1108 1110 1188
1031 1109 1189
1032 1110 1112 1190
1033 1111 1113 1191
1112 1114
1035 1113 1115 1193
1036 1114 1116 1194
1037 1117 1195
1038 1116 1118
1039 1119 1197
1040 1118 1120 1198
1041 1119 1121 1199
1120 1122 1200
1043 1121 1201
1044 1122 1124 1202
1045 1125 1203
1046 1124 1126
1047 1127 1205
1048 1126 1128 1206
1049 1207
1050 1128 1130
1051 1129 1131 1209
1130 1132
1053 1131 1133 1211
1054 1132 1134 1212
1055 1133 1213
1134 1136
1057 1135 1137 1215
1058 1136 1138
1059 1217
1138 1140 1218
1061 1139 1219
1062 1140 1142 1220
1063 1221
1142 1144
1065 1143 1145 1223
1066 1144 1146 1224
1067 1145 1225
1146 1148
1069 1149 1227
1148 1150 1228
1071 1151 1229
1150 1152
1073 1231
1152 1154 1232
1075 1153 1155 1233
1154 1156
1077 1155 1235
1156 1158 1236
1079 1157 1237
1080 1158 1160
1081 1159 1161 1239
1082 1160 1162 1240
1083 1161 1163 1241
1084 1162 1164 1242
1085 1163 1165 1243
1086 1164 1166 1244
1087 1167 1245
1166 1168
1089 1169 1247
1168 1170
1091 1169 1171 1249
1092 1170 1172 1250
1093 1171 1251
1094 1172 1174
1095 1173 1175 1253
1096 1174 1176 1254
1097 1175 1255
1176 1178 1256
1099 1177 1257
1100 1178 1180 1258
1101 1181 1259
1180 1182
1103 1181 1261
1104 1182 1184 1262
1105 1183 1185 1263
1106 1184
1107 1187 1265
1186 1188 1266
1109 1267
1110 1188 1190
1111 1189 1191 1269
1112 1190 1192 1270
1113 1191 1193 1271
1114 1192 1194 1272
1115 1273
1116 1194 1196 1274
1117 1195 1197 1275
1196 1198 1276
1119 1197 1277
1198 1200 1278
1121 1199 1201 1279
1200 1202 1280
1123 1201 1203 1281
1202 1204
1125 1205 1283
1126 1204 1206 1284
1127 1205 1285
1128 1206 1208 1286
1129 1207 1287
1130 1208 1210 1288
1131 1209 1289
1132 1210 1212 1290
1133 1211 1213 1291
1134 1212 1214 1292
1135 1213 1215 1293
1136 1214 1216
1137 1215 1217 1295
1216 1218
1139 1217 1297
1140 1218 1220 1298
1141 1219 1221 1299
1142 1220 1222
1143 1301
1144 1222 1224 1302
1145 1225 1303
1146 1224 1226
1147 1225 1227 1305
1148 1226 1228 1306
1149 1229 1307
1228 1230
1151 1229 1309
1230 1232
1153 1233 1311
1154 1232 1234 1312
1155 1313
1234 1236 1314
1157 1315
1158 1236 1238
1159 1237 1317
1238 1240
1161 1239 1241 1319
1240 1242
1163 1243 1321
1242 1244 1322
1165 1243 1323
1244 1246
1167 1247 1325
1246 1248 1326
1169 1249 1327
1170 1248 1250 1328
1171 1329
1172 1250 1252
1173 1251 1331
1174 1252 1254 1332
1175 1253 1255 1333
1176 1254 1256
1177 1255 1335
1256 1258
1179 1259 1337
1258 1260 1338
1181 1261 1339
1182 1260 1262 1340
1183 1263 1341
1184 1262 1264 1342
1185 1263 1343
1186 1266 1344
1187 1265 1345
1266 1268
1189 1347
1268 1270 1348
1191 1271 1349
1192 1270 1272
1193 1271 1351
1194 1272 1274 1352
1195 1353
1196 1274 1276 1354
1197 1355
1198 1276 1278 1356
1199 1357
1200 1278 1280
1201 1359
1280 1282 1360
1203 1283 1361
1282 1284
1205 1285 1363
1206 1284 1286
1207 1287 1365
1208 1286 1288 1366
1209 1367
1288 1290
1211 1289 1291 1369
1212 1290 1292 1370
1213 1291 1371
1214 1292 1294 1372
1215 1295 1373
1216 1294 1296
1217 1375
1296 1298 1376
1219 1299 1377
1298 1300 1378
1221 1299 1379
1300 1302 1380
1223 1301 1303 1381
1302 1304 1382
1225 1303 1305 1383
1304 1306 1384
1227 1305 1307 1385
1306 1308 1386
1229 1387
1230 1308 1310
1231 1389
1310 1312 1390
1233 1311 1313 1391
1234 1312 1314 1392
1235 1393
1314 1316
1237 1395
1316 1318
1239 1317 1319 1397
1318 1320
1241 1399
1242 1320 1322 1400
1243 1401
1244 1322 1324 1402
1245 1325 1403
1324 1326 1404
1247 1325 1327 1405
1326 1328
1249 1327 1407
1328 1330 1408
1251 1331 1409
1252 1330 1332
1253 1331 1333 1411
1332 1334 1412
1255 1333 1335 1413
1334 1336 1414
1257 1415
1258 1336 1338 1416
1259 1417
1338 1340 1418
1261 1339 1419
1340 1342
1263 1341 1343 1421
1342
1265 1345 1423
1344 1346
1267 1425
1346 1348
1269 1347 1349 1427
1348 1350 1428
1271 1349 1351 1429
1350 1352 1430
1273 1431
1274 1352 1354 1432
1275 1353 1355 1433
1354 1356 1434
1277 1355 1435
1278 1356 1358 1436
1279 1357 1359 1437
1358 1360 1438
1281 1359 1439
1282 1360 1362 1440
1283 1361 1441
1284 1362 1364
1285 1363 1365 1443
1286 1364 1366
1287 1367 1445
1366 1368 1446
1289 1369 1447
1290 1368 1370 1448
1291 1369 1371 1449
1292 1370 1372 1450
1293 1371 1451
1372 1374 1452
1295 1373 1375 1453
1296 1374 1376
1297 1375 1455
1298 1376 1378 1456
1299 1377 1379 1457
1378 1380 1458
1301 1379 1381 1459
1302 1380 1382 1460
1303 1381 1461
1382 1384 1462
1305 1463
1384 1386
1307 1385 1387 1465
1386 1388
1309 1387 1467
1310 1388 1390
1311 1391 1469
1390 1392 1470
1313 1393 1471
1314 1392 1394 1472
1315 1393 1473
1394 1396 1474
1317 1397 1475
1318 1396 1398 1476
1319 1397 1399 1477
1320 1398 1400 1478
1321 1479
1400 1402
1323 1401 1403 1481
1324 1402 1404 1482
1325 1403 1483
1326 1404 1406 1484
1327 1405 1407 1485
1406 1408
1329 1407 1487
1330 1408 1410 1488
1331 1411 1489
1332 1410 1412
1333 1411 1413 1491
1334 1412 1414 1492
1335 1413 1415 1493
1336 1414 1416 1494
1337 1415 1495
1416 1418 1496
1339 1419 1497
1418 1420 1498
1341 1419 1421 1499
1342 1420 1422 1500
1343 1421 1501
1344 1424 1502
1345 1425 1503
1346 1424 1426 1504
1347 1425 1505
1348 1426 1428
1349 1429 1507
1350 1428 1430 1508
1351 1429 1431 1509
1430 1432
1353 1433 1511
1432 1434
1355 1435 1513
1434 1436
1357 1437 1515
1436 1438 1516
1359 1517
1438 1440 1518
1361 1439 1519
1362 1440 1442 1520
1363 1443 1521
1364 1442 1444
1365 1443 1445 1523
1444 1446 1524
1367 1445 1447 1525
1446 1448
1369 1527
1370 1448 1450
1371 1451 1529
1372 1450 1452
1373 1451 1531
1374 1452 1454 1532
1375 1455 1533
1454 1456 1534
1377 1455 1535
1378 1456 1458 1536
1379 1457 1459 1537
1380 1458 1460
1381 1539
1460 1462 1540
1383 1461 1541
1462 1464 1542
1385 1463 1465 1543
1386 1464 1466 1544
1387 1545
1388 1466 1468 1546
1389 1467 1547
1390 1468 1470 1548
1391 1469 1471 1549
1470 1472
1393 1471 1473 1551
1472 1474
1395 1553
1396 1474 1476
1397 1475 1477 1555
1398 1476 1478 1556
1399 1477 1557
1400 1478 1480 1558
1401 1479 1481 1559
1480 1482
1403 1561
1404 1482 1484 1562
1405 1485 1563
1484 1486
1407 1487 1565
1408 1486 1488 1566
1409 1489 1567
1410 1488 1490
1411 1489 1491 1569
1412 1490 1492 1570
1413 1491 1493 1571
1414 1492 1494 1572
1415 1493 1573
1416 1494 1496 1574
1417 1495 1497 1575
1418 1496 1498 1576
1419 1497 1499 1577
1420 1498 1500 1578
1421 1499 1501 1579
1500 1580
1423 1503 1581
1502 1504 1582
1425 1505 1583
1504 1506 1584
1427 1505 1507 1585
1506 1508
1429 1509 1587
1508 1510 1588
1431 1589
1432 1510 1512
1433 1513 1591
1434 1512 1514 1592
1435 1513 1593
1436 1514 1516 1594
1437 1595
1438 1516 1518 1596
1439 1519 1597
1440 1518 1520
1441 1519 1599
1442 1520 1522
1443 1523 1601
1522 1524
1445 1603
1446 1524 1526 1604
1447 1527 1605
1448 1526 1528
1449 1529 1607
1450 1528 1530
1451 1529 1531 1609
1452 1530 1532 1610
1453 1533 1611
1532 1534 1612
1455 1535 1613
1456 1534 1536 1614
1457 1537 1615
1458 1536 1538 1616
1459 1537 1539 1617
1538 1540 1618
1461 1539 1541 1619
1462 1540 1542 1620
1463 1621
1464 1542 1544 1622
1465 1545 1623
1544 1546 1624
1467 1545 1625
1546 1548
1469 1547 1549 1627
1548 1550 1628
1471 1551 1629
1550 1552 1630
1473 1631
1474 1552 1554
1475 1555 1633
1554 1556
1477 1555 1635
1556 1558 1636
1479 1557 1559 1637
1480 1558 1560 1638
1481 1559 1561 1639
1560 1562 1640
1483 1561 1563 1641
1484 1562 1564 1642
1485 1563 1565 1643
1486 1564 1566 1644
1487 1565 1645
1488 1566 1568
1489 1567 1569 1647
1490 1568 1570
1491 1569 1571 1649
1570 1572 1650
1493 1571 1573 1651
1494 1572 1574
1495 1653
1496 1574 1576
1497 1655
1498 1576 1578
1499 1577 1579 1657
1500 1578 1580 1658
1501 1579 1659
1582
1503 1581 1661
1504 1582 1584
1505 1583 1585 1663
1584 1586 1664
1507 1665
1508 1586 1588
1509 1587 1667
1588 1590 1668
1511 1591 1669
1512 1590 1592 1670
1513 1591 1593 1671
1592 1594 1672
1515 1593 1673
1516 1594 1596
1517 1595 1675
1596 1598 1676
1519 1597 1599 1677
1520 1598 1600
1521 1599 1601 1679
1522 1600 1602 1680
1523 1601 1603 1681
1602 1604 1682
1525 1605 1683
1526 1604 1606 1684
1527 1685
1606 1608 1686
1529 1607 1609 1687
1530 1608 1610 1688
1531 1609 1689
1532 1610 1612 1690
1533 1611 1613 1691
1612 1614 1692
1535 1613 1615 1693
1614 1616
1537 1617 1695
1538 1616 1618
1539 1617 1697
1540 1618 1620
1541 1699
1542 1620 1622 1700
1543 1623 1701
1544 1622 1624 1702
1545 1625 1703
1546 1624 1626
1547 1625 1627 1705
1626 1628
1549 1707
1628 1630 1708
1551 1629 1631 1709
1630 1632 1710
1553 1631 1633 1711
1554 1632 1634 1712
1555 1633 1635 1713
1634 1636 1714
1557 1637 1715
1636 1638 1716
1559 1637 1639 1717
1638 1640
1561 1639 1719
1640 1642 1720
1563 1641 1721
1564 1642 1644 1722
1565 1643 1645 1723
1566 1644 1646 1724
1567 1725
1646 1648
1569 1647 1727
1648 1650 1728
1571 1651 1729
1650 1652 1730
1573 1651 1653 1731
1574 1652 1654 1732
1575 1653 1733
1654 1656 1734
1577 1655 1657 1735
1578 1656 1658 1736
1579 1657 1659 1737
1658 1738
1581 1661 1739
1582 1660 1662 1740
1583 1741
1662 1664
1585 1663 1743
1664 1666
1587 1665 1667 1745
1588 1666 1668 1746
1589 1669 1747
1590 1668 1670 1748
1591 1669 1749
1670 1672 1750
1593 1671 1751
1594 1672 1674
1595 1673 1675 1753
1674 1676
1597 1675 1755
1598 1676 1678
1599 1757
1600 1678 1680
1601 1681 1759
1602 1680 1682
1603 1681 1683 1761
1604 1682 1684
1605 1763
1606 1684 1686
1607 1765
1608 1686 1688
1609 1767
1610 1688 1690
1611 1769
1612 1690 1692 1770
1613 1693 1771
1692 1694 1772
1615 1693 1773
1616 1694 1696 1774
1617 1695 1697 1775
1618 1696 1698 1776
1619 1699 1777
1698 1700 1778
1621 1699 1701 1779
1622 1700 1702 1780
1623 1701 1703 1781
1702 1704 1782
1625 1783
1704 1706
1627 1705 1707 1785
1706 1708 1786
1629 1787
1708 1710 1788
1631 1789
1632 1710 1712 1790
1633 1711 1713 1791
1712 1714 1792
1635 1713 1793
1714 1716
1637 1715 1795
1716 1718 1796
1639 1717 1719 1797
1718 1720 1798
1641 1719 1799
1642 1720 1722 1800
1643 1721 1723 1801
1644 1722 1724
1645 1723 1725 1803
1646 1724 1726
1647 1725 1727 1805
1726 1728 1806
1649 1727 1807
1728 1730 1808
1651 1729 1731 1809
1652 1730 1732 1810
1653 1811
1654 1732 1734 1812
1655 1733 1813
1656 1734 1736
1657 1735 1737 1815
1658 1736 1738 1816
1659 1737 1817
1740 1818
1661 1739 1741 1819
1662 1740 1742 1820
1663 1741 1743 1821
1742 1744
1665 1823
1666 1744 1746
1667 1745 1825
1668 1746 1748
1669 1747 1749 1827
1670 1748 1750 1828
1671 1749 1829
1750 1752
1673 1751 1753 1831
1674 1752 1754
1675 1753 1755 1833
1676 1754 1756
1677 1755 1835
1678 1756 1758 1836
1679 1837
1758 1760 1838
1681 1839
1682 1760 1762
1683 1761 1841
1762 1764 1842
1685 1763 1843
1686 1764 1766
1687 1845
1766 1768 1846
1689 1767 1769 1847
1768 1770
1691 1771 1849
1692 1770 1772 1850
1693 1771 1773 1851
1694 1772 1774
1695 1773 1775 1853
1774 1776 1854
1697 1775 1855
1776 1778 1856
1699 1777 1779 1857
1700 1778 1780 1858
1701 1779 1781 1859
1780 1782
1703 1861
1704 1782 1784
1705 1783 1785 1863
1706 1784 1786 1864
1707 1785 1865
1708 1786 1788 1866
1709 1787 1867
1788 1790
1711 1789 1869
1790 1792 1870
1713 1793 1871
1792 1794 1872
1715 1793 1795 1873
1794 1796 1874
1717 1795 1797 1875
1796 1798 1876
1719 1877
1720 1798 1800
1721 1801 1879
1800 1802 1880
1723 1803 1881
1724 1802 1804 1882
1725 1803 1805 1883
1804 1806 1884
1727 1805 1807 1885
1806 1808 1886
1729 1809 1887
1730 1808 1810 1888
1731 1889
1810 1812 1890
1733 1811 1891
1812 1814 1892
1735 1893
1814 1816
1737 1817 1895
1738 1816 1896
1739 1819 1897
1818 1820
1741 1899
1820 1822 1900
1743 1821 1901
1744 1822 1824 1902
1745 1823 1903
1746 1824 1826
1747 1825 1905
1748 1826 1828
1749 1907
1750 1828 1830
1751 1829 1831 1909
1752 1830 1832
1753 1831 1911
1754 1832 1834 1912
1755 1835 1913
1834 1836 1914
1757 1835 1837 1915
1758 1836 1838
1759 1837 1839 1917
1760 1838 1840 1918
1761 1839 1919
1762 1840 1842 1920
1763 1843 1921
1842 1844 1922
1765 1843 1845 1923
1766 1844 1846 1924
1767 1845 1925
1846 1848
1769 1927
1848 1850
1771 1929
1850 1852
1773 1931
1774 1852 1854
1775 1853 1855 1933
1776 1854 1856 1934
1777 1857 1935
1778 1856 1858 1936
1779 1857 1937
1780 1858 1860 1938
1781 1859 1861 1939
1860 1862
1783 1863 1941
1784 1862 1864
1785 1863 1865 1943
1864 1866 1944
1787 1865 1867 1945
1788 1866 1868
1789 1867 1947
1790 1868 1870
1791 1869 1871 1949
1870 1872
1793 1871 1951
1794 1872 1874
1795 1875 1953
1796 1874 1876
1797 1875 1955
1876 1878
1799 1879 1957
1800 1878 1880 1958
1801 1881 1959
1802 1880 1882 1960
1803 1881 1883 1961
1882 1884 1962
1805 1963
1806 1884 1886
1807 1965
1808 1886 1888
1809 1887 1889 1967
1888 1890 1968
1811 1889 1891 1969
1812 1890 1892
1813 1891 1971
1892 1894
1815 1893 1895 1973
1816 1894 1896
1817 1895 1975
1898
1819 1897 1899 1977
1898 1900 1978
1821 1979
1900 1902 1980
1823 1901 1903 1981
1824 1902 1904
1825 1903 1983
1826 1904 1906
1827 1905 1985
1828 1906 1908 1986
1829 1907 1909 1987
1830 1908 1910 1988
1831 1911 1989
1910 1912
1833 1911 1991
1912 1914
1835 1913 1915 1993
1914 1916 1994
1837 1915 1995
1838 1916 1918 1996
1839 1919 1997
1918 1920 1998
1841 1919 1921 1999
1920 1922 2000
1843 1923 2001
1844 1922 1924 2002
1845 1925 2003
1846 1924 1926
1847 1925 2005
1848 1926 1928 2006
1849 1927 2007
1850 1928 1930 2008
1851 1929 2009
1852 1930 1932 2010
1853 2011
1854 1932 1934
1855 1933 2013
1934 1936 2014
1857 2015
1858 1936 1938
1859 1937 1939 2017
1938 1940
1861 1939 1941 2019
1862 1940 1942 2020
1863 2021
1942 1944
1865 1945 2023
1866 1944 1946
1867 1945 1947 2025
1868 1946 1948 2026
1869 2027
1870 1948 1950 2028
1871 2029
1872 1950 1952
1873 2031
1952 1954 2032
1875 1953 1955 2033
1876 1954 1956 2034
1877 1955 1957 2035
1956 1958
1879 1957 2037
1958 1960
1881 1959 2039
1882 1960 1962 2040
1883 1963 2041
1884 1962 1964 2042
1885 1965 2043
1886 1964 1966
1887 2045
1888 1966 1968 2046
1889 1967 1969 2047
1890 1968 1970 2048
1891 1969 1971 2049
1892 1970 1972 2050
1893 1971 1973 2051
1894 1972 1974 2052
1895 1975 2053
1896 1974 2054
1897 2055
1898 1976 1978 2056
1899 2057
1978 1980
1901 1979 2059
1902 1980 1982 2060
1903 1981 1983 2061
1904 1982 1984
1905 1983 1985 2063
1906 1984 1986
1907 1985 1987 2065
1908 1986 1988
1909 2067
1988 1990
1911 1991 2069
1912 1990 1992
1913 1991 1993 2071
1914 1992 1994 2072
1915 1993 2073
1916 1994 1996
1917 1997 2075
1918 1996 1998
1919 1997 2077
1998 2000 2078
1921 2001 2079
2000 2002 2080
1923 2001 2003 2081
1924 2002 2004
1925 2003 2005 2083
1926 2004 2006 2084
1927 2085
2006 2008 2086
1929 2007 2087
1930 2008 2010 2088
1931 2009 2089
1932 2010 2012 2090
1933 2013 2091
2012 2014
1935 2013 2015 2093
1936 2014 2016 2094
1937 2015 2017 2095
2016 2018 2096
1939 2097
2018 2020 2098
1941 2019 2021 2099
1942 2020 2022 2100
1943 2021 2101
1944 2022 2024 2102
1945 2023 2103
2024 2026
1947 2025 2105
1948 2026 2028 2106
1949 2029 2107
1950 2028 2030 2108
1951 2029 2031 2109
2030 2032 2110
1953 2031 2111
1954 2032 2034
1955 2113
2034 2036 2114
1957 2115
1958 2036 2038
1959 2037 2117
1960 2038 2040 2118
1961 2041 2119
2040 2042 2120
1963 2041 2043 2121
2042 2044 2122
1965 2043 2123
1966 2044 2046 2124
1967 2125
2046 2048
1969 2049 2127
2048 2050 2128
1971 2051 2129
2050 2052 2130
1973 2051 2053 2131
1974 2052 2054 2132
1975 2053 2133
1976 2056 2134
1977 2055 2057 2135
1978 2056 2058 2136
1979 2057 2059 2137
1980 2058 2060 2138
1981 2139
2060 2062
1983 2141
1984 2062 2064
1985 2063 2143
1986 2064 2066
1987 2067 2145
1988 2066 2068
1989 2069 2147
2068 2070 2148
1991 2069 2071 2149
1992 2070 2072 2150
1993 2073 2151
1994 2072 2074 2152
1995 2075 2153
1996 2074 2076 2154
1997 2077 2155
2076 2078 2156
1999 2077 2079 2157
2000 2078 2080
2001 2081 2159
2002 2080 2082
2003 2081 2083 2161
2082 2084
2005 2085 2163
2006 2084 2086 2164
2007 2085 2087 2165
2086 2088 2166
2009 2167
2088 2090 2168
2011 2091 2169
2012 2090 2092 2170
2013 2093 2171
2014 2092 2094 2172
2015 2095 2173
2094 2096 2174
2017 2095 2097 2175
2018 2096 2098
2019 2097 2099 2177
2020 2098 2100
2021 2179
2100 2102 2180
2023 2103 2181
2102 2104
2025 2103 2183
2026 2104 2106 2184
2027 2105 2107 2185
2106 2108 2186
2029 2107 2187
2108 2110 2188
2031 2109 2189
2032 2110 2112 2190
2033 2113 2191
2034 2112 2114
2035 2113 2115 2193
2036 2114 2116 2194
2037 2115 2117 2195
2038 2116 2118
2039 2117 2197
2118 2120
2041 2119 2199
2120 2122 2200
2043 2123 2201
2044 2122 2124 2202
2045 2203
2124 2126
2047 2125 2127 2205
2048 2126 2128 2206
2049 2127 2207
2128 2130 2208
2051 2129 2131 2209
2052 2130 2132 2210
2053 2131 2133 2211
2054 2132
2055 2135 2213
2056 2134 2136 2214
2057 2135 2215
2136 2138
2059 2137 2139 2217
2060 2138 2140
2061 2139 2219
2062 2140 2142
2063 2141 2143 2221
2142 2144 2222
2065 2143 2223
2066 2144 2146 2224
2067 2145 2225
2146 2148
2069 2147 2149 2227
2070 2148 2150 2228
2071 2149 2229
2072 2150 2152
2073 2151 2153 2231
2152 2154 2232
2075 2153 2155 2233
2076 2154 2156 2234
2077 2155 2157 2235
2156 2158 2236
2079 2237
2080 2158 2160
2081 2161 2239
2160 2162 2240
2083 2241
2084 2162 2164 2242
2085 2165 2243
2164 2166 2244
2087 2165 2167 2245
2166 2168
2089 2247
2090 2168 2170 2248
2091 2249
2170 2172
2093 2173 2251
2172 2174 2252
2095 2173 2253
2096 2174 2176 2254
2097 2175 2177 2255
2176 2178
2099 2177 2257
2100 2178 2180
2101 2179 2259
2102 2180 2182 2260
2103 2261
2182 2184 2262
2105 2183 2263
2106 2184 2186 2264
2107 2265
2186 2188
2109 2189 2267
2110 2188 2190
2111 2189 2191 2269
2190 2192 2270
2113 2191 2193 2271
2114 2192 2194 2272
2115 2193 2273
2116 2194 2196
2117 2197 2275
2118 2196 2198 2276
2119 2197 2199 2277
2120 2198 2200 2278
2121 2279
2122 2200 2202 2280
2123 2203 2281
2124 2202 2204 2282
2125 2283
2126 2204 2206
2127 2205 2207 2285
2128 2206 2208
2129 2207 2209 2287
2130 2208 2210 2288
2131 2211 2289
2132 2210 2212 2290
2133 2291
2134 2214 2292
2135 2213 2215 2293
2136 2214 2216
2137 2217 2295
2138 2216 2218 2296
2139 2219 2297
2140 2218 2220 2298
2141 2219 2221 2299
2142 2220 2222
2143 2221 2223 2301
2144 2222 2224 2302
2145 2223 2225 2303
2146 2224 2226 2304
2147 2225 2305
2148 2226 2228 2306
2149 2227 2307
2228 2230 2308
2151 2229 2231 2309
2152 2230 2232
2153 2311
2154 2232 2234 2312
2155 2233 2235 2313
2156 2234 2236
2157 2237 2315
2236 2238
2159 2317
2238 2240 2318
2161 2319
2240 2242 2320
2163 2241 2243 2321
2242 2244
2165 2323
2166 2244 2246
2167 2245 2247 2325
2246 2248
2169 2247 2249 2327
2248 2250 2328
2171 2249 2251 2329
2172 2250 2252
2173 2331
2174 2252 2254 2332
2175 2255 2333
2176 2254 2256 2334
2177 2255 2335
2256 2258 2336
2179 2257 2337
2180 2258 2260
2181 2259 2261 2339
2260 2262
2183 2263 2341
2184 2262 2264 2342
2185 2263 2343
2186 2264 2266
2187 2265 2267 2345
2188 2266 2268 2346
2189 2347
2190 2268 2270
2191 2271 2349
2192 2270 2272 2350
2193 2273 2351
2194 2272 2274 2352
2195 2273 2275 2353
2274 2276
2197 2275 2355
2198 2276 2278
2199 2279 2357
2200 2278 2280
2201 2279 2359
2202 2280 2282
2203 2281 2283 2361
2204 2282 2284 2362
2205 2283 2363
2284 2286 2364
2207 2365
2286 2288 2366
2209 2287 2289 2367
2210 2288 2290 2368
2211 2369
2290
2213 2371
2292 2294 2372
2215 2293 2295 2373
2294 2296 2374
2217 2295 2375
2218 2296 2298
2219 2297 2299 2377
2298 2300 2378
2221 2299 2301 2379
2222 2300 2302 2380
2223 2301 2381
2224 2302 2304 2382
2225 2383
2304 2306
2227 2307 2385
2228 2306 2308 2386
2229 2307 2387
2230 2308 2310 2388
2231 2309 2389
2310 2312
2233 2311 2313 2391
2234 2312 2314 2392
2235 2313 2315 2393
2314 2316 2394
2237 2317 2395
2316 2318
2239 2317 2397
2318 2320 2398
2241 2319 2321 2399
2320 2322
2243 2321 2401
2244 2322 2324 2402
2245 2403
2324 2326 2404
2247 2325 2405
2326 2328 2406
2249 2407
2328 2330
2251 2409
2330 2332 2410
2253 2333 2411
2254 2332 2334
2255 2413
2334 2336 2414
2257 2335 2337 2415
2336 2338 2416
2259 2417
2338 2340 2418
2261 2339 2341 2419
2262 2340 2342
2263 2343 2421
2264 2342 2344 2422
2265 2423
2344 2346 2424
2267 2345 2425
2268 2346 2348
2269 2349 2427
2270 2348 2350 2428
2271 2349 2351 2429
2272 2350 2352 2430
2273 2353 2431
2352 2354 2432
2275 2433
2276 2354 2356 2434
2277 2355 2435
2278 2356 2358
2279 2437
2358 2360
2281 2359 2439
2282 2360 2362
2283 2363 2441
2284 2362 2364 2442
2285 2363 2365 2443
2286 2364 2366 2444
2287 2445
2366 2368 2446
2289 2369 2447
2290 2368 2370
2291 2449
2372 2450
2293 2373 2451
2372 2374
2295 2373 2453
2374 2376
2297 2455
2376 2378
2299 2377 2457
2378 2380
2301 2379 2381 2459
2302 2380 2382
2303 2461
2382 2384
2305 2383 2463
2306 2384 2386 2464
2307 2385 2387 2465
2308 2386 2388 2466
2309 2387 2467
2310 2388 2390
2311 2391 2469
2312 2390 2392
2313 2391 2471
2392 2394 2472
2315 2395 2473
2394 2396
2317 2397 2475
2396 2398
2319 2397 2399 2477
2320 2398 2400 2478
2321 2401 2479
2322 2400 2402 2480
2323 2403 2481
2402 2404 2482
2325 2403 2405 2483
2404 2406 2484
2327 2485
2328 2406 2408 2486
2329 2487
2330 2408 2410
2331 2409 2489
2332 2410 2412 2490
2333 2413 2491
2334 2412 2414 2492
2335 2415 2493
2414 2416
2337 2415 2417 2495
2338 2416 2418 2496
2339 2497
2418 2420
2341 2419 2421 2499
2420 2422
2343 2421 2423 2501
2344 2422 2424
2345 2423 2503
2346 2424 2426
2347 2425 2427 2505
2426 2428
2349 2429 2507
2428 2430 2508
2351 2431 2509
2352 2430 2432
2353 2431 2433 2511
2354 2432 2434 2512
2355 2433 2513
2356 2434 2436 2514
2357 2435 2515
2358 2436 2438 2516
2359 2437 2439 2517
2360 2438 2440 2518
2361 2441 2519
2440 2442 2520
2363 2443 2521
2364 2442 2444
2365 2443 2523
2366 2444 2446 2524
2367 2447 2525
2446 2448 2526
2369 2449 2527
2448 2528
2371 2529
2372 2450 2452 2530
2373 2451 2531
2452 2454
2375 2453 2533
2376 2454 2456 2534
2377 2455 2457 2535
2456 2458 2536
2379 2457 2537
2380 2458 2460 2538
2381 2459 2461 2539
2460 2462 2540
2383 2463 2541
2462 2464
2385 2463 2465 2543
2386 2464 2466 2544
2387 2465 2545
2466 2468 2546
2389 2469 2547
2468 2470 2548
2391 2469 2549
2470 2472 2550
2393 2471 2551
2394 2472 2474 2552
2395 2473 2475 2553
2396 2474 2476
2397 2475 2555
2398 2476 2478 2556
2399 2477 2557
2400 2478 2480 2558
2401 2479 2481 2559
2480 2482 2560
2403 2561
2482 2484
2405 2483 2485 2563
2406 2484 2486 2564
2407 2487 2565
2408 2486 2488 2566
2409 2487 2567
2488 2490 2568
2411 2489 2569
2412 2490 2492
2413 2491 2571
2414 2492 2494 2572
2415 2493 2573
2416 2494 2496
2417 2495 2497 2575
2418 2496 2498
2419 2577
2498 2500
2421 2499 2501 2579
2500 2502 2580
2423 2501 2503 2581
2502 2504
2425 2503 2583
2504 2506 2584
2427 2507 2585
2506 2508 2586
2429 2587
2508 2510
2431 2509 2589
2432 2510 2512 2590
2433 2511 2591
2434 2512 2514 2592
2435 2513 2515 2593
2514 2516 2594
2437 2517 2595
2438 2516 2518 2596
2439 2517 2597
2440 2518 2520 2598
2441 2519 2599
2520 2522
2443 2521 2601
2444 2522 2524
2445 2523 2603
2446 2524 2526 2604
2447 2525 2605
2526 2528
2449 2527 2607
2530 2608
2451 2529 2531 2609
2530 2532 2610
2453 2531 2533 2611
2532 2534
2455 2613
2456 2534 2536 2614
2457 2535 2615
2536 2538 2616
2459 2537 2617
2538 2540
2461 2539 2541 2619
2462 2540 2542 2620
2463 2541 2543 2621
2464 2542 2544 2622
2465 2543 2623
2544 2546
2467 2545 2547 2625
2468 2546 2548
2469 2627
2470 2548 2550 2628
2471 2549 2629
2472 2550 2552
2473 2551 2553 2631
2474 2552 2554 2632
2475 2555 2633
2476 2554 2556
2477 2555 2635
2478 2556 2558 2636
2479 2557 2637
2480 2558 2560
2481 2559 2561 2639
2482 2560 2562 2640
2483 2563 2641
2562 2564 2642
2485 2563 2643
2564 2566 2644
2487 2565 2645
2488 2566 2568 2646
2489 2647
2490 2568 2570
2491 2569 2571 2649
2570 2572 2650
2493 2573 2651
2494 2572 2574 2652
2495 2575 2653
2574 2576 2654
2497 2575 2655
2498 2576 2578 2656
2499 2579 2657
2578 2580 2658
2501 2579 2581 2659
2502 2580 2582 2660
2503 2583 2661
2504 2582 2584 2662
2505 2663
2506 2584 2586 2664
2507 2585 2587 2665
2508 2586 2588 2666
2509 2589 2667
2510 2588 2590 2668
2511 2591 2669
2512 2590 2592 2670
2513 2593 2671
2514 2592 2594 2672
2515 2593 2595 2673
2594 2596
2517 2595 2597 2675
2518 2596 2598 2676
2519 2597 2599 2677
2598 2600
2521 2599 2601 2679
2600 2602
2523 2601 2681
2524 2602 2604 2682
2525 2603 2683
2526 2604 2606 2684
2527 2607 2685
2528 2606
2529 2609 2687
2530 2608 2610 2688
2531 2609 2689
2532 2610 2612 2690
2533 2613 2691
2612 2614 2692
2535 2693
2614 2616
2537 2615 2695
2616 2618 2696
2539 2617 2619 2697
2540 2618 2620
2541 2619 2699
2542 2620 2622 2700
2543 2621 2701
2544 2622 2624
2545 2623 2703
2546 2624 2626 2704
2547 2627 2705
2626 2628 2706
2549 2707
2628 2630
2551 2709
2552 2630 2632
2553 2631 2633 2711
2554 2632 2634 2712
2555 2713
2556 2634 2636 2714
2557 2635 2637 2715
2558 2636 2638 2716
2559 2637 2639 2717
2638 2640 2718
2561 2639 2641 2719
2562 2640 2642
2563 2643 2721
2564 2642 2644 2722
2565 2645 2723
2566 2644 2646 2724
2567 2645 2647 2725
2568 2646 2648
2569 2647 2649 2727
2648 2650
2571 2649 2729
2650 2652 2730
2573 2651 2653 2731
2574 2652 2654 2732
2575 2653 2655 2733
2654 2656 2734
2577 2655 2657 2735
2578 2656 2658
2579 2657 2659 2737
2658 2660
2581 2659 2661 2739
2582 2660 2662 2740
2583 2661 2741
2662 2664 2742
2585 2663 2665 2743
2586 2664 2666
2587 2745
2588 2666 2668 2746
2589 2747
2668 2670
2591 2669 2671 2749
2670 2672 2750
2593 2751
2672 2674
2595 2673 2675 2753
2596 2674 2676
2597 2675 2677 2755
2598 2676 2678
2599 2677 2679 2757
2678 2680 2758
2601 2679 2681 2759
2602 2680 2682 2760
2603 2761
2604 2682 2684
2605 2685 2763
2606 2684 2686 2764
2607 2765
2688
2609 2687 2689 2767
2610 2688 2690
2611 2689 2691 2769
2612 2690 2692 2770
2613 2693 2771
2614 2692 2694 2772
2615 2695 2773
2616 2694 2696
2617 2775
2696 2698
2619 2697 2777
2620 2698 2700
2621 2699 2701 2779
2622 2700 2702 2780
2623 2701 2703 2781
2624 2702 2704 2782
2625 2703 2783
2626 2704 2706
2627 2705 2707 2785
2706 2708 2786
2629 2707 2709 2787
2630 2708 2710 2788
2631 2709 2789
2710 2712 2790
2633 2711 2791
2634 2712 2714 2792
2635 2713 2715 2793
2636 2714 2716 2794
2637 2717 2795
2716 2718 2796
2639 2717 2719 2797
2718 2720 2798
2641 2721 2799
2642 2720 2722 2800
2643 2801
2644 2722 2724 2802
2645 2723 2725 2803
2646 2724 2726
2647 2727 2805
2648 2726 2728
2649 2807
2650 2728 2730
2651 2729 2731 2809
2730 2732 2810
2653 2731 2811
2654 2732 2734
2655 2733 2735 2813
2656 2734 2736 2814
2657 2815
2658 2736 2738 2816
2659 2737 2739 2817
2660 2738 2740
2661 2739 2741 2819
2740 2742 2820
2663 2821
2664 2742 2744 2822
2665 2743 2745 2823
2666 2744 2746 2824
2667 2747 2825
2746 2748 2826
2669 2747 2827
2670 2748 2750 2828
2671 2749 2829
2672 2750 2752 2830
2673 2831
2674 2752 2754
2675 2833
2754 2756
2677 2755 2835
2756 2758 2836
2679 2759 2837
2680 2758 2760 2838
2681 2759 2761 2839
2682 2760 2762 2840
2683 2761 2763 2841
2684 2762 2764 2842
2685 2763 2765 2843
2686 2764 2844
2687 2845
2688 2766 2768 2846
2689 2769 2847
2768 2770 2848
2691 2771 2849
2692 2770 2772 2850
2693 2771 2773 2851
2772 2774 2852
2695 2853
2696 2774 2776 2854
2697 2777 2855
2698 2776 2778 2856
2699 2777 2779 2857
2778 2780 2858
2701 2781 2859
2780 2782
2703 2783 2861
2704 2782 2784
2705 2863
2706 2784 2786 2864
2707 2785 2865
2708 2786 2788
2709 2787 2789 2867
2788 2790 2868
2711 2789 2791 2869
2712 2790 2792
2713 2871
2714 2792 2794
2715 2793 2873
2716 2794 2796
2717 2795 2797 2875
2796 2798
2719 2797 2877
2798 2800 2878
2721 2799 2801 2879
2722 2800 2802 2880
2723 2801 2803 2881
2802 2804 2882
2725 2803 2883
2726 2804 2806 2884
2727 2807 2885
2728 2806 2808 2886
2729 2809 2887
2808 2810
2731 2811 2889
2732 2810 2812 2890
2733 2811 2813 2891
2812 2814
2735 2813 2815 2893
2814 2816
2737 2815 2895
2816 2818 2896
2739 2897
2740 2818 2820 2898
2741 2819 2821 2899
2742 2820 2822 2900
2743 2823 2901
2744 2822 2824 2902
2745 2823 2903
2824 2826
2747 2825 2827 2905
2748 2826 2828 2906
2749 2827 2829 2907
2750 2828 2830
2751 2829 2909
2752 2830 2832 2910
2753 2831 2911
2832 2834
2755 2835 2913
2756 2834 2836
2757 2835 2915
2836 2838
2759 2837 2839 2917
2838 2840 2918
2761 2919
2762 2840 2842 2920
2763 2841 2921
2764 2842 2844
2765 2923
2846
2767 2845 2847 2925
2846 2848 2926
2769 2847 2849 2927
2848 2850 2928
2771 2929
2772 2850 2852
2773 2851 2853 2931
2852 2854
2775 2933
2854 2856 2934
2777 2855 2857 2935
2856 2858 2936
2779 2857 2859 2937
2780 2858 2860 2938
2781 2859 2861 2939
2782 2860 2862
2783 2941
2784 2862 2864 2942
2785 2943
2786 2864 2866
2787 2867 2945
2788 2866 2868
2789 2867 2869 2947
2790 2868 2870
2791 2871 2949
2870 2872
2793 2951
2794 2872 2874 2952
2795 2875 2953
2796 2874 2876
2797 2875 2955
2876 2878
2799 2877 2957
2800 2878 2880
2801 2881 2959
2802 2880 2882 2960
2803 2881 2883 2961
2804 2882 2884
2805 2963
2806 2884 2886
2807 2885 2965
2808 2886 2888 2966
2809 2887 2889 2967
2810 2888 2890 2968
2811 2891 2969
2812 2890 2892 2970
2813 2891 2893 2971
2814 2892 2894 2972
2815 2973
2816 2894 2896
2817 2895 2975
2818 2896 2898 2976
2819 2897 2899 2977
2898 2900 2978
2821 2899 2901 2979
2900 2902 2980
2823 2901 2903 2981
2824 2902 2904 2982
2825 2903 2983
2826 2904 2906 2984
2827 2907 2985
2828 2906 2908 2986
2829 2907 2909 2987
2830 2908 2910 2988
2831 2909 2989
2832 2910 2912
2833 2911 2913 2991
2912 2914
2835 2913 2915 2993
2836 2914 2916 2994
2837 2995
2916 2918 2996
2839 2917 2919 2997
2840 2918 2920 2998
2841 2919 2921 2999
2920 2922
2843 2923 3001
2922 3002
2845 3003
2846 2924 2926
2847 2927 3005
2848 2926 2928 3006
2849 2927 3007
2850 2928 2930 3008
2851 2929 2931 3009
2930 2932
2853 2931 2933 3011
2854 2932 2934 3012
2855 2933 2935 3013
2856 2934 2936 3014
2857 2935 3015
2858 2936 2938 3016
2859 2937 2939 3017
2938 2940 3018
2861 2941 3019
2862 2940 2942
2863 2941 2943 3021
2864 2942 2944 3022
2865 2943 2945 3023
2866 2944 2946
2867 2945 3025
2946 2948 3026
2869 2947 2949 3027
2948 2950
2871 2951 3029
2872 2950 2952
2873 2951 2953 3031
2874 2952 2954 3032
2875 2953 3033
2876 2954 2956 3034
2877 2955 2957 3035
2878 2956 2958
2879 3037
2880 2958 2960
2881 2959 3039
2882 2960 2962 3040
2883 3041
2884 2962 2964 3042
2885 2963 2965 3043
2964 2966 3044
2887 2965 3045
2966 2968 3046
2889 2967 2969 3047
2890 2968 2970 3048
2891 2969 3049
2970 2972 3050
2893 2971 2973 3051
2894 2972 2974 3052
2895 2973 3053
2974 2976 3054
2897 2977 3055
2898 2976 2978
2899 2979 3057
2978 2980
2901 2981 3059
2902 2980 2982
2903 2981 3061
2982 2984
2905 2983 2985 3063
2984 2986 3064
2907 2985 2987 3065
2908 2986 2988 3066
2909 3067
2910 2988 2990 3068
2911 2989 2991 3069
2912 2990 2992
2913 2993 3071
2992 2994 3072
2915 2993 3073
2916 2994 2996 3074
2917 2995 2997 3075
2918 2996 2998
2919 2997 3077
2920 2998 3000
2921 3079
2922 3000 3002
2923 3001 3081
3004
2925 3003 3083
3004 3006 3084
2927 3007 3085
2928 3006 3008
2929 3007 3009 3087
2930 3008 3010 3088
2931 3009 3011 3089
3010 3012 3090
2933 3013 3091
2934 3012 3014
2935 3013 3015 3093
2936 3014 3016
2937 3015 3017 3095
3016 3018
2939 3017 3019 3097
2940 3018 3020 3098
2941 3019 3021 3099
3020 3022 3100
2943 3023 3101
3022 3024 3102
2945 3103
3024 3026 3104
2947 3025 3027 3105
2948 3026 3028 3106
2949 3027 3029 3107
3028 3030 3108
2951 3029 3109
2952 3030 3032 3110
2953 3031 3111
3032 3034 3112
2955 3033 3035 3113
2956 3034 3036 3114
2957 3115
3036 3038 3116
2959 3037 3117
3038 3040 3118
2961 3039 3119
3040 3042 3120
2963 3041 3043 3121
3042 3044 3122
2965 3043 3123
3044 3046
2967 3045 3125
3046 3048 3126
2969 3047 3049 3127
2970 3048 3050
2971 3051 3129
2972 3050 3052
2973 3051 3131
3052 3054 3132
2975 3133
2976 3054 3056 3134
2977 3055 3057 3135
2978 3056 3058 3136
2979 3059 3137
3058 3060 3138
2981 3059 3061 3139
2982 3060 3062 3140
2983 3063 3141
2984 3062 3064 3142
2985 3063 3065 3143
3064 3066
2987 3065 3067 3145
2988 3066 3068 3146
2989 3067 3069 3147
2990 3068 3070 3148
2991 3149
3070 3072
2993 3073 3151
2994 3072 3074
2995 3075 3153
3074 3076 3154
2997 3077 3155
2998 3076 3078 3156
2999 3157
3078 3080
3001 3081 3159
3002 3080
3003 3083 3161
3004 3082 3084 3162
3005 3083 3085 3163
3006 3084 3086
3007 3165
3086 3088 3166
3009 3087 3167
3010 3088 3090
3011 3091 3169
3090 3092
3013 3171
3092 3094 3172
3015 3093 3173
3016 3094 3096
3017 3095 3175
3096 3098 3176
3019 3097 3099 3177
3098 3100 3178
3021 3099 3179
3022 3100 3102
3023 3103 3181
3024 3102 3104 3182
3025 3183
3104 3106
3027 3185
3028 3106 3108 3186
3029 3107 3109 3187
3030 3108 3110
3031 3189
3032 3110 3112
3033 3113 3191
3034 3112 3114 3192
3035 3113 3115 3193
3036 3114 3116 3194
3037 3115 3195
3038 3116 3118 3196
3039 3117 3197
3040 3118 3120 3198
3041 3119 3121 3199
3042 3120 3122 3200
3043 3121 3123 3201
3044 3122 3124
3045 3203
3124 3126
3047 3127 3205
3126 3128 3206
3049 3127 3129 3207
3128 3130 3208
3051 3129 3131 3209
3130 3132
3053 3131 3211
3132 3134 3212
3055 3135 3213
3134 3136
3057 3135 3215
3058 3136 3138
3059 3137 3139 3217
3060 3138 3140
3061 3219
3062 3140 3142 3220
3063 3221
3064 3142 3144 3222
3065 3143 3223
3144 3146 3224
3067 3147 3225
3068 3146 3148 3226
3069 3147 3149 3227
3148 3150 3228
3071 3149 3151 3229
3150 3152 3230
3073 3151 3153 3231
3074 3152 3154 3232
3075 3153 3155 3233
3076 3154 3156 3234
3077 3155 3157 3235
3078 3156 3158 3236
3079 3237
3080 3158 3160 3238
3081 3159 3239
3082 3162 3240
3083 3161 3163 3241
3162 3164 3242
3085 3165 3243
3086 3164 3166
3087 3245
3166 3168 3246
3089 3167 3169 3247
3090 3168 3170 3248
3091 3171 3249
3170 3172
3093 3171 3173 3251
3094 3172 3174
3095 3173 3253
3096 3174 3176 3254
3097 3175 3177 3255
3098 3176 3178
3099 3177 3257
3178 3180
3101 3179 3181 3259
3180 3182
3103 3183 3261
3104 3182 3184 3262
3105 3183 3263
3106 3184 3186
3107 3265
3186 3188 3266
3109 3187 3267
3110 3188 3190
3111 3191 3269
3112 3190 3192
3113 3191 3193 3271
3114 3192 3194 3272
3115 3195 3273
3194 3196 3274
3117 3195 3197 3275
3118 3196 3198
3119 3199 3277
3120 3198 3200
3121 3201 3279
3200 3202
3123 3201 3281
3202 3204 3282
3125 3203 3205 3283
3126 3204 3206
3127 3207 3285
3128 3206 3208 3286
3129 3207 3287
3130 3208 3210
3131 3209 3289
3210 3212
3133 3211 3291
3212 3214
3135 3213 3293
3136 3214 3216 3294
3137 3215 3217 3295
3216 3218 3296
3139 3297
3140 3218 3220 3298
3141 3219 3299
3142 3220 3222 3300
3143 3221 3223 3301
3144 3222 3224 3302
3145 3223 3303
3146 3224 3226
3147 3225 3227 3305
3148 3226 3228 3306
3149 3307
3228 3230 3308
3151 3229 3309
3152 3230 3232
3153 3311
3154 3232 3234 3312
3155 3235 3313
3156 3234 3236 3314
3157 3235 3237 3315
3158 3236 3238
3159 3237 3317
3160 3238 3318
3161 3241 3319
3162 3240 3242 3320
3163 3241 3243 3321
3164 3242 3244 3322
3165 3245 3323
3244 3246 3324
3167 3245 3325
3246 3248 3326
3169 3247 3327
3248 3250 3328
3171 3249 3251 3329
3250 3252
3173 3251 3331
3174 3252 3254
3175 3253 3255 3333
3254 3256 3334
3177 3255 3257 3335
3178 3256 3258
3179 3257 3337
3180 3258 3260 3338
3181 3339
3260 3262
3183 3263 3341
3262 3264
3185 3263 3343
3264 3266 3344
3187 3267 3345
3188 3266 3268 3346
3189 3267 3269 3347
3190 3268 3270
3191 3269 3271 3349
3192 3270 3272
3193 3271 3273 3351
3194 3272 3274
3195 3273 3275 3353
3196 3274 3276
3197 3275 3277 3355
3198 3276 3278 3356
3199 3277 3279 3357
3200 3278 3280 3358
3201 3279 3281 3359
3202 3280 3282 3360
3203 3281 3283 3361
3282 3284
3205 3283 3285 3363
3206 3284 3286 3364
3207 3287 3365
3286 3288 3366
3209 3287 3289 3367
3288 3290
3211 3289 3369
3212 3290 3292 3370
3213 3291 3371
3292 3294 3372
3215 3293 3295 3373
3216 3294 3296
3217 3295 3375
3218 3296 3298
3219 3297 3377
3220 3298 3300 3378
3221 3301 3379
3222 3300 3302 3380
3223 3301 3303 3381
3302 3304
3225 3303 3383
3226 3304 3306
3227 3305 3385
3306 3308 3386
3229 3309 3387
3230 3308 3310 3388
3231 3309 3311 3389
3310 3312 3390
3233 3311 3391
3234 3312 3314 3392
3235 3393
3236 3314 3316 3394
3237 3315 3395
3238 3316 3318
3239 3317 3397
3240 3320 3398
3241 3399
3242 3320 3322 3400
3243 3401
3244 3322 3324
3245 3325 3403
3324 3326
3247 3325 3327 3405
3248 3326 3328
3249 3329 3407
3250 3328 3330
3251 3329 3409
3252 3330 3332 3410
3253 3331 3333 3411
3254 3332 3334 3412
3255 3333 3335 3413
3256 3334 3336
3257 3335 3337 3415
3336 3338 3416
3259 3337 3417
3338 3340
3261 3339 3341 3419
3262 3340 3342
3263 3341 3421
3264 3342 3344
3265 3343 3423
3266 3344 3346 3424
3267 3345 3425
3346 3348 3426
3269 3347 3427
3270 3348 3350 3428
3271 3349 3351 3429
3272 3350 3352 3430
3273 3431
3274 3352 3354 3432
3275 3353 3433
3354 3356
3277 3435
3278 3356 3358 3436
3279 3437
3358 3360 3438
3281 3361 3439
3282 3360 3362 3440
3283 3361 3363 3441
3284 3362 3364
3285 3365 3443
3364 3366 3444
3287 3367 3445
3288 3366 3368
3289 3367 3447
3368 3370 3448
3291 3369 3449
3292 3370 3372 3450
3293 3371 3451
3294 3372 3374
3295 3373 3375 3453
3374 3376
3297 3377 3455
3376 3378 3456
3299 3379 3457
3300 3378 3380 3458
3301 3379 3381 3459
3380 3382 3460
3303 3383 3461
3382 3384
3305 3383 3385 3463
3384 3386 3464
3307 3385 3387 3465
3308 3386 3388
3309 3387 3467
3388 3390
3311 3391 3469
3312 3390 3392
3313 3391 3471
3392 3394
3315 3395 3473
3394 3396
3317 3395 3397 3475
3318 3396 3476
3319 3477
3398 3400 3478
3321 3399 3401 3479
3400 3402 3480
3323 3401 3481
3324 3402 3404 3482
3325 3403 3483
3326 3404 3406
3327 3405 3407 3485
3328 3406 3408
3329 3407 3487
3408 3410 3488
3331 3409 3411 3489
3332 3410 3412 3490
3333 3411 3413 3491
3412 3414
3335 3415 3493
3336 3414 3416 3494
3337 3415 3495
3338 3416 3418
3339 3497
3340 3418 3420 3498
3341 3421 3499
3342 3420 3422
3343 3421 3423 3501
3422 3424 3502
3345 3423 3503
3346 3424 3426
3347 3425 3427 3505
3348 3426 3428 3506
3349 3429 3507
3350 3428 3430 3508
3351 3431 3509
3352 3430 3432 3510
3353 3431 3433 3511
3354 3432 3434 3512
3355 3433 3435 3513
3356 3434 3436
3357 3437 3515
3436 3438 3516
3359 3437 3439 3517
3360 3438 3440
3361 3439 3441 3519
3362 3440 3442
3363 3443 3521
3364 3442 3444 3522
3365 3443 3523
3366 3444 3446 3524
3367 3447 3525
3368 3446 3448 3526
3369 3527
3370 3448 3450
3371 3451 3529
3450 3452
3373 3451 3453 3531
3374 3452 3454 3532
3375 3533
3454 3456 3534
3377 3457 3535
3456 3458
3379 3457 3459 3537
3380 3458 3460
3381 3461 3539
3382 3460 3462 3540
3383 3463 3541
3462 3464
3385 3463 3465 3543
3386 3464 3466
3387 3465 3467 3545
3466 3468
3389 3467 3547
3468 3470 3548
3391 3471 3549
3392 3470 3472 3550
3393 3473 3551
3394 3472 3474
3395 3475 3553
3474 3476
3397 3475 3555
3478
3399 3557
3478 3480 3558
3401 3479 3559
3480 3482
3403 3481 3483 3561
3404 3482 3484 3562
3405 3483 3563
3484 3486
3407 3487 3565
3408 3486 3488 3566
3409 3487 3489 3567
3410 3488 3490 3568
3411 3489 3569
3412 3490 3492
3413 3493 3571
3414 3492 3494 3572
3415 3493 3495 3573
3494 3496
3417 3495 3575
3496 3498 3576
3419 3497 3499 3577
3498 3500
3421 3499 3579
3500 3502 3580
3423 3501 3581
3424 3502 3504
3425 3503 3505 3583
3426 3504 3506
3427 3505 3507 3585
3506 3508 3586
3429 3507 3509 3587
3508 3510 3588
3431 3509 3511 3589
3432 3510 3512
3433 3513 3591
3512 3514 3592
3435 3513 3593
3514 3516 3594
3437 3515 3517 3595
3516 3518 3596
3439 3517 3597
3518 3520 3598
3441 3519 3521 3599
3520 3522 3600
3443 3521 3523 3601
3522 3524
3445 3523 3603
3446 3524 3526
3447 3527 3605
3448 3526 3528
3449 3607
3450 3528 3530 3608
3451 3531 3609
3452 3530 3532 3610
3453 3531 3533 3611
3532 3534 3612
3455 3533 3613
3456 3534 3536
3457 3615
3536 3538
3459 3617
3460 3538 3540
3461 3619
3540 3542
3463 3541 3621
3464 3542 3544
3465 3545 3623
3466 3544 3546 3624
3467 3547 3625
3468 3546 3548
3469 3547 3627
3548 3550 3628
3471 3549 3551 3629
3472 3550 3552
3473 3553 3631
3474 3552 3554 3632
3475 3553 3555 3633
3476 3554 3634
3477 3557 3635
3478 3556 3558 3636
3479 3559 3637
3480 3558 3560 3638
3481 3559 3561 3639
3482 3560 3562 3640
3483 3641
3484 3562 3564 3642
3485 3563 3565 3643
3486 3564 3566
3487 3565 3645
3488 3566 3568
3489 3567 3569 3647
3490 3568 3570 3648
3491 3569 3571 3649
3570 3572 3650
3493 3651
3572 3574 3652
3495 3573 3653
3574 3576
3497 3575 3577 3655
3498 3576 3578
3499 3577 3579 3657
3578 3580 3658
3501 3579 3659
3502 3580 3582
3503 3581 3583 3661
3582 3584 3662
3505 3585 3663
3506 3584 3586
3507 3665
3508 3586 3588 3666
3509 3587 3589 3667
3588 3590
3511 3589 3591 3669
3512 3590 3592
3513 3591 3593 3671
3514 3592 3594
3515 3593 3673
3516 3594 3596 3674
3517 3675
3518 3596 3598 3676
3519 3677
3598 3600
3521 3599 3601 3679
3600 3602
3523 3601 3681
3524 3602 3604
3525 3603 3605 3683
3526 3604 3606 3684
3527 3685
3528 3606 3608 3686
3529 3607 3609 3687
3608 3610
3531 3609 3611 3689
3532 3610 3612 3690
3533 3611 3691
3534 3612 3614 3692
3535 3613 3693
3614 3616 3694
3537 3615 3617 3695
3538 3616 3618
3539 3617 3697
3540 3618 3620 3698
3541 3699
3542 3620 3622 3700
3543 3623 3701
3544 3622 3624 3702
3545 3625 3703
3624 3626
3547 3627 3705
3548 3626 3628 3706
3549 3627 3629 3707
3550 3628 3630 3708
3551 3629 3631 3709
3630 3632 3710
3553 3631 3711
3554 3632 3634
3555 3713
3556 3636 3714
3557 3635 3637 3715
3636 3638 3716
3559 3717
3560 3638 3640 3718
3561 3719
3640 3642 3720
3563 3641 3643 3721
3564 3642 3644 3722
3565 3643 3723
3644 3646 3724
3567 3645 3725
3646 3648 3726
3569 3727
3648 3650 3728
3571 3649 3729
3650 3652 3730
3573 3731
3574 3652 3654 3732
3575 3733
3654 3656 3734
3577 3655 3657 3735
3656 3658 3736
3579 3657 3659 3737
3580 3658 3660 3738
3581 3659 3661 3739
3660 3662 3740
3583 3741
3584 3662 3664 3742
3585 3663 3665 3743
3586 3664 3666 3744
3587 3665 3745
3588 3666 3668 3746
3589 3667 3669 3747
3668 3670 3748
3591 3669 3749
3670 3672 3750
3593 3673 3751
3672 3674
3595 3673 3753
3674 3676 3754
3597 3675 3755
3598 3676 3678 3756
3599 3677 3757
3600 3678 3680
3601 3759
3602 3680 3682
3603 3681 3761
3604 3682 3684 3762
3605 3683 3685 3763
3684 3686 3764
3607 3685 3765
3608 3686 3688
3609 3689 3767
3688 3690 3768
3611 3689 3691 3769
3690 3692 3770
3613 3691 3771
3614 3692 3694 3772
3615 3773
3616 3694 3696
3617 3695 3697 3775
3696 3698
3619 3697 3777
3698 3700
3621 3701 3779
3622 3700 3702 3780
3623 3701 3781
3624 3702 3704
3625 3705 3783
3626 3704 3706
3627 3705 3707 3785
3628 3706 3708 3786
3629 3707 3709 3787
3630 3708 3710 3788
3631 3711 3789
3632 3710 3712 3790
3633 3711 3713 3791
3712 3792
3635 3715 3793
3714 3716 3794
3637 3795
3638 3716 3718 3796
3639 3797
3718 3720 3798
3641 3719 3721 3799
3642 3720 3722
3643 3801
3722 3724 3802
3645 3723 3725 3803
3724 3726 3804
3647 3725 3805
3726 3728 3806
3649 3729 3807
3728 3730 3808
3651 3729 3731 3809
3652 3730 3732
3653 3731 3733 3811
3732 3734
3655 3733 3735 3813
3734 3736 3814
3657 3737 3815
3736 3738
3659 3739 3817
3738 3740 3818
3661 3739 3819
3740 3742 3820
3663 3741 3821
3742 3744
3665 3745 3823
3744 3746
3667 3745 3747 3825
3668 3746 3748
3669 3749 3827
3670 3748 3750
3671 3829
3672 3750 3752
3673 3751 3753 3831
3674 3752 3754
3675 3833
3754 3756 3834
3677 3755 3757 3835
3678 3756 3758 3836
3679 3837
3680 3758 3760 3838
3681 3759 3761 3839
3760 3762 3840
3683 3841
3684 3762 3764 3842
3685 3763 3843
3686 3764 3766 3844
3687 3845
3688 3766 3768 3846
3689 3767 3769 3847
3690 3768 3770 3848
3691 3771 3849
3692 3770 3772
3693 3771 3851
3694 3772 3774 3852
3695 3853
3696 3774 3776 3854
3697 3775 3855
3698 3776 3778 3856
3699 3779 3857
3700 3778 3780 3858
3701 3779 3781 3859
3780 3782 3860
3703 3783 3861
3704 3782 3784
3705 3863
3706 3784 3786 3864
3707 3787 3865
3708 3786 3788 3866
3709 3787 3867
3788 3790 3868
3711 3789 3791 3869
3712 3790 3792
3713 3791 3871
3794 3872
3715 3793 3795 3873
3794 3796 3874
3717 3795 3875
3796 3798 3876
3719 3797 3799 3877
3798 3800 3878
3721 3879
3722 3800 3802 3880
3723 3801 3881
3802 3804
3725 3803 3805 3883
3726 3804 3806
3727 3805 3807 3885
3806 3808 3886
3729 3807 3887
3730 3808 3810
3731 3809 3811 3889
3732 3810 3812 3890
3733 3813 3891
3734 3812 3814
3735 3815 3893
3736 3814 3816 3894
3737 3815 3817 3895
3738 3816 3818 3896
3739 3897
3740 3818 3820
3741 3819 3899
3820 3822
3743 3821 3823 3901
3822 3824
3745 3825 3903
3824 3826 3904
3747 3825 3905
3826 3828 3906
3749 3829 3907
3828 3830 3908
3751 3829 3831 3909
3830 3832 3910
3753 3911
3832 3834 3912
3755 3835 3913
3756 3834 3836 3914
3757 3835 3915
3836 3838
3759 3837 3839 3917
3760 3838 3840
3761 3839 3919
3840 3842 3920
3763 3841 3843 3921
3764 3842 3844 3922
3765 3923
3766 3844 3846 3924
3767 3847 3925
3846 3848 3926
3769 3927
3770 3848 3850 3928
3771 3849 3851 3929
3772 3850 3852
3773 3931
3774 3852 3854
3775 3853 3933
3776 3854 3856 3934
3777 3857 3935
3778 3856 3858
3779 3857 3859 3937
3780 3858 3860 3938
3781 3859 3861 3939
3782 3860 3862 3940
3783 3861 3863 3941
3784 3862 3864
3785 3865 3943
3786 3864 3866 3944
3787 3945
3866 3868
3789 3867 3947
3790 3868 3870 3948
3791 3869 3871 3949
3792 3870
3793 3873 3951
3794 3872 3874
3795 3873 3875 3953
3796 3874 3876 3954
3797 3877 3955
3798 3876 3878 3956
3799 3879 3957
3878 3880
3801 3881 3959
3802 3880 3882 3960
3803 3881 3961
3804 3882 3884
3805 3963
3884 3886
3807 3885 3965
3808 3886 3888 3966
3809 3967
3810 3888 3890
3811 3889 3891 3969
3812 3890 3892
3813 3891 3893 3971
3814 3892 3894 3972
3815 3893 3895 3973
3816 3894 3896 3974
3817 3897 3975
3818 3896 3898 3976
3819 3899 3977
3820 3898 3900
3821 3901 3979
3822 3900 3902 3980
3823 3901 3903 3981
3824 3902 3904 3982
3825 3905 3983
3904 3906 3984
3827 3905 3907 3985
3828 3906 3908
3829 3907 3909 3987
3830 3908 3910 3988
3831 3989
3832 3910 3912 3990
3833 3913 3991
3834 3912 3914 3992
3835 3913 3993
3914 3916
3837 3915 3917 3995
3916 3918 3996
3839 3917 3919 3997
3840 3918 3920 3998
3841 3919 3921 3999
3920 3922 4000
3843 3921 4001
3922 3924
3845 3923 4003
3924 3926 4004
3847 3925 4005
3848 3926 3928 4006
3849 3927 3929 4007
3928 3930 4008
3851 3929 4009
3852 3930 3932
3853 3931 3933 4011
3854 3932 3934 4012
3855 4013
3856 3934 3936 4014
3857 3935 4015
3936 3938 4016
3859 3939 4017
3860 3938 3940
3861 3941 4019
3862 3940 3942
3863 3943 4021
3864 3942 3944 4022
3865 4023
3866 3944 3946
3867 3945 4025
3946 3948 4026
3869 3947 4027
3948 3950 4028
3871 4029
3952 4030
3873 3951 3953 4031
3952 3954 4032
3875 3955 4033
3876 3954 3956 4034
3877 3955 4035
3878 3956 3958
3879 3959 4037
3958 3960
3881 3959 3961 4039
3960 3962
3883 3961 3963 4041
3884 3962 3964
3885 3963 3965 4043
3886 3964 3966 4044
3887 3965 3967 4045
3888 3966 3968 4046
3889 3967 3969 4047
3968 3970
3891 3969 3971 4049
3892 3970 3972
3893 3971 3973 4051
3972 3974
3895 4053
3974 3976 4054
3897 3975 3977 4055
3898 3976 3978
3899 3977 4057
3978 3980 4058
3901 3979 4059
3902 3980 3982 4060
3903 4061
3904 3982 3984 4062
3905 3985 4063
3984 3986 4064
3907 3985 3987 4065
3986 3988 4066
3909 4067
3988 3990 4068
3911 3989 3991 4069
3912 3990 3992 4070
3913 4071
3992 3994 4072
3915 3993 3995 4073
3994 3996 4074
3917 3995 3997 4075
3918 3996 3998 4076
3919 3997 3999 4077
3920 3998 4000
3921 3999 4079
4000 4002 4080
3923 4003 4081
4002 4004 4082
3925 4003 4083
3926 4004 4006 4084
3927 4005 4007 4085
4006 4008 4086
3929 4087
3930 4008 4010 4088
3931 4009 4089
3932 4010 4012
3933 4011 4013 4091
3934 4012 4014 4092
3935 4013 4093
3936 4014 4016 4094
3937 4015 4095
4016 4018
3939 4019 4097
3940 4018 4020 4098
3941 4021 4099
3942 4020 4022 4100
3943 4021 4023 4101
4022 4024 4102
3945 4023 4025 4103
3946 4024 4026 4104
3947 4025 4027 4105
3948 4026 4028
3949 4027 4107
4028 4108
3951 4031 4109
4030 4032
3953 4031 4111
3954 4032 4034 4112
3955 4033 4035 4113
4034 4036
3957 4115
4036 4038 4116
3959 4037 4117
3960 4038 4040 4118
3961 4039 4119
3962 4040 4042 4120
3963 4041 4121
4042 4044 4122
3965 4043 4045 4123
3966 4044 4046
3967 4047 4125
3968 4046 4048
3969 4047 4049 4127
4048 4050 4128
3971 4049 4051 4129
3972 4050 4052
3973 4053 4131
3974 4052 4054 4132
3975 4053 4133
4054 4056
3977 4055 4057 4135
3978 4056 4058
3979 4059 4137
3980 4058 4060 4138
3981 4061 4139
3982 4060 4062
3983 4061 4141
3984 4062 4064 4142
3985 4065 4143
4064 4066 4144
3987 4145
4066 4068 4146
3989 4067 4069 4147
3990 4068 4070
3991 4149
3992 4070 4072 4150
3993 4071 4151
3994 4072 4074
3995 4073 4075 4153
3996 4074 4076 4154
3997 4075 4077 4155
3998 4076 4078 4156
3999 4077 4079 4157
4000 4078 4080 4158
4001 4159
4080 4082 4160
4003 4161
4082 4084
4005 4083 4085 4163
4006 4084 4086
4007 4165
4008 4086 4088 4166
4009 4087 4089 4167
4010 4088 4090
4011 4089 4169
4012 4090 4092 4170
4013 4091 4171
4014 4092 4094 4172
4015 4093 4173
4016 4094 4096 4174
4017 4175
4018 4096 4098 4176
4019 4097 4177
4020 4098 4100
4021 4099 4101 4179
4100 4102 4180
4023 4101 4181
4024 4102 4104 4182
4025 4103 4183
4026 4104 4106 4184
4027 4105 4107 4185
4106 4108 4186
4029 4107 4187
4030 4110 4188
4031 4109 4189
4110 4112 4190
4033 4111 4113 4191
4112 4114 4192
4035 4113 4193
4036 4114 4116 4194
4037 4115 4195
4038 4116 4118 4196
4039 4117 4119 4197
4118 4120
4041 4119 4121 4199
4042 4120 4122
4043 4121 4123 4201
4044 4122 4124 4202
4045 4125 4203
4124 4126 4204
4047 4127 4205
4048 4126 4128 4206
4049 4127 4207
4050 4128 4130 4208
4051 4131 4209
4052 4130 4132 4210
4053 4131 4211
4054 4132 4134 4212
4055 4133 4135 4213
4134 4136
4057 4215
4136 4138
4059 4137 4217
4060 4138 4140 4218
4061 4139 4219
4140 4142 4220
4063 4221
4064 4142 4144 4222
4065 4223
4066 4144 4146
4067 4145 4147 4225
4068 4146 4148 4226
4069 4147 4149 4227
4148 4150 4228
4071 4229
4072 4150 4152 4230
4073 4231
4074 4152 4154 4232
4075 4155 4233
4154 4156 4234
4077 4155 4157 4235
4078 4156 4158 4236
4079 4157 4237
4158 4160
4081 4161 4239
4082 4160 4162
4083 4161 4163 4241
4162 4164 4242
4085 4243
4086 4164 4166 4244
4087 4167 4245
4166 4168
4089 4169 4247
4168 4170
4091 4169 4171 4249
4170 4172 4250
4093 4173 4251
4094 4172 4174 4252
4095 4173 4253
4174 4176
4097 4177 4255
4098 4176 4178
4099 4177 4179 4257
4178 4180
4101 4259
4102 4180 4182
4103 4183 4261
4104 4182 4184
4105 4185 4263
4106 4184 4186 4264
4107 4185 4265
4108 4186
4109 4189 4267
4110 4188 4190 4268
4111 4269
4190 4192
4113 4191 4271
4114 4192 4194 4272
4115 4193 4195 4273
4194 4196 4274
4117 4275
4118 4196 4198 4276
4119 4277
4120 4198 4200 4278
4121 4199 4279
4122 4200 4202
4123 4201 4203 4281
4124 4202 4204
4125 4203 4283
4126 4204 4206
4127 4205 4285
4128 4206 4208
4129 4209 4287
4130 4208 4210 4288
4131 4211 4289
4132 4210 4212 4290
4133 4213 4291
4134 4212 4214
4135 4213 4293
4136 4214 4216
4137 4217 4295
4138 4216 4218 4296
4139 4297
4140 4218 4220
4141 4219 4299
4142 4220 4222 4300
4143 4223 4301
4222 4224 4302
4145 4223 4303
4146 4224 4226
4147 4227 4305
4148 4226 4228 4306
4149 4227 4307
4150 4228 4230
4151 4231 4309
4230 4232 4310
4153 4233 4311
4154 4232 4234
4155 4313
4234 4236
4157 4235 4237 4315
4236 4238
4159 4237 4239 4317
4160 4238 4240
4161 4241 4319
4240 4242 4320
4163 4241 4243 4321
4164 4242 4244
4165 4245 4323
4166 4244 4246 4324
4167 4245 4325
4168 4246 4248
4169 4247 4327
4248 4250 4328
4171 4249 4329
4172 4250 4252 4330
4173 4331
4252 4254 4332
4175 4255 4333
4176 4254 4256
4177 4255 4257 4335
4178 4256 4258 4336
4179 4337
4180 4258 4260 4338
4181 4259 4261 4339
4182 4260 4262
4183 4261 4263 4341
4262 4264
4185 4263 4265 4343
4264 4266 4344
4187 4345
4188 4268
4189 4269 4347
4190 4268 4270 4348
4191 4271 4349
4192 4270 4272
4193 4271 4273 4351
4194 4272 4274 4352
4195 4353
4196 4274 4276 4354
4197 4277 4355
4198 4276 4278 4356
4199 4279 4357
4278 4280 4358
4201 4279 4281 4359
4202 4280 4282 4360
4203 4283 4361
4282 4284 4362
4205 4283 4285 4363
4284 4286 4364
4207 4285 4365
4286 4288
4209 4287 4367
4288 4290 4368
4211 4289 4291 4369
4212 4290 4292 4370
4213 4291 4293 4371
4292 4294 4372
4215 4293 4295 4373
4216 4294 4296 4374
4217 4295 4297 4375
4218 4296 4298
4219 4297 4299 4377
4220 4298 4300
4221 4301 4379
4300 4302
4223 4301 4303 4381
4224 4302 4304
4225 4383
4304 4306
4227 4305 4307 4385
4306 4308 4386
4229 4307 4309 4387
4230 4308 4310
4231 4309 4389
4310 4312
4233 4313 4391
4312 4314
4235 4313 4315 4393
4236 4314 4316 4394
4237 4317 4395
4238 4316 4318
4239 4317 4319 4397
4318 4320 4398
4241 4319 4321 4399
4242 4320 4322 4400
4243 4401
4322 4324 4402
4245 4323 4325 4403
4246 4324 4326 4404
4247 4327 4405
4326 4328
4249 4327 4407
4328 4330
4251 4329 4331 4409
4252 4330 4332 4410
4253 4331 4411
4254 4332 4334
4255 4333 4335 4413
4334 4336 4414
4257 4415
4336 4338
4259 4337 4417
4338 4340 4418
4261 4341 4419
4262 4340 4342
4263 4341 4421
4342 4344 4422
4265 4343 4345 4423
4266 4344 4424
4267 4347 4425
4346 4348
4269 4347 4427
4270 4348 4350
4271 4349 4351 4429
4350 4352 4430
4273 4351 4353 4431
4274 4352 4354 4432
4275 4433
4276 4354 4356 4434
4277 4355 4357 4435
4278 4356 4358
4279 4357 4359 4437
4280 4358 4360 4438
4281 4359 4361 4439
4360 4362
4283 4361 4441
4362 4364 4442
4285 4363 4443
4364 4366 4444
4287 4445
4366 4368
4289 4369 4447
4290 4368 4370
4291 4449
4292 4370 4372 4450
4293 4373 4451
4294 4372 4374
4295 4373 4453
4374 4376 4454
4297 4377 4455
4376 4378 4456
4299 4377 4379 4457
4378 4380 4458
4301 4379 4381 4459
4302 4380 4382
4303 4381 4461
4304 4382 4384 4462
4305 4463
4306 4384 4386
4307 4385 4465
4386 4388
4309 4387 4467
4310 4388 4390 4468
4311 4389 4469
4390 4392
4313 4391 4393 4471
4314 4392 4394
4315 4393 4473
4316 4394 4396 4474
4317 4475
4318 4396 4398 4476
4319 4477
4398 4400
4321 4399 4479
4400 4402 4480
4323 4401 4403 4481
4324 4402 4404 4482
4325 4483
4404 4406
4327 4405 4407 4485
4328 4406 4408 4486
4329 4409 4487
4408 4410 4488
4331 4489
4410 4412 4490
4333 4411 4491
4412 4414
4335 4413 4415 4493
4336 4414 4416 4494
4337 4415 4495
4416 4418 4496
4339 4497
4418 4420 4498
4341 4419 4421 4499
4342 4420 4422 4500
4343 4421 4423 4501
4422 4424
4345 4503
4346 4426 4504
4347 4425 4505
4426 4428 4506
4349 4427 4429 4507
4428 4430
4351 4509
4430 4432 4510
4353 4433 4511
4432 4434 4512
4355 4435 4513
4356 4434 4436 4514
4357 4437 4515
4436 4438
4359 4437 4439 4517
4360 4438 4440
4361 4519
4440 4442
4363 4441 4443 4521
4364 4442 4444
4365 4445 4523
4366 4444 4446 4524
4367 4445 4525
4446 4448 4526
4369 4447 4449 4527
4448 4450 4528
4371 4449 4451 4529
4450 4452
4373 4451 4453 4531
4452 4454
4375 4453 4455 4533
4376 4454 4456 4534
4377 4455 4457 4535
4456 4458
4379 4537
4380 4458 4460 4538
4381 4459 4461 4539
4382 4460 4462
4383 4461 4463 4541
4384 4462 4464 4542
4385 4465 4543
4464 4466 4544
4387 4465 4545
4388 4466 4468
4389 4547
4468 4470 4548
4391 4469 4471 4549
4470 4472
4393 4471 4551
4472 4474 4552
4395 4475 4553
4474 4476
4397 4477 4555
4476 4478 4556
4399 4557
4478 4480 4558
4401 4479 4481 4559
4480 4482
4403 4481 4561
4404 4482 4484 4562
4405 4483 4485 4563
4406 4484 4486 4564
4407 4485 4487 4565
4486 4488 4566
4409 4567
4488 4490 4568
4411 4569
4490 4492 4570
4413 4571
4492 4494 4572
4415 4573
4416 4494 4496 4574
4417 4575
4418 4496 4498 4576
4419 4497 4499 4577
4420 4498 4500 4578
4421 4499 4579
4500 4502 4580
4423 4503 4581
4424 4502 4582
4425 4505 4583
4426 4504 4506 4584
4427 4507 4585
4428 4506 4508
4429 4509 4587
4508 4510 4588
4431 4509 4589
4432 4510 4512
4433 4511 4513 4591
4434 4512 4514
4435 4515 4593
4514 4516 4594
4437 4515 4517 4595
4516 4518 4596
4439 4517 4519 4597
4440 4518 4520 4598
4441 4521 4599
4520 4522 4600
4443 4521 4601
4522 4524 4602
4445 4523 4603
4446 4524 4526 4604
4447 4527 4605
4448 4526 4528 4606
4449 4527 4607
4450 4528 4530
4451 4529 4531 4609
4452 4530 4532 4610
4453 4611
4532 4534
4455 4533 4535 4613
4534 4536 4614
4457 4537 4615
4536 4538
4459 4617
4538 4540 4618
4461 4539 4541 4619
4462 4540 4542 4620
4463 4541 4543 4621
4542 4544
4465 4543 4623
4544 4546
4467 4545 4547 4625
4546 4548
4469 4547 4627
4470 4548 4550 4628
4471 4549 4551 4629
4472 4550 4552 4630
4473 4551 4553 4631
4474 4552 4554
4475 4553 4555 4633
4476 4554 4556 4634
4477 4555 4557 4635
4478 4556 4558 4636
4479 4559 4637
4480 4558 4560
4481 4559 4639
4560 4562
4483 4561 4563 4641
4484 4562 4564 4642
4485 4563 4565 4643
4486 4564 4566
4487 4567 4645
4488 4566 4568
4489 4647
4490 4568 4570 4648
4491 4569 4571 4649
4570 4572 4650
4493 4571 4651
4494 4572 4574 4652
4495 4573 4575 4653
4574 4576 4654
4497 4577 4655
4576 4578
4499 4577 4657
4500 4578 4580 4658
4501 4579 4659
4580 4582 4660
4503 4581 4661
4584 4662
4505 4583 4663
4506 4584 4586
4507 4585 4665
4508 4586 4588 4666
4509 4667
4510 4588 4590
4511 4589 4669
4512 4590 4592
4513 4671
4514 4592 4594 4672
4515 4593 4673
4516 4594 4596 4674
4517 4595 4597 4675
4596 4598
4519 4597 4677
4520 4598 4600
4521 4599 4679
4522 4600 4602
4523 4681
4524 4602 4604
4525 4603 4683
4526 4604 4606 4684
4527 4605 4607 4685
4528 4606 4608
4529 4609 4687
4530 4608 4610 4688
4531 4609 4689
4532 4610 4612 4690
4533 4611 4613 4691
4612 4614 4692
4535 4693
4536 4614 4616 4694
4537 4615 4617 4695
4538 4616 4618
4539 4619 4697
4618 4620 4698
4541 4699
4542 4620 4622
4543 4623 4701
4544 4622 4624 4702
4545 4703
4624 4626
4547 4705
4626 4628 4706
4549 4627 4629 4707
4550 4628 4630 4708
4551 4631 4709
4630 4632
4553 4631 4633 4711
4554 4632 4634
4555 4635 4713
4634 4636
4557 4637 4715
4558 4636 4638
4559 4717
4638 4640 4718
4561 4639 4719
4562 4640 4642
4563 4641 4643 4721
4564 4642 4644
4565 4643 4645 4723
4644 4646
4567 4645 4647 4725
4568 4646 4648 4726
4569 4647 4649 4727
4648 4650
4571 4649 4729
4572 4650 4652 4730
4573 4651 4653 4731
4574 4652 4654
4575 4653 4733
4654 4656
4577 4735
4656 4658
4579 4657 4659 4737
4580 4658 4660 4738
4581 4659 4661 4739
4582 4660 4740
4583 4663 4741
4662 4664
4585 4665 4743
4586 4664 4666
4587 4745
4666 4668 4746
4589 4667 4747
4668 4670 4748
4591 4669 4749
4592 4670 4672 4750
4593 4671 4673 4751
4672 4674 4752
4595 4675 4753
4674 4676
4597 4675 4677 4755
4676 4678 4756
4599 4677 4757
4600 4678 4680 4758
4601 4759
4602 4680 4682 4760
4603 4681 4683 4761
4604 4682 4684 4762
4605 4683 4685 4763
4684 4686 4764
4607 4685 4765
4686 4688
4609 4767
4688 4690 4768
4611 4689 4691 4769
4612 4690 4692
4613 4693 4771
4692 4694
4615 4693 4695 4773
4694 4696 4774
4617 4697 4775
4618 4696 4698 4776
4619 4697 4699 4777
4620 4698 4700 4778
4621 4779
4700 4702
4623 4701 4703 4781
4624 4702 4704 4782
4625 4703 4705 4783
4626 4704 4706
4627 4785
4628 4706 4708 4786
4629 4707 4787
4630 4708 4710 4788
4631 4789
4632 4710 4712 4790
4633 4791
4634 4712 4714 4792
4635 4713 4793
4636 4714 4716 4794
4637 4715 4717 4795
4638 4716 4718 4796
4639 4719 4797
4718 4720
4641 4721 4799
4642 4720 4722 4800
4643 4721 4723 4801
4644 4722 4724 4802
4645 4723 4803
4724 4726
4647 4725 4805
4648 4726 4728 4806
4649 4727 4729 4807
4650 4728 4730
4651 4729 4731 4809
4652 4730 4732 4810
4653 4731 4811
4654 4732 4734 4812
4655 4735 4813
4656 4734 4736 4814
4657 4815
4658 4736 4738
4659 4737 4739 4817
4660 4738 4740
4661 4739 4819
4742 4820
4663 4741 4743 4821
4742 4744
4665 4743 4823
4744 4746 4824
4667 4745 4747 4825
4746 4748 4826
4669 4749 4827
4670 4748 4750
4671 4749 4829
4750 4752
4673 4751 4831
4674 4752 4754
4675 4833
4754 4756 4834
4677 4755 4757 4835
4678 4756 4758 4836
4679 4759 4837
4758 4760 4838
4681 4759 4761 4839
4760 4762 4840
4683 4841
4762 4764
4685 4763 4765 4843
4686 4764 4766 4844
4687 4765 4767 4845
4766 4768
4689 4767 4769 4847
4690 4768 4770 4848
4691 4769 4849
4770 4772
4693 4771 4851
4694 4772 4774 4852
4695 4775 4853
4774 4776
4697 4775 4855
4776 4778 4856
4699 4777 4779 4857
4778 4780 4858
4701 4779 4859
4702 4780 4782
4703 4781 4783 4861
4782 4784 4862
4705 4783 4785 4863
4784 4786 4864
4707 4865
4786 4788 4866
4709 4787 4789 4867
4788 4790
4711 4869
4790 4792
4713 4791 4793 4871
4714 4792 4794 4872
4715 4873
4794 4796
4717 4797 4875
4718 4796 4798
4719 4797 4877
4720 4798 4800
4721 4799 4801 4879
4722 4800 4802 4880
4723 4801 4803 4881
4724 4802 4804 4882
4725 4803 4805 4883
4726 4804 4806 4884
4727 4805 4885
4806 4808
4729 4887
4808 4810 4888
4731 4809 4811 4889
4810 4812 4890
4733 4811 4813 4891
4734 4812 4814
4735 4893
4736 4814 4816
4737 4815 4895
4738 4816 4818
4739 4897
4818 4898
4741 4821 4899
4742 4820 4822 4900
4743 4821 4823 4901
4822 4824 4902
4745 4903
4746 4824 4826
4747 4827 4905
4748 4826 4828 4906
4749 4827 4829 4907
4750 4828 4830
4751 4909
4830 4832 4910
4753 4831 4911
4754 4832 4834 4912
4755 4833 4913
4756 4834 4836 4914
4757 4915
4836 4838 4916
4759 4839 4917
4760 4838 4840 4918
4761 4839 4919
4840 4842 4920
4763 4841 4921
4842 4844 4922
4765 4843 4845 4923
4766 4844 4846 4924
4767 4845 4847 4925
4846 4848 4926
4769 4927
4770 4848 4850 4928
4771 4929
4772 4850 4852
4773 4851 4853 4931
4774 4852 4854
4775 4853 4855 4933
4776 4854 4856
4777 4855 4857 4935
4778 4856 4858 4936
4779 4937
4858 4860
4781 4861 4939
4860 4862 4940
4783 4863 4941
4784 4862 4864 4942
4785 4943
4864 4866
4787 4865 4867 4945
4866 4868 4946
4789 4867 4947
4790 4868 4870
4791 4949
4792 4870 4872
4793 4871 4873 4951
4872 4874
4795 4875 4953
4796 4874 4876
4797 4875 4877 4955
4798 4876 4878
4799 4877 4879 4957
4800 4878 4880
4801 4879 4959
4880 4882
4803 4883 4961
4882 4884
4805 4885 4963
4806 4884 4886 4964
4807 4887 4965
4886 4888 4966
4809 4887 4889 4967
4888 4890
4811 4969
4812 4890 4892 4970
4813 4891 4893 4971
4892 4894 4972
4815 4895 4973
4894 4896
4817 4975
4818 4896 4898 4976
4819 4977
4820 4900 4978
4821 4901 4979
4822 4900 4902 4980
4823 4901 4981
4902 4904 4982
4825 4903 4983
4904 4906 4984
4827 4905 4985
4828 4906 4908 4986
4829 4907 4987
4908 4910
4831 4909 4989
4832 4910 4912 4990
4833 4913 4991
4912 4914 4992
4835 4913 4915 4993
4836 4914 4916 4994
4837 4915 4995
4916 4918 4996
4839 4997
4840 4918 4920 4998
4841 4919 4921 4999
4842 4920 4922 5000
4843 4923 5001
4844 4922 4924
4845 4923 4925 5003
4924 4926 5004
4847 4925 4927 5005
4848 4926 4928 5006
4849 4929 5007
4928 4930 5008
4851 4929 5009
4852 4930 4932
4853 4931 5011
4932 4934 5012
4855 4933 5013
4934 4936 5014
4857 4937 5015
4858 4936 4938
4859 4937 4939 5017
4860 4938 4940 5018
4861 4939 5019
4940 4942 5020
4863 4941 5021
4864 4942 4944 5022
4865 4945 5023
4866 4944 4946 5024
4867 4945 4947 5025
4868 4946 4948
4869 4947 5027
4948 4950 5028
4871 5029
4950 4952
4873 4951 4953 5031
4874 4952 4954 5032
4875 4953 5033
4876 4954 4956
4877 4955 4957 5035
4956 4958 5036
4879 4959 5037
4880 4958 4960 5038
4881 4959 5039
4882 4960 4962
4883 4963 5041
4884 4962 4964 5042
4885 4965 5043
4886 4964 4966 5044
4887 4965 4967 5045
4888 4966 4968 5046
4889 4969 5047
4968 4970 5048
4891 5049
4970 4972 5050
4893 4971 4973 5051
4972 4974 5052
4895 4973 5053
4974 4976 5054
4897 4975 5055
4898 4976 5056
4899 5057
4978 4980
4901 4979 4981 5059
4902 4980 4982 5060
4903 4981 5061
4904 4982 4984
4905 5063
4984 4986
4907 5065
4908 4986 4988 5066
4909 4989 5067
4910 4988 4990 5068
4911 4989 5069
4912 4990 4992 5070
4913 4991 4993 5071
4914 4992 4994 5072
4915 4995 5073
4916 4994 4996 5074
4917 4995 4997 5075
4918 4996 4998 5076
4919 4999 5077
4998 5000
4921 5079
5000 5002 5080
4923 5001 5003 5081
4924 5002 5004
4925 5083
4926 5004 5006 5084
4927 5005 5007 5085
4928 5006 5008
4929 5007 5087
4930 5008 5010 5088
4931 5009 5089
4932 5010 5012
4933 5011 5091
4934 5012 5014
4935 5013 5093
5014 5016 5094
4937 5095
4938 5016 5018 5096
4939 5097
4940 5018 5020 5098
4941 5019 5099
4942 5020 5022
4943 5023 5101
5022 5024 5102
4945 5025 5103
5024 5026
4947 5025 5027 5105
5026 5028
4949 5107
5028 5030 5108
4951 5029 5031 5109
4952 5030 5032
4953 5033 5111
5032 5034 5112
4955 5033 5113
4956 5034 5036 5114
4957 5035 5037 5115
5036 5038 5116
4959 5037 5039 5117
4960 5038 5040
4961 5039 5041 5119
4962 5040 5042
4963 5041 5043 5121
5042 5044
4965 5045 5123
4966 5044 5046
4967 5047 5125
4968 5046 5048
4969 5127
4970 5048 5050 5128
4971 5049 5129
4972 5050 5052 5130
4973 5051 5053 5131
5052 5054 5132
4975 5053 5133
4976 5054 5056
4977 5055 5135
5058 5136
4979 5057 5137
5058 5060 5138
4981 5139
5060 5062 5140
4983 5061 5063 5141
4984 5062 5064 5142
4985 5065 5143
4986 5064 5066 5144
4987 5145
5066 5068 5146
4989 5067 5147
4990 5068 5070 5148
4991 5071 5149
5070 5072 5150
4993 5071 5151
5072 5074
4995 5073 5075 5153
5074 5076
4997 5155
5076 5078
4999 5077 5079 5157
5000 5078 5080
5001 5079 5159
5002 5080 5082 5160
5003 5081 5083 5161
5082 5084 5162
5005 5083 5085 5163
5084 5086 5164
5007 5085 5087 5165
5086 5088 5166
5009 5089 5167
5088 5090
5011 5089 5091 5169
5012 5090 5092
5013 5093 5171
5014 5092 5094
5015 5093 5173
5016 5094 5096
5017 5175
5096 5098 5176
5019 5099 5177
5020 5098 5100 5178
5021 5179
5022 5100 5102 5180
5023 5101 5181
5024 5102 5104
5025 5103 5105 5183
5026 5104 5106 5184
5027 5105 5185
5028 5106 5108 5186
5029 5107 5109 5187
5108 5110
5031 5189
5032 5110 5112
5033 5111 5191
5034 5112 5114 5192
5035 5115 5193
5036 5114 5116 5194
5037 5117 5195
5116 5118
5039 5117 5119 5197
5040 5118 5120
5041 5119 5121 5199
5120 5122 5200
5043 5121 5201
5122 5124
5045 5123 5125 5203
5046 5124 5126
5047 5127 5205
5126 5128 5206
5049 5207
5128 5130
5051 5209
5130 5132 5210
5053 5133 5211
5132 5134
5055 5133 5135 5213
5056 5134 5214
5057 5137 5215
5058 5136 5138 5216
5059 5217
5060 5138 5140 5218
5061 5139 5141 5219
5140 5142 5220
5063 5141 5143 5221
5142 5144
5065 5223
5066 5144 5146 5224
5067 5145 5147 5225
5068 5146 5148
5069 5147 5227
5070 5148 5150 5228
5071 5151 5229
5150 5152 5230
5073 5151 5231
5074 5152 5154 5232
5075 5153 5155 5233
5076 5154 5156 5234
5077 5157 5235
5078 5156 5158 5236
5079 5237
5158 5160
5081 5159 5161 5239
5082 5160 5162
5083 5161 5241
5084 5162 5164 5242
5085 5163 5243
5086 5164 5166 5244
5087 5165 5167 5245
5166 5168
5089 5167 5247
5090 5168 5170 5248
5091 5169 5171 5249
5170 5172 5250
5093 5171 5173 5251
5094 5172 5174
5095 5173 5175 5253
5096 5174 5176 5254
5097 5177 5255
5098 5176 5178 5256
5099 5179 5257
5178 5180 5258
5101 5259
5180 5182 5260
5103 5181 5261
5182 5184 5262
5105 5183 5185 5263
5106 5184 5186 5264
5107 5185 5187 5265
5108 5186 5188
5109 5187 5189 5267
5110 5188 5190
5111 5189 5191 5269
5112 5190 5192
5113 5193 5271
5192 5194
5115 5193 5273
5116 5194 5196
5117 5197 5275
5196 5198 5276
5119 5197 5277
5120 5198 5200 5278
5121 5201 5279
5122 5200 5202 5280
5123 5281
5124 5202 5204 5282
5125 5203 5205 5283
5204 5206
5127 5285
5206 5208 5286
5129 5207 5209 5287
5130 5208 5210 5288
5131 5209 5211 5289
5210 5212 5290
5133 5211 5291
5134 5212 5214 5292
5135 5213 5293
5216 5294
5137 5215 5295
5138 5216 5218 5296
5139 5217 5297
5140 5218 5220
5141 5219 5299
5220 5222 5300
5143 5223 5301
5222 5224 5302
5145 5223 5303
5224 5226 5304
5147 5227 5305
5148 5226 5228 5306
5149 5229 5307
5150 5228 5230
5151 5229 5309
5152 5230 5232
5153 5311
5232 5234 5312
5155 5233 5313
5234 5236
5157 5235 5237 5315
5236 5238 5316
5159 5237 5317
5160 5238 5240 5318
5161 5239 5319
5162 5240 5242 5320
5163 5241 5243 5321
5242 5244 5322
5165 5243 5245 5323
5244 5246 5324
5167 5245 5325
5168 5246 5248
5169 5327
5170 5248 5250 5328
5171 5251 5329
5250 5252 5330
5173 5251 5253 5331
5252 5254 5332
5175 5253 5255 5333
5254 5256
5177 5335
5256 5258
5179 5257 5259 5337
5258 5260
5181 5339
5182 5260 5262 5340
5183 5263 5341
5184 5262 5264 5342
5185 5343
5264 5266 5344
5187 5267 5345
5188 5266 5268
5189 5347
5190 5268 5270
5191 5269 5271 5349
5270 5272
5193 5271 5351
5194 5272 5274 5352
5195 5273 5275 5353
5274 5276
5197 5275 5277 5355
5198 5276 5278 5356
5199 5279 5357
5278 5280 5358
5201 5279 5281 5359
5202 5280 5282 5360
5203 5283 5361
5204 5282 5284 5362
5205 5363
5284 5286
5207 5287 5365
5208 5286 5288 5366
5209 5367
5210 5288 5290 5368
5211 5289 5291 5369
5212 5290 5292 5370
5213 5293 5371
5292 5372
5215 5373
5294 5296 5374
5217 5297 5375
5218 5296 5298
5219 5299 5377
5220 5298 5300
5221 5299 5301 5379
5222 5300 5302 5380
5223 5301 5381
5224 5302 5304 5382
5225 5303 5305 5383
5304 5306 5384
5227 5307 5385
5228 5306 5308 5386
5229 5387
5230 5308 5310 5388
5231 5311 5389
5310 5312 5390
5233 5311 5391
5234 5312 5314 5392
5235 5313 5393
5314 5316 5394
5237 5317 5395
5238 5316 5318 5396
5239 5317 5397
5240 5318 5320
5241 5321 5399
5242 5320 5322 5400
5243 5321 5323 5401
5244 5322 5324 5402
5245 5403
5246 5324 5326
5247 5405
5248 5326 5328 5406
5249 5407
5250 5328 5330 5408
5251 5329 5331 5409
5330 5332 5410
5253 5333 5411
5254 5332 5334 5412
5255 5333 5335 5413
5334 5336 5414
5257 5337 5415
5258 5336 5338
5259 5337 5339 5417
5260 5338 5340
5261 5339 5341 5419
5340 5342
5263 5343 5421
5264 5342 5344
5265 5343 5345 5423
5266 5344 5346 5424
5267 5425
5268 5346 5348 5426
5269 5347 5427
5270 5348 5350
5271 5429
5272 5350 5352
5273 5431
5352 5354 5432
5275 5353 5355 5433
5276 5354 5356
5277 5357 5435
5356 5358 5436
5279 5357 5359 5437
5358 5360
5281 5359 5439
5282 5360 5362 5440
5283 5361 5363 5441
5284 5362 5364
5285 5365 5443
5364 5366
5287 5365 5367 5445
5288 5366 5368
5289 5367 5369 5447
5290 5368 5370 5448
5291 5449
5370 5372 5450
5293 5451
5294 5374 5452
5295 5373 5375 5453
5374 5376 5454
5297 5375 5377 5455
5298 5376 5378 5456
5299 5377 5457
5300 5378 5380 5458
5301 5381 5459
5302 5380 5382
5303 5381 5461
5382 5384
5305 5383 5385 5463
5306 5384 5386 5464
5307 5385 5465
5308 5386 5388 5466
5309 5467
5310 5388 5390 5468
5311 5389 5391 5469
5390 5392 5470
5313 5391 5393 5471
5314 5392 5394 5472
5315 5393 5473
5316 5394 5396 5474
5317 5397 5475
5396 5398 5476
5319 5397 5399 5477
5320 5398 5400
5321 5399 5401 5479
5322 5400 5402
5323 5403 5481
5402 5404 5482
5325 5403 5483
5326 5404 5406
5327 5407 5485
5406 5408
5329 5409 5487
5330 5408 5410 5488
5331 5409 5411 5489
5410 5412
5333 5411 5413 5491
5334 5412 5414 5492
5335 5415 5493
5414 5416
5337 5417 5495
5338 5416 5418
5339 5497
5340 5418 5420 5498
5341 5421 5499
5342 5420 5422
5343 5423 5501
5344 5422 5424 5502
5345 5423 5425 5503
5346 5424 5426 5504
5347 5425 5505
5348 5426 5428 5506
5349 5427 5429 5507
5428 5430 5508
5351 5429 5509
5352 5430 5432
5353 5431 5511
5354 5432 5434 5512
5355 5433 5513
5434 5436 5514
5357 5435 5437 5515
5358 5436 5438
5359 5437 5517
5438 5440
5361 5441 5519
5362 5440 5442 5520
5363 5441 5443 5521
5442 5444 5522
5365 5445 5523
5366 5444 5446 5524
5367 5447 5525
5368 5446 5448
5369 5447 5527
5448 5450 5528
5371 5451 5529
5450 5530
5373 5453 5531
5374 5452 5454 5532
5375 5453 5533
5454 5456
5377 5457 5535
5378 5456 5458
5379 5537
5380 5458 5460 5538
5381 5459 5539
5382 5460 5462
5383 5541
5384 5462 5464
5385 5463 5465 5543
5386 5464 5466 5544
5387 5465 5467 5545
5388 5466 5468
5389 5467 5469 5547
5390 5468 5470 5548
5391 5469 5471 5549
5392 5470 5472 5550
5393 5471 5473 5551
5394 5472 5474
5395 5475 5553
5396 5474 5476
5397 5475 5477 5555
5476 5478 5556
5399 5557
5478 5480
5401 5481 5559
5480 5482 5560
5403 5481 5561
5404 5482 5484 5562
5405 5485 5563
5406 5484 5486 5564
5407 5487 5565
5408 5486 5488 5566
5409 5489 5567
5410 5488 5490 5568
5411 5489 5569
5412 5490 5492 5570
5413 5493 5571
5414 5492 5494 5572
5415 5493 5495 5573
5416 5494 5496 5574
5417 5495 5575
5418 5496 5498
5419 5577
5498 5500
5421 5501 5579
5500 5502
5423 5501 5503 5581
5424 5502 5504
5425 5503 5583
5426 5504 5506 5584
5427 5505 5585
5428 5506 5508
5429 5507 5587
5430 5508 5510 5588
5431 5509 5511 5589
5432 5510 5512 5590
5433 5591
5434 5512 5514 5592
5435 5593
5436 5514 5516 5594
5437 5517 5595
5438 5516 5518
5439 5517 5597
5440 5518 5520 5598
5441 5519 5599
5442 5520 5522 5600
5443 5521 5523 5601
5522 5524
5445 5523 5525 5603
5446 5524 5526
5447 5527 5605
5526 5528 5606
5449 5529 5607
5450 5528 5530 5608
5451 5609
5532
5453 5531 5611
5454 5532 5534 5612
5455 5613
5534 5536
5457 5615
5458 5536 5538 5616
5459 5537 5539 5617
5538 5540 5618
5461 5541 5619
5462 5540 5542
5463 5621
5464 5542 5544
5465 5545 5623
5466 5544 5546 5624
5467 5545 5547 5625
5546 5548 5626
5469 5547 5627
5470 5548 5550 5628
5471 5551 5629
5472 5550 5552
5473 5551 5553 5631
5552 5554 5632
5475 5553 5555 5633
5476 5554 5556
5477 5555 5635
5478 5556 5558
5479 5557 5559 5637
5558 5560
5481 5639
5482 5560 5562 5640
5483 5641
5484 5562 5564
5485 5563 5565 5643
5564 5566 5644
5487 5565 5645
5488 5566 5568
5489 5567 5569 5647
5568 5570
5491 5571 5649
5492 5570 5572 5650
5493 5571 5573 5651
5572 5574
5495 5573 5575 5653
5574 5576
5497 5575 5655
5576 5578
5499 5577 5579 5657
5578 5580
5501 5659
5580 5582
5503 5583 5661
5504 5582 5584
5505 5583 5585 5663
5506 5584 5586 5664
5507 5587 5665
5586 5588
5509 5587 5589 5667
5510 5588 5590
5511 5591 5669
5512 5590 5592
5513 5591 5593 5671
5592 5594 5672
5515 5593 5595 5673
5516 5594 5596
5517 5595 5597 5675
5518 5596 5598
5519 5597 5599 5677
5520 5598 5600 5678
5521 5599 5601 5679
5600 5602
5523 5601 5603 5681
5524 5602 5604 5682
5525 5603 5683
5604 5606 5684
5527 5605 5607 5685
5528 5606 5608
5529 5607 5609 5687
5530 5608
5531 5611 5689
5532 5610 5612
5533 5611 5691
5534 5612 5614
5535 5613 5615 5693
5614 5616 5694
5537 5617 5695
5616 5618 5696
5539 5697
5540 5618 5620
5541 5699
5542 5620 5622
5543 5621 5623 5701
5622 5624 5702
5545 5625 5703
5546 5624 5626
5547 5625 5705
5626 5628 5706
5549 5627 5629 5707
5550 5628 5630
5551 5631 5709
5630 5632 5710
5553 5631 5711
5554 5632 5634
5555 5633 5635 5713
5556 5634 5636
5557 5635 5715
5558 5636 5638 5716
5559 5639 5717
5560 5638 5640 5718
5561 5641 5719
5562 5640 5642 5720
5563 5641 5643 5721
5564 5642 5644 5722
5565 5723
5566 5644 5646 5724
5567 5725
5568 5646 5648 5726
5569 5649 5727
5648 5650 5728
5571 5651 5729
5650 5652 5730
5573 5653 5731
5574 5652 5654 5732
5575 5653 5655 5733
5576 5654 5656
5577 5655 5657 5735
5578 5656 5658 5736
5579 5657 5737
5580 5658 5660
5581 5659 5661 5739
5582 5660 5662 5740
5583 5661 5741
5662 5664
5585 5663 5665 5743
5586 5664 5666 5744
5587 5665 5667 5745
5588 5666 5668
5589 5667 5747
5590 5668 5670 5748
5591 5669 5671 5749
5670 5672 5750
5593 5671 5673 5751
5594 5672 5674 5752
5595 5675 5753
5596 5674 5676
5597 5675 5677 5755
5598 5676 5678
5599 5757
5678 5680
5601 5681 5759
5602 5680 5682 5760
5603 5681 5683 5761
5682 5684
5605 5683 5763
5684 5686
5607 5685 5765
5608 5686 5688 5766
5609 5687 5767
5610 5690
5611 5689 5691 5769
5690 5692
5613 5691 5771
5614 5692 5694
5615 5693 5695 5773
5616 5694 5696
5617 5697 5775
5618 5696 5698
5619 5697 5699 5777
5620 5698 5700
5621 5779
5622 5700 5702 5780
5623 5701 5703 5781
5624 5702 5704
5625 5703 5705 5783
5704 5706
5627 5785
5706 5708 5786
5629 5707 5709 5787
5630 5708 5710
5631 5711 5789
5710 5712 5790
5633 5791
5712 5714
5635 5713 5715 5793
5714 5716 5794
5637 5717 5795
5716 5718
5639 5717 5719 5797
5718 5720
5641 5719 5799
5720 5722
5643 5721 5801
5644 5722 5724 5802
5645 5803
5646 5724 5726 5804
5647 5725 5805
5648 5726 5728 5806
5649 5729 5807
5728 5730 5808
5651 5731 5809
5730 5732
5653 5733 5811
5654 5732 5734
5655 5733 5813
5734 5736
5657 5735 5737 5815
5658 5736 5738 5816
5659 5737 5739 5817
5738 5740
5661 5739 5741 5819
5662 5740 5742
5663 5741 5743 5821
5742 5744
5665 5823
5666 5744 5746 5824
5667 5745 5825
5668 5746 5748 5826
5669 5747 5749 5827
5748 5750
5671 5749 5751 5829
5672 5750 5752 5830
5673 5751 5831
5752 5754 5832
5675 5755 5833
5754 5756
5677 5835
5756 5758
5679 5837
5758 5760 5838
5681 5761 5839
5682 5760 5762
5683 5841
5684 5762 5764
5685 5843
5686 5764 5766 5844
5687 5765 5767 5845
5688 5766
5689 5769 5847
5768 5770 5848
5691 5771 5849
5692 5770 5772 5850
5693 5771 5851
5694 5772 5774 5852
5695 5773 5775 5853
5774 5776 5854
5697 5775 5777 5855
5698 5776 5778 5856
5699 5777 5857
5778 5780
5701 5779 5781 5859
5702 5780 5782 5860
5703 5781 5861
5782 5784
5705 5863
5784 5786 5864
5707 5785 5865
5708 5786 5788 5866
5709 5789 5867
5710 5788 5790 5868
5711 5869
5712 5790 5792 5870
5713 5791 5871
5714 5792 5794
5715 5793 5873
5794 5796 5874
5717 5797 5875
5718 5796 5798 5876
5719 5797 5877
5720 5798 5800 5878
5721 5801 5879
5722 5800 5802 5880
5723 5801 5881
5802 5804 5882
5725 5803 5805 5883
5726 5804 5806
5727 5805 5885
5728 5806 5808
5729 5807 5887
5808 5810 5888
5731 5809 5889
5810 5812 5890
5733 5811 5813 5891
5812 5814 5892
5735 5813 5893
5736 5814 5816 5894
5737 5815 5895
5738 5816 5818
5739 5819 5897
5740 5818 5820 5898
5741 5819 5821 5899
5742 5820 5822 5900
5743 5823 5901
5744 5822 5824
5745 5903
5824 5826 5904
5747 5825 5827 5905
5748 5826 5828
5749 5827 5907
5828 5830
5751 5831 5909
5830 5832 5910
5753 5831 5833 5911
5832 5834 5912
5755 5833 5835 5913
5756 5834 5836 5914
5757 5835 5915
5836 5838 5916
5759 5837 5839 5917
5760 5838 5840
5761 5839 5841 5919
5762 5840 5842 5920
5763 5841 5921
5764 5842 5844
5765 5843 5923
5844 5846 5924
5767 5845 5925
5768 5848 5926
5769 5847 5927
5770 5848 5850
5771 5849 5929
5772 5850 5852 5930
5773 5851 5853 5931
5774 5852 5854 5932
5775 5855 5933
5854 5856 5934
5777 5855 5857 5935
5778 5856 5858 5936
5779 5937
5780 5858 5860 5938
5781 5861 5939
5860 5862 5940
5783 5941
5784 5862 5864
5785 5863 5865 5943
5786 5864 5866
5787 5867 5945
5866 5868 5946
5789 5867 5947
5790 5868 5870 5948
5791 5949
5792 5870 5872 5950
5793 5873 5951
5872 5874 5952
5795 5873 5953
5874 5876 5954
5797 5875 5955
5798 5876 5878 5956
5799 5877 5879 5957
5800 5878 5880 5958
5801 5881 5959
5802 5880 5882 5960
5803 5881 5961
5804 5882 5884
5805 5883 5885 5963
5806 5884 5886 5964
5807 5965
5808 5886 5888 5966
5809 5967
5810 5888 5890 5968
5811 5889 5969
5812 5890 5892 5970
5813 5891 5893 5971
5814 5892 5894
5815 5893 5973
5816 5894 5896 5974
5817 5895 5897 5975
5818 5896 5898
5819 5977
5820 5898 5900
5821 5899 5979
5900 5902 5980
5823 5901 5981
5824 5902 5904 5982
5825 5983
5904 5906 5984
5827 5985
5828 5906 5908 5986
5829 5909 5987
5830 5908 5910
5831 5909 5911 5989
5910 5912 5990
5833 5911 5913 5991
5834 5912 5914 5992
5835 5915 5993
5914 5916 5994
5837 5915 5995
5838 5916 5918
5839 5919 5997
5840 5918 5920
5841 5919 5921 5999
5920 5922
5843 5923 6001
5844 5922 5924 6002
5845 5923 5925 6003
5846 5924 6004
5847 5927 6005
5926 5928
5849 5929 6007
5928 5930 6008
5851 5931 6009
5852 5930 5932 6010
5853 6011
5932 5934 6012
5855 5935 6013
5934 5936 6014
5857 6015
5858 5936 5938
5859 5937 6017
5938 5940
5861 5939 5941 6019
5940 5942 6020
5863 5941 5943 6021
5942 5944
5865 5943 5945 6023
5866 5944 5946
5867 5945 5947 6025
5946 5948
5869 5949 6027
5948 5950
5871 5949 6029
5950 5952 6030
5873 5951 5953 6031
5952 5954 6032
5875 5953 5955 6033
5954 5956 6034
5877 5955 6035
5878 5956 5958
5879 5957 6037
5880 5958 5960 6038
5881 5959 5961 6039
5882 5960 5962 6040
5883 5963 6041
5884 5962 5964 6042
5885 5963 6043
5886 5964 5966
5887 5967 6045
5966 5968
5889 5967 5969 6047
5968 5970 6048
5891 5969 5971 6049
5892 5970 5972 6050
5893 5971 6051
5894 5972 5974 6052
5895 5973 5975 6053
5974 5976 6054
5897 5975 6055
5976 5978
5899 5979 6057
5978 5980
5901 5979 5981 6059
5902 5980 5982
5903 5981 5983 6061
5982 5984
5905 6063
5906 5984 5986 6064
5907 5987 6065
5986 5988 6066
5909 6067
5988 5990 6068
5911 6069
5990 5992 6070
5913 5991 6071
5914 5992 5994 6072
5915 5995 6073
5916 5994 5996 6074
5917 6075
5996 5998 6076
5919 5997 5999 6077
5920 5998 6000 6078
5921 6001 6079
5922 6000 6002
5923 6003 6081
6002 6004 6082
5925 6003 6083
6006 6084
5927 6007 6085
6006 6008 6086
5929 6007 6009 6087
5930 6008 6010
5931 6009 6011 6089
5932 6010 6012
5933 6011 6091
6012 6014 6092
5935 6015 6093
6014 6016 6094
5937 6015 6095
5938 6016 6018 6096
5939 6017 6019 6097
6018 6020 6098
5941 6021 6099
6020 6022 6100
5943 6021 6023 6101
6022 6024 6102
5945 6023 6025 6103
5946 6024 6026
5947 6105
6026 6028
5949 6027 6107
5950 6028 6030 6108
5951 6109
6030 6032 6110
5953 6031 6033 6111
6032 6034
5955 6035 6113
6034 6036 6114
5957 6037 6115
5958 6036 6038 6116
5959 6039 6117
5960 6038 6040 6118
5961 6119
6040 6042
5963 6041 6121
6042 6044 6122
5965 6043 6045 6123
5966 6044 6046 6124
5967 6047 6125
5968 6046 6048 6126
5969 6049 6127
5970 6048 6050 6128
5971 6051 6129
5972 6050 6052 6130
5973 6051 6131
5974 6052 6054 6132
5975 6053 6055 6133
5976 6054 6056
5977 6055 6135
5978 6056 6058 6136
5979 6057 6137
5980 6058 6060 6138
5981 6061 6139
5982 6060 6062
5983 6061 6141
5984 6062 6064
5985 6063 6065 6143
5986 6064 6066
5987 6145
5988 6066 6068
5989 6067 6069 6147
6068 6070 6148
5991 6149
5992 6070 6072 6150
5993 6073 6151
6072 6074 6152
5995 6075 6153
5996 6074 6076 6154
5997 6155
5998 6076 6078
5999 6077 6157
6000 6078 6080
6001 6079 6081 6159
6002 6080 6082 6160
6003 6161
6004 6082
6005 6163
6006 6084 6086
6007 6087 6165
6086 6088 6166
6009 6167
6010 6088 6090 6168
6011 6091 6169
6012 6090 6092
6013 6091 6093 6171
6092 6094 6172
6015 6095 6173
6016 6094 6096
6017 6095 6097 6175
6018 6096 6098
6019 6097 6177
6098 6100 6178
6021 6101 6179
6022 6100 6102
6023 6101 6103 6181
6024 6102 6104
6025 6183
6026 6104 6106
6027 6105 6107 6185
6028 6106 6108
6029 6187
6108 6110
6031 6109 6111 6189
6110 6112 6190
6033 6111 6191
6112 6114 6192
6035 6113 6115 6193
6036 6114 6116 6194
6037 6115 6195
6038 6116 6118 6196
6039 6117 6197
6118 6120 6198
6041 6119 6121 6199
6042 6120 6122
6043 6201
6044 6122 6124 6202
6045 6125 6203
6124 6126 6204
6047 6205
6048 6126 6128 6206
6049 6127 6129 6207
6128 6130
6051 6129 6131 6209
6052 6130 6132 6210
6053 6133 6211
6132 6134
6055 6133 6213
6056 6134 6136 6214
6057 6215
6136 6138
6059 6139 6217
6060 6138 6140
6061 6219
6062 6140 6142
6063 6141 6143 6221
6142 6144 6222
6065 6143 6145 6223
6144 6146
6067 6145 6225
6146 6148
6069 6227
6070 6148 6150
6071 6229
6150 6152 6230
6073 6151 6153 6231
6074 6152 6154 6232
6075 6155 6233
6154 6156 6234
6077 6157 6235
6156 6158 6236
6079 6237
6080 6158 6160 6238
6081 6159 6239
6160 6162 6240
6083 6241
6084 6164
6085 6163 6165
6086 6164 6166
6087 6165 6167
6166 6168
6089 6167
6090 6168 6170
6091 6171
6092 6170 6172
6093
6172 6174
6095 6173 6175
6096 6174 6176
6097 6175 6177
6098 6176 6178
6099 6179
6100 6178 6180
6101
6102 6180 6182
6103 6183
6104 6182 6184
6105
6184 6186
6107
6108 6186 6188
6109 6187
6110 6188 6190
6111 6189 6191
6190 6192
6113 6191 6193
6114 6192 6194
6115 6195
6194 6196
6117 6195 6197
6118 6196 6198
6119 6197 6199
6120 6198 6200
6121 6199 6201
6122 6200 6202
6123 6201
6202 6204
6125 6203
6204 6206
6127 6205
6206 6208
6129 6207 6209
6130 6208 6210
6131 6211
6210 6212
6133 6213
6212 6214
6135 6213
6136 6214 6216
6137 6215
6138 6216 6218
6139 6217 6219
6140 6218 6220
6141 6221
6142 6220 6222
6143 6221 6223
6144 6222 6224
6145 6223 6225
6146 6224 6226
6147 6225
6226 6228
6149 6227 6229
6150 6228 6230
6151 6231
6230 6232
6153 6231 6233
6232 6234
6155 6235
6156 6234 6236
6157 6235
6158 6236 6238
6159 6237
6238 6240
6161 6239
6240
