1000 4322 0
144 444 470 501 688 771 793
209 583 970 986
262 520
155 202 616 895 905
191 359 560 576 595
37 246 637 880 884
161 195 332 732
59 112 230 429 472 731 762 766
42 43 278 599 732
29 591 688 903 911 936
422 541 591 607 632 788 847
97 483 943
128 256 422 442 484 597 667 760 893
605 908
78 121 372 509 849
50 143 376 514 539
785 874 986
780 855 895
23 313 515 588 638 711 910
490 582 661 771
200 285 378 737 879
115 330 355 389 621 726 761 802
19 90 265 580 910 985 995
338 388 888
86 165 174 284 287 891
155 248 590 975
540 764 933 942
172 276 446 720 797 923
177 464 513 593
86 250 391 716 737
635 638 792 927
94 108 255 269 370 549 657
62 143 486 784 945
10 699
222 588 683 715
505 519 817
6 530 675 684 760
219 668 747
14 173 655 713
54 91 130 208 250 320 615 633 744 971 977
247 284 436 629 909
437 690 812
9 73 93 242 304 434 736
736 788 808 981
32 216 779 853
23 219 382 470 483 491 567 754 855 878
455 563 610 862 957
88 137 369 726 777 909
92 354 414 523 560 650 742 804 970
336 533 667 720 799 832 872 877 910 923
199 460 580 772 964
56 503 615 703
60
431 441 688 863 889 996
128 528 543 692 802 950
298 729 881 928
444
215 629 764
8 69 297 447 514 714 950
53 121 311 587 703 729
177 380
33 260 441 582 910
317 516
916
118 193 606 778
63 406 847 940
256 284 387 826
654 695 785
59 89 112 180 282 577 885 968
127 236 243 349
339 384 626 784 814
11 289 687 809
43 336 587 651 847
363 540 932
241 352 644 771 827
95 122 823 880
850
203 401 557 585 619 691
67 276 435 990
220 258 567 576 767 804 851 871 939 989
102 208 813
220 978
6 854 904 925
102 129 512 547 992
292 349 540
25 30 198 527 647 793 843 960
297 413 528
24 48 198 383
69 103 264 353 442 751 821 965
23 323 390 651 693 738
241 264
49
43 302 887 983
32 227 251 459
76 399 557 671 917
99 132 241 316 459 537 688
12 133 298 520 911 924
215 385 476 912
96 464 497 506 642 833 953
128 436 458 476 790
635 766
81 84 143 175 235 842 844
89 607
34 142 342 428 783 834
113 231 408 685 718 888 940
219 229 384 405 546 578 663 676 896
173 370 528 614 678
328 562 951
804 871
425 467 610 694
155 443 932
8 69 373 793 994
105 306 459 484 584 667
255 840
22 337 513 652
254 453 506 851
438 923
65 196 295 396 510 758 788
191 322 384 517 519 645

15 60 83 405 521 601 616 731
76 235
210 479 494 513 560 976
130 207 995
248 943 959
355 694 761 780 913
370 462 504 590 649 698 927
55 100 512
84 167 170 189 569 834 911
124 344 387 585 606 863 929
324 354 957
96 243 308 804 915
97 719 936
347 482 860 946 965 978
285 565 568 734 735 774
162 293 386 450 532 677
48 140 225 393
487 584 779 894
398 869
137 839
226 377 384 696 745
193 269 333 435
16 102 155 478 803 812 976
1 285 330 601 768 916
480 919 960
508 878 935
259 397 498
228 314 373 667 932
200 716 905 956
291 872
886 910
372 510 660 862 940
184 677 771
262 274 333 391 520 601 737 782
26 111 143 387 638 938
2 337 461 493 572
657 679 863 894
140 944
205 382 525 984
235 244 697 709 796
7 444 502 787 860
221 440
282 339 413 514 584 662 977
174 186 208 622 657 688
25 477
236 595 627 632
129 168 215 711 771
167 188 394 527 629 765 916 993
225 268 275 342
129 221 438 777 851
204 364 465 502 980
28 752 852
39 107 313 469 618 703 841 930
25 132 164
102 282 366 478
113 500 507 807
29 524 540 634 782 804 833
602 712 967
356 405 758 807 911 917
69 560 813
695 846 861
53 218 392 421 454 700
84 508 828 929
153 305 448 534 725 760
498 592 752 809 835
164 222 534 547 630 811
288 704 824 986
168 691 798 801 931
129 457
692 946
5 80 590 626 892

142 377
127 395 782
100 348 356 547 617
538 630 667
246 444 661 904
86 433 667 716 756 889 905
51 378 519 633 821 849 945
21 64 175 226 259 729 917
40 206 369 384 767
225 328 432 712 785 937 981
62 433 626 867
171 409 464 617
159 679 805
201
13 124 143 327 671 902
40 81 587 644 783
2 710
123 226 682 802
556

604
677
167 811 915
45 61 740
695 717 915 996
119 182 971
106 203 403 786 982 983
80 82 781
162 224 475 755 829
186 912 931 934 960 979 980
235 239 513 851
221 804 950
137 202 373
200 818 836 988
94 177
148 544 913
106 373 467
8 360 789 798
105 322 410 499 893
267 663 756 985
262 397
48 370 744
160 217 223 647 938 978
59 70 151 166 291 310 412 715 999
591
283 735 999
333
255 484 729 901
75 91 261 596 911
43 139 184 387 516 611 831 847
70 132 421 464 677 707
160 571
510 837 941 986
197 589 697 953 980
41 98 917
26 125 354 466 515 937
247 263 743 946
30 40 847 863
94 361 382 926 952
328 340 581 758 770
327 371 387 554 627 761
116 169 335 507 984
32 114 216 232 515 696 925 959
13 67 393 702 795
54 242 282 363 364 444 452 789
397 480 581 586 626
166 200 422 742 869
62 319 404 606
241 294 387 747 974
3 154 233 621 777
249 309 381 499 655 721 858 905 929 931
89 91 571 760 929 948
328 387 518 879
954
232 591 600 660 753
169 306
32 840 849
240 284 413 491 651 676
430 839 883
736 858
350 400 418 833 983
370 423 635 997
169 531 537 850
28 79 666
78 914
458 940 955
719 835 967
290 340 352 991
47 387
163 175 257 300 415
80 373 471 631 749
25 270 541 592 638 673 829 841 881
21 144 295
410
25 410 506 728 854 953
187 351 666 751 885
316 317 417 492 558 581 789
280 420 426 702
125 150 236
85 207 305 660 982
14 422 520 583 878 950 993
261 521 894 939
118 799
396 438 540 793 883
87 577 838 858
56 307 314 500 521 862 961
451 658 794 796 890
311 418 530 571 589 893
886 914
704 810 928 938
399 669 930
43 679 699 877
292 512 732 933 995
268 501 770 939
298 639
132 552 563 619 683 906 908 982
315 441
618 779 886
60 300 737 756 1000
953
315 422 443
148 298 319 404 419 941
276 309 313 346 365 738 833
57 289 545 880
63 289 478 833
201 630 718
260 748
40 81 106 288
67 450
119 231
90 343 779 917
665
231 483 596 864 915 959

207 895 915
108 202 252 265 401 431 446 883
662 885 994
22 144 586

733 954
154 239 466 514
466
254 353 715 874 950 959 976 985
50 73 626 963
115 156 956
76 481 546 806
71 163 527 641 997
435 585 735 895 984
360
550
323 492 496 778
130 515 570 581 669
634 778 895 904 920
80 86 315 603 690 976
335 546 635 797
195 689
70 85 698
182 273 483 821 846 933
288 437 460 612 714 889
366 493 952 958
89 335 686
49 447 497 714 844
22 126 417 458 495 698 985
179 493 504 557 883 903 938
2 417 470 488 494 636 682 990
616 681 692 766
743 854 929
230 341 454 560 780
43 251 419 460 480 878
587 601 754 953
74 257 614 884 918 947
209 257 612 696 900 952
112 315 573 662
352 619 675 871
21 443 906
305
48 55 140 201 567 695 908 977
32 107 127 234 442 845 978
253 438 709 921 922
15 152 387 839 859
148 229 283 383 478 617 655 793
486
614 739 957
16 505 995
141 433 713
5 21 429 517 577 653
518 565 666
61 591
263 589
46 159 251 385 406 504 678
88 343 357 373
106 119 201 425 816 908 942 997
336 382 393 596 776 861
136 445 460 509 628 675 897
67 155 242 261 265 281 552 694 899
24 703 898
22 443 474 915
90 678 769 917
30 154 545 590 934
31 182 399 474 592
137 256 385 518 648 805 912
168 805
194 437 674
50 118 296 516 577 614
147 258 326 470 481 510 886
363 938
250 303 392 724 725 730 797
777 835 863
328 336 343
780
219 780 872 987
260 506
121 179 521 702 749 797 959
66
295 519 799 907
44 105 937 943
204 463 851
287 485 792 947
152 566 658 697 788
463 700 761
163 270 712
49 833 937
282 314 602 607 948
47 578 619 765
289 355 357 501 548 604 612 828
273 300 549 948
204 269 314 439 576 649 839
290 530 653 772 876
243 426 481 584
11 313 651 723 725 933 950
11 565 726 895 922 940 994
510 543 645 877 992
666
421 869
154 458 684 991
135 472 954
378 505 517 772 784 803
849
288 328 557 573
193 202 772
107 198 203 470 495
527 661 788 817 949 989
142 472 783
41 100 331 358 814 988
42 351 542
170 296 538 903
987
162 618
54 62 163 549 551 665
89 263 537 627
111 313 389 460 610 988
1 161 184 257 593 714
469 476 704 707
328 510 708
59 354 666 867
184 594 847
280 502 566 567
136 220 562
944
257 821 855
116 327 499 641 645 649
182 360 481 646 763
47 184 533 631 719 796
229 586 635
189 199 741
100 278 427 514 579
94 614 711 959
51 351 386 443 540 556 710 894 961
7 156 182 669
262 491 497 818 888
409 412 679 693 749
99 204 243 543 594
152 171 477 544 555 564 634 806 912 995
334 370 637
110 186 798 980
614 672 895
84 173 445 587 613
1 357 397 433 613 679 902
283 480 528
610 671 710 956
385 686 720
392 855
221 384 723
98 100 278 445 573 768
5 165 465 749 998
143 175 373 431 677 961
529
145 258
397 421 543 798 850
134
46 350 933
13 73 113 183 240
543 675
33 374 648 805
393 944
357 891
526 741
801 805
46 56 110 270 462 925
201 289 760 776
156 352 356 736 847 850 874
123 357 675 911
240 433 481 589 752
63 343 835
99 439 462 760
185 475 565 583 663 664 699
231 364 453 698 775 984
4 176 298 454 526 582 642 684 786 865
1 306 511 642 706 905
161 171 751 849
92
584 962
36 376 429 468
99 116 287 883 1000
122 176 741
146 183 566 847 905 910
15 282 376 386 674 871
118 245 397 446 743
501 646 650 809
85 128 346 553 680 690 956
29 48 115 123 223 596
16 59 163 254 458 759 974
19 248 255 344 718 913 984
63 120 242 396 541 937
378 429 526
265 379 393 622
36 341 407
97 154 293 642 666
121 169 253 294 573 993
88 664 686
18 49 627 804
177 219 316 344 422 557 573 802 896
159 262 680 800 990
99 489 500 535
86 168 339 434 479
87 89 107 471 562 831 896
145 819 975
809
62
64 310 676 699
455 690 735 893
29 184 518 681
7 526 750 841 865
475 947
87 275 542 850
438 952
16 823 849
27 74 85 177 248 296 697 883 959
11 516 571
437 537 722 753
55 424 464 481 883 922 929
228 465
316 391 902 986
106 338 347
84 186 565 867
431 582 596
32 418 441 691 949
342 631 830 915
359 441 884 917
58 186 387 556 616 702 897
512 615
253 802
191 808 964
211 414 460 552 571 672
356 431 524 587 799 970
120 289 346 895
470 618 689
5 49 123 180 360 566 729 780
867
108 217 450 528 864
47 958
465 598
135 174 379 498 919
411 449 508 560 681 722
46 80 449 720
135 531 656 888
129 382 810
344 558 588 802 806 827 876
133 239 264 300 541 556 858
90 156 292 429 973
365 431 476 521 907
623 920 928
724
5 419
69 297 378 396 952
106 328 416 587 821
215 458 639 740
23 51 174 769 782 964
252 289 344 943 960
20 62 548 596 945 980
293 524 641 747
113 138 143 163 205 244 504 683 891
130 299 537 879
258 456 822
54 60 87 208 257 469 557 781 863
19 35 138 570 599 675 741 761
246 300 381 762 825
26 734 968
10 11 223 237 267 380 636 856
185 284 646 672 752 763
29 444 576 689 778 869 952
448 464 743 772
5 255 329 744 851
385 513 548
866
384 564 727 767 890
9 517 588
1 267 647 683
144 154 951
108 696 714
346 882
213 312 417 523 573 782 922
14 247 867 906 943
130 260 842 878
11 103 181 415 791
957
379 678 801 966 970 984
110 443 472 519 667 790
7 242 425 544
364 417 709 732
469 470 982 987
107 363 375 468 598 624 686 732 846
52 708
121 358 490 552 813 919
66 373 798 809
8 173 231 310 440 559
308 366 416 716

22 162
164 613 635 814 872
547 574 704
229 257 741

71 191 203 258 662 712 784
253 294 318 442 523 776
386 596
41 58 168 962
186 196 318 525 822 923
283 455 550
11 166 836
684
177 345 667 965
31 347 456 542 622
109
6 199 466
19 31 155 284 647 914
307 314 734 743 966 971
331 364 734 800 950
339 453 583 956
416 520 929
388 548 894
75 362 522 622 810 822
453 854
454 592
235 600 638 650
220 824
289 419 791
511
90 145 422
115 849 900
178 378 707
777
125 263 282 727 771 944
667 732
32 116 157 164 933
316 319 411 416
322 636 938
152 237 267 292 447
197 434 664
163 365
232 266 498
89 522 771 816 878
324 441
276 288 379 425 447 520 761
13 50 196 198 610 634 656 831 942
38
66 303 344 461 485

95 207 472 697
468 544 592 771
678 761
395 509
37 366 386 588 754 884 914
532 762
136 153 243 478 826 844 960
107 217 291 382 390 517 579 609 673 734 804 879 933
157 205 463 470 497 721 730
135 244 512 701 753
87 358 415 692 885 962
210 325 357 787 827 987
242 286 308 584 600 855 863
427 500 633 819
105 200 935
353 473 522 614
887
1 10 54 96 164 601 860
111 189 490 593 913 961
15 34 42 346 533 721 824 932
78 188
55 277 389 681 752 753
90 463 741 860
110 126 172 270 387 525 635 923
68 217 771 927
141 255 285 364 602 761 913
111 160 246 411 471 540 671 804
127 286 349 355 499
304 498 532 766 794 955
182 918
128 680 819
290 405 529 552 888
60
187 445 729 779 959 979
581 589
501
243 445 653 799 843
383 446 456 615 795 892
371 612 897
209 460 496 716 856 932
167 459 642
88 178 413
377 737 869
59 351 602 650 942
35 236 851 857
30 149 198 619 710 764
266 709 738
105 247 318 515 524 887
85 133 361 455
28 50 473 567
263 690 743 744
566 999
422 956
399 419 575
73 184 399 422 849
48
598 655 911 967
287 700 816 847 963
56 60 240 361 560 704 812
22 399 762
8 371
9 17 305 612 614 768 932
332 353 838
135 590 639 678
112 340 566 714
34 43 44 116 272 981
21 154 713 779
90 315 717 866
768
216 579 974
438 489 507 588 693 962
49 243 259
359 510 639 721 744 820
24 234 471 595 721 984
141 209 328 879 980
436 788
38 261 583
319 354 729 767 875
283 405 463 477
535 601
89
172 185 495 592 893
465 542 678 680 692 743 900
362 478 675 817
221 655 922
198
808 845
179 252 763 799
514 807 935 994
13 166 492 497 946
22 253 588 666 696
8 252 325 589 730 765 895
219 311 454 554 799
27 58 174 456 716
300 416 662 792 901
8 353 358 573 699 774 830
80 201 748 756 860 944
144 287 476 732
79 390 580
252 991
20 75 153 167 400 655 664 672 695 696 782
51 388 389 420 432
15 584
135 339 478 766 924 951 996
499
385 627 985 996
48 654 796 918 992
65 345 533 544 593 811 923 972
45 138 323 414 704 737 976
126 360
587 897 994
154 177 580 604 771
104 208 435 836 872
33 71 429 476 621 626 833
17 68 204 725 962
97 219 500
161 288 385 878 886
11 44 118 411 434 746
138 175 289 860 872
288 610 973
607 649
31 216 410 765
1 112 296 373 808 896
299 370 854 885 947
256 708
552 777 973
28
188 230 481 947
50 60 295 407 557 707 758 873
176 525
188 609
55 210 524 554 879 954
115 429 997
49 109 177 224 274 523 678 697
393 486 490 498 890 913
465 570 991
176 179 197 759
44 357 555 651 757 793 813
72 185 511 530 617 692 714
527 569 644 897 900
186 215 613 920
42 143 930 954
81 180 616 808
71 423 855
286 544 870
664 728
36 434 754
714
75 529 684 706 831 926
245 624 743
89 169 199 350 452 578 931
586 630 644
76 982
871
589
320
75 275 570 648 682
183 753
221 284
49 596 838
242 528 819
395 915
99 177 235 315 317 414 906
104 871 925
185 400 496 897
226 632 893

297 830 855 863
1 34 140 372 419 688 994
149 209 269 838 918 970
284 434 535 950
102 746
707 935
102 677
140 379 460 757 904 975
181 350 595 614
11 66 68 73 242 250 299 419 448 493 508

199 327 353 430 502 539 610 652
13 77 493 953
80 116 207 223 409 644 715
30 172 681 787 927
45 823
273 352 359 540 645 794 930 979
18 46 70 376 393 452 474 838

483 715 948
263 272 297 571
372 595 912
20 134 161 693 767 789
181 385 585 808 943
47 104 152
130 157 250 400 587 615 683 838 943
113 325 470 562 981
535

447 561 605
351 430
51 387 426 713 738
815 887 929
80 109 366 509 824 869
124 150 403 622 789
799 920
12 17 493 990
828 984
52 311 349 420 570
50 304 973
146 293 361 520 606 664 787 827 938
21 585 678 768 802 993
316 790
284 561 816
603 831
271 296 328 376 506 540 543 962
6 363 551 675
69 288 329 794 833
301 310 397 787
93 687 718 870 892 909
24 105 462 568
198 351 809
86 299 586 598 805
25 488 973
191 846 887 955
231 300 314 533 752 780
138 157 460 643 684 908
4 18 327 340 345 423 558 745 762
106 168 524 528 793
4 386 552 632 709 781 810 835 931
949
376
69 364 753 810 952
240 765
545
10 190 356 438
83 137 345 845 926
4 11 149 263 501 919 939
308 331 367 605
346 407 573 614
384 894 967
41 48 887
19 50 62 175 405 508 936
10 129 179 241 556 727 965 984 997
98 222 393 465 859 917
228 515 553 689 696 936 954
277 301 675
132 215 389 726 832 919
64 144 168
95 200 551 681 912
8 565 700 730 777 840
145 427 547 565 719 915 976
345 574 811 873 969 999
371 393 677
152 206 245 347 371 423 604
28 50 117 384 630 778 814 928
97 354
83 491 834
123 242 251 785 819 974 997
350 695 852 997
56 302 574 670 923
130 183 240 263 264 359 543 870
173 254 303 812 830 854 954
263 821 897
74 111 148 690
27 305 315 350 422 483 678 926
222 391
146 659 759 843
10 133 910 913 996
100 202 408
101 155 235 302 398 623 659 878 904
80 294 709 905
66 105 152 174 423 447
245 314 608
27 118 384 667 714
12 125 581 605 861 961
122 487 694 767
33 199 965
134 190 249 760 900 979
410 794 798
264 373 415 418 845 857
434 526
55 114 335 660 841 985
108 463 601 627 766
538 577
99 246 287 312 362 850
332 802 812 913 930
206 278 699 892
149 191 512 641 723
47 131 432
352 797 857 974
8 125 255 325 335 517 540 704
35 86 145 247 581 677 940
460 478 943
461 504 629 681 741 883
336
51 555 580 955
89 134 421 634 911 945 975
744 851 862
279 441 512 908
69 967
223 316 920 981
2 557 609 905
40 218 452 639

572 753 796 877 891
261 926
26 255 308 529
123 143 346 779
40 68 163 369
134 370 450
946
40 171 222 246 467 582
44 202 338 736 969
165 219 262 308 613 823
93 219 869 946
29 159 286 340 487 499 515 744 875
23 232 355 776
2 17 187 245 580 665
403 665 682
226 436 527
434
79 249 357 874
427 806
84 219 424 439 777 844
168 250 571 647 733
1 112 697 781 839
23 305 376
54 330 398 578 774 776
183 274 339 384 867 926
477
236 722
311 506
