1000 5318 0
125 422 548 630 854
127 386 552 830 894 935
244 595 601
147 199 303 324 446 662
49 142 171 323 771
242 258 365 838 971 987
709 833
318 679 787 937
291 654 952
107 117 435 494 880 940
22 89 171 289 303 509 768 878 983
133 270 474 576 680 781 852 999
214 301 463 482 959 982
201 303 331 343 389 488 765 881
76 544 708 950 973 999
71 276 397 410 565 646 788
45 142 300 333 683
62 401 725 742 933
33 376
366 429
388 932 989
11 161 254 522 524 733 801 997
621 675
27 201 355 445 631 705 843 883
118 322 375 484 515 551 638 660
108 148 159 652 739
83 496 521 750 957
113 469 940
74 87 122 380 673 710 718 757 938
33 207 294 487 707
69 468 544 546 596 677 725 893
435 828 832 954
19 215 436 465 959 988
127 249 281 323 378 397 448 727 751 995
233 297 320 379 477 559 740
52 81 176 248 281 505 511 627 788 914
208 729 761
153 229 360 714 807
998
80 344 395 505 635 715 779 805 895 909
62 422
325 364 413 444 985
78 156 644 702 725 808
64 229 290 399 925
460 599 975
99 269 497 544
691
90 121 184 312 588 822 857 869 967
5 162 222 407 454 670 777 803 816 926 972
87 350 371 408 618 710 731 765 904
65 174 438 540 869 926
147 316 396 765
158 224 426 531 584 602 856 897 966
46 160 220 379 389 413 657
156 305 697 831
18 178 194 696 867
155 647 655 984
444 829
863
600 691 976
62 172 241 371 701
18 41 451 585 789
121 354 553 823
328 329 431 896 912 929
51 136 263 403 538 785 882
131 313 356 435 864 887
110 297 453 845
190 251 256 338 394 411 676 924
116 284 373 891
124 135 143 371 418 751 891 964
941 946
142 215 668 708 741 816 933 944
482 486 508 916
29 95 380 889
368 390 396 532
15 90 123 135 177 243 309 326 588 645 976
109 219 306 497 559 590
43 257 729 761 907
134 421 662 841
64 126 143 438 896
27 50 85 124 231 267 492
6 135 171 389 402 548 913
130 234 362 485
323 561 803
949
193 205 208
29 137 234 406 667 754 794 825
25 171 193 461 573 628 671 852 975
11 213 558
25 40 48 76 77 220 290 713 868
559 577 619 681
496 685 935 950
53 430 483 580 613 777 919 982
19 49 68 95 121 148 612 705 799 936
74 94 159 239 386 481 512 731 874
56 260 375 486 984
352 437 704 774
196 201 320 754 812 920 937
46
500 525 595 914
418 723 846 878 986
137 325 355 391 476 485
429 731 760 795
667 726 870 901 929 931
106 477 792
105 264
663
420 636 817 911 921
77 320 535 613 747
54 175 266 330 800
123 199 266 479 687 798
438 462 526 530 764 914 950
62 546 624 911 960
45 227 337 393 398 555 999
85 269 525 664 922 949
693 829
10 154 244
238 289 297 418 427 837 861 983
423 530 541 573 737 824 876
283 326 389 410 736 948
48 112 249 292 323 454 842 909
217 235 872 971
55 76 111 270 396 624 826 931
133 546 562 697 699 850
1 3 386 439 562 737
80 357 378 599 709 960
2 34 283
262 292 357 511 715 864 914 977
907 949
247 315 618 907
66 247 384 670
249
124 164 267 317 429 609 721 954 976
79 334 760 830 889 891 958
108 137 719 815
148 582 686 778 877 919 964
102 884 897
257 521 551 649 715
16 302 358 439 505 518 523 927
235 310 556 682 873
694
5 17 72 260 439 587 616
19 80 163 295 392 451 778 982
23 96 717 941
307 528 733 819 942
446 473 520 711
52 168 325 760 772
26 59 94 197 299 370 452 648 775
31 345 525 542 868
314 521 688 691 932
270 293 331 751 930 977
10 59 286 403 698 780
154 185 283 450 494 568 636 735 886
117 153 265 366 383 588 843
57 659 848
55 210 581 717 821
332 830
53 396 667 852 912
236 381 700 810
54 169 171 229 322 514 664 861 993
22 121 346 443 505 527 579 790 876
49 329 519 815 842
143 193 276 699 783
8 133 142 261 475
678
92 108 343 875
212 511 654 819 868 896 897
431 482 532 631

384 578 717 873 895
82 88 160 233 540 615
87 478 664 954 969
371 387 463 739 983
233 283 477 712
110 349 521 574 632 670 758
464 503 535 839 975
2 76 109 118 702 801
353 432 453
128 270 355 504 934
32 341 434 495 609 894
224 335 397 440 610 708
69 145 700 781
163 208 403 502 548 847 864 895
48 277 406 688 778
224 371 451 667 745 851
106 297 357 382 481 501 608 676 868 892
229
223 335 438 486 781 825 963
172 794 877
31 68 134 272 284 327 546 600 671 712 955
579 655 721 794 971
228 417 533
163 885 956
56 141 188 738 994
579 670 686 751 892 970
366 388 899 942
62 154 511 652 663 791
211 302 394 647 905 909
4 206 210 716 878 993
96 271 417 632 750 819
14 24 366 500 705 721
162 258 712
115 140 239 555 582 584 702
218 260
86 409 528 548 696 916
199 251 341 509 695 830
30 314 615 944 965
37 635 947
218 313 357 600 858 900 988
156 172 199 400 502 562 679 953
198 401 473 534 758 782 900
167 571 651 681 689 813
81 561 749 770 773 816
358 617 632 763
33 328 331 496 542
396 423 514 551 577 605 925
122 231 245 265 362 403 749
74 204 235 375 712 816 895
37 77 438 707
166 644 667
264 460 820
49 92 346 524 658 794
114 237 349 382 384 421 615 671 725
53 344 362 391 464 656 784 916
140 199 231 366 705 730 749
372 500 741 882 998
576 791 889
147 192 503 553 782 877
160 213 485 793 824 919 925
83 284
81 217 288 791 879
32 156 207 356 537 610 828 992
35 171 179 478 664 805
87 101 272 546 811 968
122 140 276 708 903
147 238 690 758
362 822 908 982 991
132 236 250 267 275 294 920
203 954 965
261 684 742 766
135 590 756
255 515 777
76 400 423 557 609 649 974
3 169 728 930 980
84 877
331 456 537 564 645 723 733
130 315 388 568 795 949
36 169 273 453 577 701 774 890
34 132 341 378 439 616 629 673 717 811
238 282 408 452 528 559 726 965
388 431 468 471 948
329 776
45 263 275 356 458
353 391 426 498 700 857 977
242 312 377 936 964 969 984
68 471 882 917
138 442 515 999
202 361 374 694 764 873
436 588 748 850
204 351 352 614 789
164 491 515
482 504 509 552 654 696 958
476 513 637 819
221 516 828 844 904
470 525 661 834
110 111 119 255 304 382 494 534 768 771
81 673 896
483 776 911 964
442 548 682
347 477 480 606 951 970
546 663 787
317 422 514 645
248 616 800 914
38 303 421
238 253 568 843 884
9 16 235 558 739 762
184 194 460 497 589 817
71 118 395 429 703
49 185 313 351
257 478 671 697 733 884 909
34 550 780 863 891
124 315 517 550 888
127 153 174 203 381 563 777 978
517 700 743 797
175 555 689 873
530 907 948
970
231 608 750 771
11 118 549
90 486 527 643 720
168 453 544 632 971
121 405 566 579 632 727 844
105 173 511 645 682 827 984
238 549
143 323 454 896
389 454 513 691 727 769
67 186 604 701 874
347 707 867
80 107 162 471 542 647 811
17 350 449
275 325 981
198 305 609 656 833 837 925
4 11 14 137 154 159 274 346 462 747
109 517 815 868 870
302 450 754
407 422 453 586 630
352 689
140 576 821 928

140 156 297 323 524 591
352 497 773 810 856
48 212 255 451 468
228 354 440 564 630 691 904
488 584 699 954 998
130 247 282 398 467 753 809
52 155 205 774 930 934
133 142 272 348 422 450 555 575 726
112 170 589 831 980
518 753
109 201 219 260 542 638 675 682
43 551 561 857 990
25 383 578 844 909
5 84 121 295 310 570 791 844
173 337 448 460 920 969
102 147 548 849
76 120 793 885 933
452 494 574 758 779 816 875
44 64 198 215 292 738 748
252 452 469 661
33 88 110 474 491 509 543
14 174 349 352 543 624 922
65 510 550 569 593 792
37 805
4 999
84 188 300 369 485 564 636 902
173 279 358 394 598 674 748 921
324 361 382 508 636 828 903
219 405 423 712 790 806 989
437 446 543
178 288 430
180 206 249 521 631
384 660 676 774
87 127 166 385 470 498 511
224 350 669 727 844
169 726 827 854 972
161 222 285 303 470 586 755 846
214 298 612 731
73 101 292 317 382 405 593 839
87 223 402 881 941
50 105 154 248 941 943
103 162 206 260 279 607 741 763
97 307 331 398 457 521 727 736 748 821
210 254 907 971
63 154 426 459 760 860
24 102 163 179 386 669
35 66 902
115 128 155 209
139 151 253 336 415 538 754 828 831
773 836
38 338 669 953
223 288 337 613 670 679 775 802 822 863
208 237 316 327 891
254 599 885
42 58 240 287 343 499 654
16 309 382 593 599 882 966
154 196 400 569 918
671 736 806 957 972
75 154 407 456
227 566 692 828
148 164 516 551 650 977
50 70 167 173 185 199 399 451 641
50 182 502 721 877
69 71 92 351 433 736 752
258 575 652 721 729
25 218 239 460 633 949 967
30 732 989
265 529 668 738 795 819
18 34 138 249 413 753 757 759 948
165 216 488 522 748 937
424 525 808 888
159 528 572
186 266 365 424 838 898
154 456 623 981 987
170 342 527 799 807
1 545 585 686 707
113 125 355 802
90 277 402 518 681 725
21 279 391 554 595 784 909 916
82 192 685 938
158 268 926 967
388 585
133 143 517 527 551 649 841 977
114 430 589 745 787
198
40 369 473
85 158 216 427 615 864 918 968
181 507 892 942
213 352 410 457 512 697 726 905 939 969
44 137 371 433 591 726 823 957
68 210 296 366 470 498 788 927
540 810 960 977
405 437 561 828 899
65 183 217 773 793 901 987
55
239 276 338 402 692 779
87 210 446 790 906
49 88 368 852
4 322 550 862 895 999
42 48 51 219 589 652
5 114 120 203 359 428 825 934
675 749 776
389 488 751
42 441 628 761 929
71 830 892
168 358 521 580 597 729 797 822
108 165 372 431 531 713 782 857 875
192 200 621 678 736 766
101 118 831 889
555 635 644 708 880
108 430 717 777
38 79 223 560 660 707 715 730 932 977
41 107 215 235 272 433 522 988
216 243 338 507 538 621
380 702 936
144 224 344 445 726 845
32 53 254 378 474 504 555 844
118 125 172 954
410 912
20 103 133 278 511 817 879 974 995
63 93 393 420 489 539 655 933
64 141 168 251 416 601 925
480 498 652 788 886 887 929
52 301 422 803 863 977
180 699
10 32 66 379 540
221 328 422 482 670 931
39 97 339 402 552
80 112 127 302 460 563 713 740 805 891 932
125 139 250 275 625
168 313 328 382 665 854 927
277 413 518 893
269 599 908
161 905
58 498 548 644
24 89 425 508 789
4 73 170 313 361 406 449 636
442 683
31 33 34 66 306 324 392 432 541 658 858
284 300 481 652 872
317 390 875
143 185 292 312 723 766 830
148 250 327 329 504 655 665 758 790 992
248 291 933 990
37 296 474 918
23 250 315 533 701 979
246 368 383 485 529 537 647 692
101 398 403 500 519 523 759 833
136 253 771
165 574 700 848 993
324 375
28 88 290 400 437 688
80 112 469 498 621
333 608
176 224 497 956
33 309 889
516 821
81 259 933 946
78 312 685 904
28 329 655
102 343 556 570 609 755 890 939
251 256 695 837 884
571 656 824
146 205 211 395 465 576 846 860
12 52 294 311 330 332 426 454 489 492
529 607 620 712 923
102 207 270 640 719 835 873 963
33 105 204 481 622
280 922 932 951
360 381 553 743 903
270 432 506 557 762 781 843
95 102 186 236 292 445 449 477 485
13 73 160 573 667
93 218 268 346 484 599 604 610 616 683 839
25 308 412
83 229 335 456 481
73 188 290 571 702 706 779
479 704 820 877
243 314 379 412 439 448 671 742 822
430
436 502
109 420 625
261 358 474 714 904
126 699 873 895
10 153 266 327 672
28 180 319 516 688 910
92 215 738 812
46 77 126 131 277 311 402 464 468 881 948
12 254 400 444 462 518 588 640 881
127 134 344 461 495 586 927
100 457 926
186 990
44 383 442 490 862 969
68 176 179 392
210 507 528 638 779 818 904
294 559 570 699
925
301 504 537 789 808
608 902
11 206 330 581 616 749
310 332 575 799 851
36 197 293 343 429 480 586 680 689
95 205 342 398 680 776 908 969 990
103 263 305 309 402 569 773 969 979
216 395 830 842 880
25 97 242 257 696 904
264 340 370 466 585 642 918
247 282 392 876 967
296 308 319 387 740 974
131 132 457 481 651 681
5 620 627 753 956 967
96 138 175 248 341 352 415 920 986
22 72 227 378 384 422 477 621 638 658 698 827
139 245 493 659 963
22 222 310 795 911 951
100 115 149 265 390 646 904
112 642
384 599 898
145 205 250 381 504 910 966
456 618 751 906
64 119 286 557 645 907 928
53 416 741 831 842
75 103 168 455 807
214 455 500 815 985
135 211 622 745 825 918
33 109 176 779 924 983
408 489 774 844 984
33 232 507 545 657 819
26 65 66 440 666 742
42 426 430 512 682 703 805
51 401 435 454 506 612 623
119 219 392 448 756 819
215 223 299 320 510 594
121 126 197 331 339 739
15 46 626 927
272 385 537 891 904
31 565
229 340 721 797 804 828 847
1 152 156 183 205 269 444 642 645 981 998
267 281 294 542 999
41 57 332 408 451 691 841
25 219 392 428 732 874
2 57 365 656 967
92 479 532 866 965
741 1000
63 203 285 317 419 426 797 892
60 761 926
243 250 405 480 504 530
89
35 77 91 292 301 946 962
311 421 705 777
213 321 402 671 762 765 846 853 956
124 791 919
283 438 658
82 246 275 335 661 692 738 828
16 120
18 73 180 250 369 831 883 930
91 389 414 463
153 247 747 917 977
366 513 551 712 782 912 924
323 470 758
472 486 599 998
60 98 381 535 648 966
88 119 153 688 730 760 859
459 899
374 527 975
227 308 365 473 898
195 216 248 365 743 797 889
170 284 322 959
191 292 355 393 502 659 709 712 807
197 273 722 780 886
156 509 593 683 835 914
136 188 276 520 634 687 936
490 932
53 88 344 591 976
51 191 248 385 391 421 504 516 645 704 736 771
306 339 346 439 473 511 760 990
58 158 616 720 915 954
23 48 76 485 764 917
409 818 934
77 241 801 916 967 996
46 77 310 399 562 584 676 730 973
512 731
110 260 365 402 449 581 747
294 542 878 906
3 615 772
31 149 150 292 426 651 654 662 901 976
415 435 436 438 545 615 899
662 697 701 947
213 363 483 527 571 638
60 76 134 209 391 663
171 289 431 645 868 913 930
53 99 129 343 518 687 772 943
496 604
149 178 297 466 603 634 935 972
174 216 323 750 898 901
218 270 312 675 934 940
207 229 475 740 799
179 312 394 508
19 133 243 636 714 721 943
181 483 714 750 780
488 633 901
94 129 209
93 183 474 779
260 620
77 207 353 391 465 595 597 829 883
32 147 268 273 398 406 728 751 972
22 214 368 392 831
130 529 546 694 747 759
651 654 731 848
17 195 520 672 689 873 878
390 423 462 479 522 634 785 878
57 403 477 716 889
383
113 123 506 753 760 893 922
316 476 491 557
201 888
249 602 739 748
104 310 413 461 582 732
89 659 705 882 981
236 306 313 664 672 808
24 97 114 130 341 643
200 214 292
639 876 877 902 906 970
186 604 621 650 806 882
23 208 419 648 964
153 335 446 609
263 541 550 750 764
25 504 522 599 690 741
71 418 422 518 631 910
185 498 665 762 765
457 471 701 879 881 950
526 608 744 851 870
290 438 491 631
419 551
246 293 583 585 601 851 915
16 175 1000
57 198 244 299 404 450 456 722 729 766 896 992
148 220 305 598 635 943
17 162 334 392 725
481 665 964
212 224 274 416 519 847 896 899
322 329 374 409 430 432 449 973
475 664 683 704 899
9 167 262 364 596 698
430 669
224 270 302 303 413 472 506 848 864 882
54 537 717 736
222 448 522 563 580 714 841 881 921
135 318 895 979
25 52 342 354 542 922 936
265 329 397 475 528 564 672 676
4 79 265 596 642 864
107 515 626 707 934
115 356 630 653 692 773 852
452 640 803
121 252 253 452 779
87 185 401 482 532 844 956
219 377 795
344 360 539
49 87 175 193 195 436 673 747 910
190 280 319 488 561 878 946
620 661
249 267 544 816 892 911
7 109 534 637 704
54 182 320 548
68 331 342 591 661 697 762
31 157 784
45 83 199 214 365 787 795
8 210 987
28 162 263 266 426 483 512 850 955
16 212 387 805
320 511 539 770 793
93 447 900
287 625
92 689
178 195 385 698 904 969 992
111 153 582 602 797
573
511 620 766
59 100 236 665 698
25 47 138 150 450 777 870 907
52 405 456 564 792 856
293 622 714 817
25 258 714
451 471 679 884 989
765 793
62 398 536 676
42 129 214 280 522 690 735
124 163 271 434 493 968 997
284 433 788
248 297 455 598
171 203 447 486 825 965
85 278 375 539 775
97 487 570 585 674 822
24 94 225 767
288 569 734 767 867 930 987
25 77 147 219 298 409 421 734 741
15 153 235 419
7 126 188 871 897
29 638 785 810 843 926
146 152 286 638 782 860 865
190 202 237 305 308 475 753 929
165 584 979
38 223 291 590 609 725
40 138 280 978
174 199 322 428 481 700 773
156 170 249 437 740 940
29 213 271
135 141 200 535 870 906 923
178 292 504 587 970
191 197 201 372 374 384 388 609 646 777 846 959
580 647
101 112 246 458 771 804
372 626 688
18 43 129 223 375 387 674 714 862 995
317 345 399 422 596 747
34 59 210 292 296 344 466 652 827 835
94 244
37 78 133 537 623 883 895
225 743 966
95 103 347 501 592
392 532 559 628
22 70 145 246 424 777 957
452 706 707 989
72 596 698 800 878
120 281 352 367 373 533 585 657 837 879
119 125 259 835 997
194 210 328 377 429 564 848
26 182 847
438 607 773 806
72 351 455 804 976
240 432 608 610 835 838
43 140 284 577 718 730
535 897
138 393 952
7 467 473 636 789 805
104 593 618 726
221 243 259 352 823 929
126 213 411 443 509 888
89 200 288 467 605 904 939
34 70 151 420 529 778 889 918 957
373
315 761 805 874 899
87 98 305 939 993
24 336 441
241 599 933
29 378 435 916
175 211 236 327 401 581 825 833 918
378 752 924
103 134 217 354 478 490 586 996
37 413 556 753 759 883
276 343 470 738 793 985
86 200 214 681 767 856
112 277 637
22 50 52 561 640 859
240 269 356 442 557 689 738 946
455 706 763 799 940
11 19 266 301 318 764 771 805 910
296 307 403 430 447
575 682 709 983
266 426 458 820 906
251
166 216 243 311 403 404 444 542 612 664 677 740
97 169 322 401 756 936
148 196 597 981
268 411 509 512 708 739 850 897 939
49 283 420 733 941 972
143 411 432 500 813
40 120 347 535 613 666
152 160
92 182 208 476 899 923
416 569 711 784 837
163 258 778 941
103 470 782 839
65 448 515 710 932
2
271 688
36 295 700 892 961
260 445 507 527 582 746
179 449
197 305 570 745
105 372 514 534 626 687 692 760
326 403 696 745 762 866 946
189 191 983
103 242 247 507 668 813 942 977
31 108 891
279 284 547
111 546 799 918
94 330 779
19 110 568 832 906
22 177 402 590 728 953
361 638 760 814
84 198 472
321 538 741
40 333 539 601 617 746 768
338 426 705
38 295 336 356 384 532 669 812
278 507 812 989
315 551 604 664 864
159 541 957 966
234
98 115 496 516 808
75 90 388 597 635 778
802
135 162 304 533 901 923
49 196 213 327 623 673 890
3 108 429 642 800
67 170 504 589 707
145 200 263 535 537 865 936
221 771 802 889
156 220 352 376 466 522 883 932
48 95 128 237 447 488 705
90 399 748 834 853 906 915
25 119 229 440 461 472 875 965
87 188 758
21 755 896
63 245 345 522 670
264 337 358 547 564 713 888 988
58 116 563 585 587 615
2 27 134 157 206 222 414 514 768 887 936 937
55 191 195 318 418
779 940 954 994
302
56 115 265 413 447 585 699
151 735 742
96 164 359 456 884
397
382 722 852 933
784
739 866
115 243
121 161 403 438 531 894
275 710
292 323 426 667 859 985
25 226 904
101 346 473 932 942
183 288 394 547 651 675
155 619 656 684 753
316 325 428 431 480 481 620
141 259 680 799 901 995
185 316 510 597 642 913
12 265 407 838
206 349 785 905
345 486 497
178 260 330 961
53 522 763 965
416 751
96 243 448
765 844
304 871
118 154 292 409 432 942
47 217 335 497 502 560 725 955
281 342 361 925 935
66 183 396 656 809 856 938
215 216 452 711
72 139 268 448 801 840
215 299 341 955
64 186 304 601 834
48 335 636 854
139 370 642 691 704 753 901 933 985
47 860
122 194 344 449 793
170 258 285 393 427 493 861
95 256 551 668 753 890
99 166 327 928
119 141 378 422 517
136 189 245 372 487 658 727 780 944
11 143 199 620 621 972
231 340 660 956
75 419 514 575
641 966 999
65 226 487 656
566 692 948
64 137 275 280 334 806 836 981
88 193 326 363 825 994
153 432 580
9 66 512 518 830 914 942
369 380 508 701 747
227 294 465 820 822 878
831 967
70 438 796 905 930
195 397 414 557 673
497 545 624 823 890 929
156 180 933
218 300 408 493 530 815 928
8 167 267 450 454 647 826 985
53 91 137 709 776
57 84 199
58 196 221 376 402 597 651 653 886
123 211 617 683
37 104 228 403 611 744
205 335 582 632 784 914
337 479 978
50 468 492 504 515 545 573 686 690 845 938
497 769 853
30 406 558 633 771 843 962
129 130 286 353 381 498 691 847
229 237 251 441 512 797 859 978
40 121 190 322 333
436 639 670 768
113 268 278 454 524 673
64 115 158 364 428 970 977
424 601 755 851 933
112 211 231 298 581 603 902
473 587 645 823
73 385 388 646 705 757 958 974
93 256 272 409 439 568 805 997
396 516 534 912
136 170 229 562 667 986
48 238 638
658
624 783
781
68 568 569 696 759 836 927 935
102 181 302 325 506 766 863 917
500 556 710 777 865
139 153 255 400 544 861 924 934 996
50 203 308 530 698 741 875 895
64 104 181 276 712
244 316 542 566 601 867 885 914
58 104 234 854
21 150 470 478 785 821 850
18 72 132 181 326 407 453 662 756
32 68 179 316 410 505 589 606 927
2 92 141 370 510 698 813 924 970
94 255 582 774 819 942 999
8 379 514 793 830 956
71 389 427 745
455 480 750 754 776 866 871
10 28 49 108 237 552 606 607 717 767 990
71 81 236 349 507 818
397 795 861 887
125 210 350 585 602 609 706
72 207 389 1000
139 309
493 632 671 766 835
208 598 699 934 949
132 286 288 522 883
247 375 447
92 112 233 872
524 855 970
9 13 443 451 653 745 955
210 434 801 846 966 973
172 210 239 314 365 427 430 895
190 535 771 862 867 998
111 132 531 790 847
5 27 325 378 399 733
134 255 509 819 916
55 206 439 824
401 723 795 908
225 363 569 705
378 489 559 761 772 817 906
188 476 523 612
70 134 182 255 268 425
250 655 702 824
53 113 192 495 572 730 810
48 71 375 390 459 521 552 812 928
104 315 396 504 548
512 513 606 686
195 270 935 951
6 122 191 671 685
49 316 367 604 644
693 867
243 429 503
3 45 121 176 197 290 404
76 94 133 713
128 151 254 327 370 382 392 433

65 974
198 244 260 318 424 451 585 724 853 982
301 383 548 668 775 884
13 87 143 237 921
11 106 118 173 478 535 641 770 781 794
57 96 255 293 410
42 111 487 896
94 521 979
6 61 83 126 187 403 587 679
33 209 910
21 808
501 940
237 251 259 288 459
5 452 647 813 927
199 746 761 770
103 355 591 832 885
30 80 384 725 792 821 850 943
78 616 927
22 582 699 737 778
39 571
114 129 153 334 408 474 881
175 412 554 937
