1000 3302 0
330 346 773 979
707 962
116 676 738 778 963

258 382 637 990
578 666 971
297 534 915
390
212 411 638
41 51 350 610 866
100 359 620 648
158 319 740
363 447 471 777 843 938 993
504 569
567 604 777 883 986
227 288 557 630 698
44 220 650
56 266 342
583 691 941 942 965
337 472
266 759
138 322 506 637 941
734
175 184 220 445 651 834
925
531 830 951
108 197 382
214 523 874 913 997
291 322 385 570 655
252 293 891 892 974
138 230 234 557 785

291
515 935
313 393 841 909 977
251 773 778
155 187 328 412
1 80 905
40 53 294 951 964 967
22 944
91 440
78 446
72
696
77 297 352 626 663 776 883 887
221 527 820 852
50 121 471 885
78 281 399 438 876
174 228 250 483 493 852
105 237 406 503 550
10 178 902 961

39 537
196 240 267 285 604
364 495 705
18 315 478 533
270
181 691 974
148 309 386 596
236 287 361
757
120 268 689 722 799 887
155 222 441 567 783 786 790
543
489 505 653
586
419 458
156 501 557 641 942 984
334 450 497
1 36 401 754 784
531 857
949
26 344 499 973 1000
517
112 318 360 747
142 268 271 705
45 153 328
477 524 654 675
236 594 901 918
139 510 529 564
590 915
562 754
96 645 710
94 235 412 440
170 706
134 230 738
90 220 229 597
198 525 782 808
60 184 207 208 623 877
170 375 436 757
519 846
11 547 626 705
122 269 309
370 577 670 758 814 836
881 887
83 268 829
45 205 327 401 422 802
561 850
249 250 999
323 527
93 467
416 767
693 899
220 378
251 462 463 526 562
394 506 876
380 475 669 723
7 491 643
226 299 616 631 853 951
538 881 1000
137
14 65 73 99 291 377 560

627
281 601 865
3 45 210 412 507 632 839 970
119 122 652 732
332 819
81 240 315 355 427 688
102 364 830
171 654
93 537 660
48 260 302 582 660 770
76 292
86 196 459 655 962
206 708
270 531 626 659 747 782
155 435
70 563 702 919
494 915
193 786 908
236 317 915
72 366
86 665 826 901
39 353 402 976
131 250 695 711 735 789 946
157 195 698 979
22 31 35 203 218 486
334 759
365 890
178 338 803
649 672
54 262
380 646 826 842
751
351 578 682 769 926
459 546 645 983
297 846 900
76 166 725
534 549 695
630
350
53 451
202 827 886
63 186 271 422
359
319 713
484 926
170 969
176 201 202 254 504 651
160 188 262 570 712 903 961
74 764 821 910
286 633 990
603
338 470 482 584 861
149 489
41 79 553 597 620
188 521 525 537 849
200 396 555 886 989 992
90 159 945
198 271 355 747 964 984
141 256 892
426 596
49 52 175 430 756 805 981
658 671 816 958
276 309 471 695 807 912 945
11 525 811
67 141 196 428 440 535 543 702 993
63 272 415 560 743
767
58 85 561
255 294 532 584 767 955
251 308 604 612
192 471 629 968
347 512 532
616 655
37 110 635 689
130 161 328 470 810
489 809 907 939
413 616 644 760
205 963
184 390 515 741
327 749 764
151
224 356
54 938
26 215 290 396 787 981
88 349 370 474
145 798
288
450
158 218 494 579
279 454 728 945
88 421 581 864 872
1 125 230 409 939
347 620
127 310 384 395
275 312 854
385 394
116 269 302 684 789 948 954
84 282 744
9 153 436 511 619 697 910
376 802 851
223 480 543 722 904 986
197 808
58 67 152 787 932 971
115 613 751 752
345 902 944 948
385 727 737 870
282 307 318 433 458
46 504 980
63 332 406 536 642 686 734 831 878 952
614 705
277 372 570
375 532 557 961
603 624 708 789 818
16 323 715 850
49 899 903
87 660
86 430 504 563 903
59 394
166 362 392 680
276 321 904
426 651 950
84 90 220 584
575 782 981
50 674 819 869 948
248 397 791 953 982
315 414 429 633
54 119 396 685 687 758 775
280 363
946
397
277 995
183 599 833 866
540 991
108 227 671 872 894
238 271 828
560 725 848
68 265 385 452 534
105 159 243 742 816 987
30 310 697

207
3 399
425 433 703 973

564 823
12 24 42 251 379 427 711
205 550 654
289 659 756
2 161 184 317 434 532 590
329 370 409
423
33 247 288 394 626 857
18 147 474 684

43 96 136 446
93 103 246 626 685 871
127 751 819
10 76 155 188 235 248 873
370
202 402 626
663 786 914
446 525 981
194 233 570 752
550
660 754 902
44 403 486 641 654 738 856 952

408
513 651 710
477 645 852

165 274 824
163 600 826
356 414 445 526 740 891
16 155 191 206 480 504 749 856
46 486 682 688 927
20 197 236 479 677
395
170 192 379 474 649
30 414 878
698 747 818 965
155 285 908 965
189 438
145 331 338 407 783
135 176 400 594 873 908 924
160 191
515 637 677 710 718 783
254 967
234 286 522 941 963
624 984
527 848
30 39 56 258 341 503 561 862 961
32 437 851
4 102 134 545 924
36 204
340 914 942
207 252 308 371
365 369 378 899
406
188 674 705 928
174 930
11 56 222 239 560 647 986
222 428 971
249 441 629
75 225 664 744 835
12 507 673 781 853

62 360 881 989
29 344 643 761 804 810 939
100
299 879
238 448 659
117 388 834
358 393 802
359 421 481 528 659 848 967
142 212 263 490 495 542
154 938
543 806 830 868 938
114 118 718 966
100
375
207 554 623 654
492 803
703 826
165 222 297 372 720 801
214 220 542 755
110 347 378 734 938 940
261 305 693 849
572 641 837 982
408 708 809 841
73 302 743 831
444 554 738
541
340 378 563 768 942 999
862 899
542
21 27 152 702
146 634 933
377 768
20 955 956
101 920 984
119 171 403 757 982
118 151 195 325
420

11 83 903
75 415 658 769
277 314 436 702
469
13 49 152 163
55 481 966 975 977
140 243 352 500 562 843 900
133 449 804 861
348 366 423 698
378 709
828 929
56 953
125 310 772
97 105 224 315 941
755
12 133 333 405 532 556
90 329 432
213 284 410 498 516 879
164 352 564 734
104 206 311 376
68 259 965
107 144 163 525
906
5 148 398 723 956 993
373 704
572
209 250
59 450 490
271 567 616 871 986
101 326 685
694 786
192 892
298 724
371 656
442
209 231 428 469 847 915
56 289 291 832 923
37 83 143 197 427 684
655 974
382 460 829

303 554
49 97 383 412 541 654 903
83 273 290 855
355 464 870
169
152 545
50 157 222 582 770 958
696 728 890
261 442 868 955
179 240 347 445 888

9 288 392
287 401 689 926 986
997
458 543 896
678 716 733 817
191 523
296
754 767
67 222 661 954
282 357 534 673
328 418
155 955
264 618
13 994
661 741
3 234 293 434 700
130 259
178 212 334 800 826 962
461 890
108 480 575
276 477 747
399 938 944
218 541 706
163 426 612
431 495 577 615 821 826 912
78 90 212 780 879 971
85 619 759
142 178 296 494 854
687 913 992
41 84 178 602 889
214 782 823 934
159 408 719 888
78 197 206 459 468 494 608 800 855
345
453 817
102 531 766
13 207 338 953
425 648 666 761 855
869
119 122 201
153 456 740 861
536 899 948 971
445 989
68 203 364 459
177 791
45 451 470
91 428 863
53 67 220 511 740 924
125 147 352 443 454 935
109 394 398 771
944 968
32 507 673
105


493 790
119 321 768 882
606 992
160 394 731 789
595
274 354 488 645
52 404 997
595 621
820 855
222 232 304 661 839 985
321 371 874
78 283 431 600
934
440 513 718 924
214 460 804
745 841 907
165 723
276
158 591 759 913
509 639
138 289 343 373 571 629 767
324 619
890
230 782 869 1000
25 180 436 858 922
108 320 833 973
39 242 669 696
49 59 281 594 799 877
130 371
55 435 452 709 797 825 910 980
154 777

198 376 428
56 73 804 988
281 590
68 706
498 622 625 839
258 305 638 908
272 577 746 871
509 629 683 790 797 924
521
319 462 763
403 867 875
699
171 215 448 724
137 212 522
47 185 399 831 860
722 863 905
399 963
34 300 505 868 993
376
36
278 316 337 347 940
91 843
531 654 757
168 506 585 600 680 948
49 945
186 441 782 960
725 869
40 88 275 771
97 654
46 275 282 286 304 416 512 701
367 401 589
605 757 951
168 535 935
2 71 127 202 630
440 635 974
113 259 563
304 420 597 641
530 565 627 661
146 658
122 768 951
110 696 729 892
150 652 720 972
217 644
259 346
349 361 825
214 331 584
475
748
400 463 541 722
483 563 863 878
338 572 636


4 20 151 462 809
589 881
80 109 257 695
345 400 727
44 169 227 661 933
528 940
995
210 592 709 849
90 485
179 249 315 541
5 112 350 460
199 715
347 359 533 626
441 491 603
148 535
488 863
57 63 387 664 943

14 124 333 641 951
635 836 944
993
199 295 384 415 769 939
15
129 754 988
236 383 865
711
435 585
6 146 687 784 846 970
202 319 742
659
335 583 752 855
158 763
19 556
165 182 235 642 735 778
246
669 712 815
644 777
569 810
105 132 183 552
81 89 262 509 533 941
74 726
78 594

493
58 473 478
719
87 167 169 278 511 534
6 790
95 104 245
326 333 583 774 943
705 904
22 481 611 832
889
414 841
833 877
418 667 686
149 853 939 961
69 218 860
888 936

281 475 707
225 528 638 845 885
126 197 217 548 719
79 177 215 352 636 909
105 139 336 627 691 844
665 887
701 854
573
212 562 991

331 694 836
776 925
611 882
226 688 831
40 203 502
127 129 196 642 706 852
119
972
317 486 674 739
811
623 759
116 306 354 772 988
239 635 755 975
351 850 960
187 204 532 570 849 921
426 614 703 705
300 357 504 889
824
485 577
165 559 674
115 164 279 534 629 830 831
628 740

275 591
147 283 637
141 144 221 889
39 73 301 577 654 814 830
146 861
125
17 27 62 590 751
282 954
557
65 228 389 955 956
121 260 279 335 423 520 760 967
125 167 397 623
16 162 546 744 851 881 926
835
309 382 536 608
190 206 328 580
197 278 845
170 419 444 475 545 599 943
227 341 508
147 250 707 795 853 970
30 318 567 668 885 922
134 362 762
575 761
27 216 857
412 499 857 919
16 107 443 492 709

73 195 751 753 931
142 512
88 398 462 956
237 272 424 629 696
573 920 947
136 150 943
525 715 925 929 935 943
353 386 857
120 336 553 750 809 855
79 414 750
656 714
11 162
198 301 505
80 870
60 651 668
134 406 409
165 240 244 623 721 958
289 859 900
12 345 412 600 661
496 588 791
58 615 970
264 934
16 560
116 635 688 824
124 136 150 221 553 596 760 909 966
89 240 538 674 797
212 373 427
254 294 461 984
391 919

486
334 418 658 795 890 940
148 337 611 636 686 988
57 176 297 873
68 313 616 659 944
139 626

254 530
558 857 866
83 196 300 392 405 608 834
136 259 525 726 832
104 586
231 692 721 814

300 875
333 421 579 888
526 989
300 332 361 464
442 584
766
405 606
1 62 214 513 617 758 785 804
474
2 391 411 422 446 510
249 483 524 535 833 856
335 974
312
407
566
331 538 894
113 519 979
219 908
54 422 643 729
88 377 981 1000
322 581 584
776
709 808 870
3 86 396 930
294 592
264 372 642
213 673 689 772 970
17 46 137 172 251 498 791
179 304 970
1 211 975
498
781
431 796
880
193 288 308 667
980
47 237 270 366 379 650 770 907
217 276 706 914
671 748
82 886 973
277 518 557 964 965
131
61 66 90 214
356 360 590 716 769
177 180 437 478 672
190 297 418 480 695
141 448
730 873 981
840
162 847
557 864 911
446 451 554
102 961 996
356 537 601
778 862 937
127 406 561 592 802
198 858
371
391 916 988
600 782 983
345 923
596 736 789 819 861 935
13 629 859
13 36 100 249 660 769
263
504 893
319 956
158 441 446 489 523 948
300 564 628 847 984
605
15 68 775
389 658 980
197
23 61 470
44 210 776
63 485 505 598 622
238 368 380 476 656
146
914
55 189 212 325 629 702
454
464 757
77 394 495 596
462 874 904
493 644
428
500 856 887
51 108 273 323 476
144 616 750 860
366 598 722 860

110 331
176 533 696 783 899


15 188 322 494 588
133 177 570
83 990
33 319 834
94 713 855
586 772
251
358 415 445 690 914
294 535 763 869
237 249 895

162 299 854
244 331 565
326 384 441
438 666 963
495
144 309 404 428 435 536 992
71 839 859
248 266 354 778 965
307
331 641 647
624 930 948
395 652 711
308 942
24 326
346 560 657 715
643 959
342 434 668 786
329 330 473 650
116 258 269 827
155 285 523 632 642 763

569 620 844
365
26 58 615 862 863 899 999
127 660
148 827 937
293
328 544 957
558 923
556
306
46 49 385 402 626 939
109 510 663
208 893
162 581 814 905
279 288 367 608 793 965
442 553 860 866 978 990
614 683 767 979
688 746
373 622 804
165 897
19 305 645 948

204 338 765
460 554 678 989
167 245 319 709 857
96 890
590 882 914
237 242 366 489 853
185 219 502 892 1000
543
204
271 645 762
120 681 698 798 823 899 918
379 508 707
106 494 756 968
5 605 714
146 547 575 771 857
376
797
552 656 916
434 548 603 623 647 868 933 963
15 91 959
491 726
47 308
184 248
62 72 342 471 616 801
609 716
353 530 603 685 749 757
405 407 429 501 763 850 864 867 934
56 99 103 423
574 727 870 963
130 613 901
756
65
96 329 414 904 913
656

182 452 534 656 844
274 318 365 688 816
134 783 879
69 455 732
629
721 798 896
513
114 179 191 837 922
181 362 652 731 751
131 503 732 998
7 269 271 650
162 212 495
437 765 923
97 176 312 374 572 664
309 439
240 731 817
65 81 128 130 482
160 542 992
284 334 354 554 992
79 874
568 815 824
301 354 396 517
295 728
92 344 664 948

298 451 498
25
216 412 656 950
289 359
219 434
155 210 369 624 767 875 948
314 671
454 717
473 730 763
389 668 882 899
478 648 765 890

184 340 345 609
253 261 672 720 846
89 196 330 331 415 489 967
572 607 703
110 518 546
78 81 192 302 590 864
19 68 781 845
99 257 456 676
263 432 570 705 715
176 353
89
486 753
521
382 582
357 835 926
47 529 572
222 279 521
210 238 818 884
799
353 395 401 440 710 916
260 270 371 516 786
513
146 175 687 924 989
64 122 370 708 782

92 259 775 826
125 416 428
41 777 824 892 930
171 471 755
264 294 295 320 531 755 954
606
39 297 328
461 465 876
163 482 628
370 549 578 663 984
118 610
428 539 621 738
754
30 55 257 674 743 824 848
364 459 477 508 633 744
2 135 697 767 826 936 967
9 35 246 304 410 506 990
241 792 873
948
54 503 613 786
587 838
238 355
127 157 451 746
39 103 303 354 549 612 796
153 902
15 214 315 387 412
202 251 955
49 54 178 378 574 668
169 312 983
5 377 748 812 857 977
253 992
166 431 826 916 991
319 382 478 497 515
520 910
254 318
136
28 73 472 506
161 268 625 908
424 844 855
68 353
