1000 4533 0
344 471 624 788 798 818 842 898 907
432 835 869
47 814
13 48 387 609 668 787
171 203 335 481 876 969
614 660 705
362 428 449 625
185
47 448 509 654 659 773 829
989
435 497 977
188 209 331 529 539 640 706 882 918
35 155 308 702 789 900
288 370 682 899
60 379 424 880
156 608 615 637 824 927 986
59 442 558 621 746
450 502 670
52 458 536 667 748 753
87 287 446 523 767 877
828
147 715 923
181 350 427 590 858 867 931
492 606 650 661
165 548
130 400 560 561 747 956
507 778 933 981
122 207 268 733
310 367 547 677 712
288 379
98 625 766
672 852 938
186 443 477 617 927 937 951
98 167 586 666 876 957
196 337 426 743
347 466 576 796
189 262 473 884
72
57 148 420 608
60 218 340 473 915 931
50 141 144 567 917
299 360 706 844 885
115 372 521
330 460 603 691 734 873
21 217 263 664 832
226 315 435 452 646 940
226 278
4 62 541 749
294 458 877
430 485 504 625 783 965
309 385 572 690 694 905
19 83 90 248 321 555 696 763 891
371 693
211 220 264 272 493 516 850
247 556 592 909
559
39 183 373 404 406 459
486 494 638 883 923
17 145 817
15 40 82 129 187 356 597 745
416 445 829
48 105 224 728 842 898 933
495 505 552 651 807 968
238 337 931
151 195 311 559 711 865 994
289 396 531 810 852 972
112 384 407 812 959
157 228 388 508 610 702
98 633 682 859 861
184 394 470 620
88 211 473 611 847
234 431 524 572
75 124 137 435 619 624 777 865
141 332 386 632 741 846
73 208 234 401 513
109 115 551 560 783
54 451
25 312 685 808
53 344
123 545 568 580 648 819 857
119 134 242 337 550 796 841 976
73 116 290 308 583 613 631 668 967
214 357 368 768 809 845 956
39 464 766 932
284 369 480
174 272 676 932
20 142 585 763
71 287 449 522
304 310
123 346 611 753 985
60 291 587

465 470 800
565 682 756
533 665 909
384
797
34 54 69 128 140 248 423 493 601 693 724 768
21 171 306 327 808 899 927
226 377 614 738
764 913 974
215 260 394 532 542 572 708
545 917
327 352
165 324 813
371 509 682
253 433 450 688 984
201 326 482 550 608 760
76 146 526 686 746 804 995
125 243 518
221 339 342 663 897
67 872
37
244 353 409 602 781
43 52 76 120 188 701 825
82 322 664
457 547 718 748 785

81 328 656 734 988 993
115 147
236 857
28 396 597 619 739
80 90 640 686 723 882
173 757 788 919 975
110 184 185
186 591 627
185 301 596 604
98 375 455 667 702 825 990
60 447 695 770
26 162 284 338 544 605 841 866 967
301 868
461 477 585 638 872 930 982
169 260 712
81 160 166 230 436 461 653 896
134 167 479 781 912
359 413 521 602 828
73 315 425 548 613 677 912
262
64 300 627 738
368 386
41 74 339 482 557 625 653 679 762 864
87 276 319 343 517 629
248 547 909 945
273 516 643
59 192 782
26 109 253 328 526 709 732
22 120 366 418 814 902 927 996
39 205 335 420 634 980
25 309 471 623 631 839 844 871
627
65 466 700 879
182 342 448 929
583
286 825
13 516 660 790
167 200 758
44 68 189 225 372
664 671 680 774

134 539 549
256 481 502 699 848 934
130 305 499 705
102 418 576
248 710 733 856
25 105 270 352
134 235 287 414 560 751 867
135 156 308 765
466 485 743
554 643 789

451 540 562 617 652
259 277 673 702 771 839 848 855
776 784 988
86 358 455 811 994
406 717 912
65 548 761
175 253 329 457 626 825 908
396 527 768 787 790
235 257 302 407
252 327 696
23
258 284 377 532 577 872
289 885 897
125 280 878
8 127 227 341 361 735 898 921 972
33 126 568
60 243 434 612 636 658
12 115 576 664 746 776 825 924
37 391
110 223 920 959
532 746 807 956
145 265 469 522 797
229 253 294 536 638 964
181 512 585 640
65 255
21 35 70 237 350 809
158 428 519 628 679
214 238 286 312 332 434 496 758 916 917
230 277 295 843 895 934
114 360 468 531 643 838 954
47 108 382 858
279 304 311 446 807 952
5 239 445 554

228 464 602 814 935
539 880 958
562
75 323 574 796 848
12 939
233 411 738 930
71 457 522 733 850 891 955
192 216 383 735 806 915
292 465 560 607 642 799
742 889
102 650
212 251 653
45 562 614 660 761
40 66 277 396 534 934
394 550 572 597 934
54 393 559 563
111 244 277
281 340 352 633 829 843
190 308
62 248 585 742 777
231 557 984
46 47 424
185 527 733
68 205 576 578
193 282 635
134 172 199 352 429 920
225 431 532 569 980
442 535 642 723 874 923 946
356 731 818 824 878 892
72 244 485 781 911
166 179 513 638 689 894
121 743 879 946 965
417 482 594 671 718 906
64 198 637
203 354 563
301 921
170 397 727 761 958
30 81 490 508 601
110 187 540
178 234 378 539 994
447 695
16 189 299 394 752 932
55 507 605
98 143 164 224 510 699 940 982
20 454
265 279 390 631 811 917
494 597 883 984
418 562
107 146 177 193 376 988
78 281
195 633
161 250 327 453 617 791 855 991
158 179 626
182 288 443 489 867
172 470 641 996
133 263 321 414
733 872 875 972
37 624
45
40 53 54 306 370 871
192 422 527 671 811 972
424 614 640 676 777 840 870
150 158 320 403 543 581 610 873
28 291 412 709 731 805
697 787 986 988 997
165 274 278 591 644 750 778 806 850
404 783
86 582 685
144 660
265 270 325 339 450 787 896
31 427 454 769
142 646 917
29 172 218 221 527 569
47 270 361 374 446 980
202 250 293 373 729
184 345 366 426 818 941
7 222 254 435 563 987
229 370 462 876
589 701
182 288 962
319 375 852
14 154 198 314 458 514 520 588 719
88 166 835 840 878
14 258 284 325 337 351 628 637 685 793
66 117 183 315 316 466
830 953
91 268 358 510 837
213 449 480 572 615 685 742 751

49 193 458 825
199 427
310 413 451 613 664 915
341 852
484 573 943
42 58 246 346 532 655 768 1000
139 349 623 711 889 987
71 127 152 186 240
179 421 923
116 403 522
89 202 345 632
162 399 438 443 524 608 637 963
99 264 581 768 901
278 367 595 792
13 82 223 313 356 561 735 755 916
51 149 445 788
29 89 296 331 402 560 564 614 739 853 911
202 270
78 198 327 488 592 744 806
802 911
286 499 685 700
46 47 137 278 289 487 880
289 572 600 609 722 775
54 487 788 976
830 957 983
142 184 285 333 540 847
267 336 398 460 786
10 52 260 429 671 850 936
116 284 915
50 208 358 377 604 628 843 936 960 986
105 216 433 718 941 973
241 274 288 536 556 697
373 437 671 814 927
99 104 256 312
119 146 212 489 529 558 686 934
31 177 371 569 680 717 928 967
44 929
12 310 390 398 565 775 795 906 999
74 198 564 592
319 897
451 636
5 496 653 773 893 894
760 829
35 64 81 288 558 608 648 802 811 880
130 428 659 667 737
58 103 141 274 684 686 860
222 587 627
185 297 897
152 349 358 755 770 988
142 592 743 811
1 403 573 595 631 844
304 416 579 760
60 523 565
36 363 402 569 605 621 737 751 833
227 421 544 575 861
342 487 528 771 828 951
517 580 746 960 965
288 373 450 895
104 222 635 925
79 394 411 982
239 439 517 719 751 800 815
85 222 586 817
60 233 308 382 479 746
974
323 342
16 136 699
42 118 200 519 791 864
75 278 562 618 629 849 908
7 678 699 949 965
347 446 567 699 780 870 970
40 334 474
374 425 463 808
280 393 527 936
29 307 488 706 811 865
83 516 858 859
85 493 574 979
14 264 282 495 540 557
106 329 459 791
43 88 388 488 746
57 279 326 441 726
411 415 572 581
285 414 776 932 993
253 664 866
100 182 323 505 529 777 815 839 986
244 427 434 560 641 870
15 30 159 411 480 532 642 806 902 987
628 643 690 824
694 770 973
108 201 356 552 789 922
404 505
67 807 955
51 494 657
74 140 650
4 441 524 707 797
442 692 693 845
479 735 793
250 331 613
189 546 607 798 914
398 417 721
220 242 366 746
70 219 246 353
418 642 810 861 929
66 122 178 218 591 617 986
73 241 452 622 744
181 392 461 670
459 482 522 589 791
948
75 490
310 347 773
267 303 344 604 660 871 987
57 271 383 882
452 993
5 18 57 175 261 424 601 616 627 645 835
61 67 179 453 549 587 640 971
246 500
114 274 502 734 787
162 373 418 471
210 353 374 379 417 612
268 653 766 846 919 929
136 477 710 938 956
166 375 555 597 665 715 891
729 773
345 598 849 919
237 392 411 549 789 885 890 965
147 395 410 461 748 749 772 824
544 557
39 431 993
169 302 346 348 405 679
265 516 603 756 840 950
98 272 689 843 908
15 266 406 444
137 365 460 730 987
35 280 876 931
23 275 507 674 815 998
197 222 338 870
295 321 445 518 837 958
50 435
72 231 466 592 888
281 839 923 1000
105 107 686 834 993
105 187 198 378 556 815 858 963
11 46 73 281 430 744
134 465 837
607 715 740
305 900
354 495 626
448 638 859
387 501 579 930
17 232 388 724 791 846
305 418 650 686 832 954
110 424
61 203 309 429 569
278 363 718
23 123 245 606 646
9 152 440 476 614
7 292 613 679 879
216 274 351 908 931
77 171 334 525 635 720 944
397 405 914
256 305 407 701 739 767
249 275 411 619 669 678
128 143 174 460
742 935
177 487 555 839
19 49 294 423 562 594 662 802
57 107 275 371 399 463
44 57 366 697 754 781 865 967
132 134 398 418 462 547 600 820 954
282 461 474 563 625 660 754 767 801
365 459
84 205 281 854 983
93 213 657
36 151 168 289 906
764 772
203 614 836
192 576
70 93 259 978
1 149
304 408 889
40 593
364 681 800 801
694 781 836
764 934
33 132 183 413 554 596 900 934
322 598 736 894
356 389 839
85 379 560 603
5 409 601 853
399 829 936
487 754 842 861
298 555
168 234 395 712 907
58 595 601 700 767
263 317 349 457 483 729
312 367 372 607 906
258 328 514 795 800 955
242 401 710 813
281 653 942
130 157 314 571
54 98 626
58 750 979
94 370 596 806
198 257 335 938
11 685 810 862
536 747
162 314 530 848
355 948
441 532
161 217 409 511 807 866
64 905
50 131 510 528 553
63 383
157 269 433
27 247 297 596 959
242 573
9 106 695 736 879
248 291 504
288 502 896 958
194 481 537 778 920
75 154 235 554
286 392 489 687
612
54 144 368 422 680 781 894
142 354 900 902 973
110 429 841
360 740 755
213 286 352 640 988
136 255 290 484 510 738 763 942 943 994
88 192 211 303 399 965
671
72 305 740 916
451 569
109 584 616 872
227 265 277 366 778
243 349 504
12 377 686
499 539 596 744 802
200 243 995 997
191 299 379 501 739
633 666 883 892 906
561 709
641 928 992
19 193 239 325 334 498 526 857 979
714 761
26 789
160 206 244 343 631 845
171 201 243 319 370 833 907
423 676 704
102
267 364
121 130 244 348 419 738 739
80 169
66 391 650 718
29 143 575 963 988
25 137 168 176 569 747 832 917
163 407 584 738
81 108
76 277 473 534 578 598 629
603 651 957
288 504 984
119 169 181 203 477 513 563 817
52 371 457 484 612 769 797 967
55 172 811 895
150 225 346 370 419 673
17 328 447 852
65 220
166 378 480 562
26 308 387 745
171 207 361 458 560 758
225 239 281 554 690 904 943
310 332
94 184 331 346 643 825
84 449 862
41 363 639 666 740
186 643
121 231 277 305 329 347 445 456 525 548 584 627 934
718 946
28 115 432 492 524 621
51 72 219 374 517 629
222 298 344 396 508 552 567 776 881 915
369 929
547 790
36 97 163 228 393 425 852 875
182 697
228 551 563 638 683 785
345 441 477 597
80 350 582 609
267 306 374 586 789 858 885 946 985
221 286 580 720
82 91 153 438 579
549 569 622 833
87 132 182 194 224
34 355 581 719 728 812 919 946
91 340 407 653 696 781
27 286 631 648
283 399 492 867
215 734 773
270 396 502 830
312 343 431 920
290 473 551 810
237 458 555 626 828 972
229 307 344 486 639
507 530 953
122 219 251 414 434 579 746
416 478 551
671 718 949
164 316 461
98 406 481 535 809 978
97 114 136 803
44 480 552 622 886
127 224 323 403 619 766 786 800 836 884
130 207 404 615 893 914 915
24 645 950
213 391 437 488 697 775 917 990
16 305 337 515 786
316 646 937
68 267 731 755 799
71 76 90 732 887
213 307 411 422 464 515 555 908
137 390 449
100 310 420 448 468
292 427 713 976
406 526
33 171 256 396 583 677 733 863 977
361 702 748 779 865 928
122 164 454 935
70 284 410
17 347 667 731
584 603 852
25 149 202 300 742 802
1 262
7 31 50 141 268 869 948 995
177 439 493 645
126 139 150 340 406 569 716 913
39 197 288 323
572 734
12 982
74 82 149 588
74 304 908 946
222 255 787
148 204 312 779 897
229 352 451 891 896 938
334 653 980
16 238 288 758 921 996
58 193 578 693 924 943 971 985
567 986
12 123 194 266 407 520 655 998
378 535
122 379
144 200 380 565 568 867
646 696 974
81 606 626 791
276 447 547 609 644 852
334 551 653
80 588 649 718 835 938
631 648 859 970
24 215 386 443 546
552 756
32 171 266
37 134 141 216 335 412 587 647
9 421 771 884
640 871
119 502 903 933
385 666 776 873 885
187 763 808
44 338 568
6 273 403 462 623 731 906
24 81 700 921
664 900
111 747 836 988
45 116 158 188 376 662 670 832
95 414 613 838 881
34 533 567 657 882
19 128 338 543 621 930
4 82 670 773
179 454 910
18 664 668 704 745
237 265 321 326 523 547
101 641 782
115 172 557 879 972
427 773
879
86 173 266 541 751 852
29 95 137 617 860 917
362 454 859
141 449 712 807
158 252 792 964
705 712 796 819 861
69 94 286 879
741 787
259 339 542
78 288 313 314 497 798
109 123 339 433 443 529 615 763
1000
107 753
235 423
51 380 407 560 563 722 785
511 880
388 553
53 98 388 638 859
51 381 562 753 796 869 909
129 245 509 937
52 180 587 644 945 959
269 299 460 577 607 729 842 865
470 533
248 303 359 362 363 476 710
314 486 661 798 950 964
115 165 283 453 644 756 852 879 880
13 68 128 618 889
934
463 541 786 956 996
162 681 694
42 266 367 494 831 879
387 710 735
102 802 849
15 146 268 534 869 895 925 954 975
164 413 699 707 954
65 124 300
133 485 679 681 772
615
18 537 868
22 414 437 736 862 956
750 940
175 547 748 856
117 237 546 570 599 648 844
354 865 882 908 952
582
321 392
316 466 690
123 232 802 953
33 98 344 442 761 782
597
373 799 837
241
586 839 875
235 279 415 487 697
425 451 985
268 605 610 621 660 778 785 797 859
146 228 611 918
28 164 211 631
44 119 629 823
114 185 308 389 707 789 828
468 478 509 715 786 896
228 347 749
36 100 139 207 210 521 544 549
122 209 310 453 532 544 927
109 345 519 567 755 999
74 683
18 214 224 456 872
35 236 343 873 979
397 435 530 760 865 953
42 60 280 561 670
109 191 356 372 393 597 626 764
26 498 518 548 663 887
19 117 618 717
48 418 597 649 737
270 353 428 815 886 945 995
79 166 292 347 354 899
106 246 533 894
19 65 90 688 800 943
74 370 460 462 483 933
308 491 519 610
94 422 651 701 800 967
124 131
156 759 828
758 847
155 345
176 241 724 763
87 585 593 620
52 494 521 638 658 761 846
426 467 746 895
167 367 625
31 412 604 856
20 453 462 486 884 963 991
83 98 178 299 306
275 564 689
129 381
192 349
418 712 818 840 969
9 402 415 590 674 783 994
158 937 987
316 331 439 607
188 375 450 573 889
73 131 224 377 862
27 527 731 878 891
366 634
363
234 460 475 516 587
649 672 724 786 908
50 76 271 773 902 923
61 173 700 928 970
117 690 731 959
604 608 704 736 810
4 42 81 178 232 269 274 409 633 683
1 309 317 609
13 382 417 538 581 904
155 575
256 360 399 442 870
254 566 810 890 976
288 389 476 593 816
369 894 940
879 997
36 81 208 553 694 824 914
97 192 378 387 731
1 685 700 939 964
213 413 610
354 474
242 462 465 892 922
313 530 708 723
253 602 738 987
109 265 388 490
268 581 840
270 312 379 495 764
63 191 202 502 679
78 99 365 658 962
83 196 601
66 395 494 786 792
174 250 337 343 346 367 422 556
67 586
105 513 945
3 147 326
354 377 427 434 995 996
777 793
59 77 355 738 973
1 233 242 280 563 718 961
80 662 681 915
339 461
154 744
180 371 564 679 899
623
16 233 258 380 418 432 683 796
115 128 154 177 188 546 565 846 899
95 927
532
21 295 349 404 735 758
9 61 222 336 482 830
290 318 591 610 829 900
706 982
45 356 443 548 664
116 347 435 540 584 852 865 886
49 132 234 948
29 234 287 303 406 419 882
305 468 475 604 663 818 973
429 436 612 726
112 153 200
149 172 432 457 479 597 903
266 287 388 772 805
81 130 518 904 948
483 485 966
199 323 423 618
42 149 344 718 867
83 388 539 742
74 179 379 412 442 763 825
71 319 412 656 759 992
9 161 172 208 406 499 905
361 416 635 708
54 211 270 321 349
906
32 285 297 576 622 646 676 833
210 310 481
183 464 928
172 256 469 968
717 907
80 121 536 736 926
23 201 264 434 581
368 440 649 678 731 858 875 942 984
336 677 996
69 295 395 483 516 681
6 217 566 715 777

141 360 728 925
65 367 369 460 618 697 719 744 833 920
325 502
23 166 258 437 589 643 713 909
327 714 796 890 975
2 396 558 694 709 903
266 378 428
149 264 403 605 655 863 914
112 132 200 261 379 526 881 914
44 657 743
8 232
261 576 687 728 859
34 426
20 49 346 880
184 287 778
236 298 437 449 619 673 675 682 701 795
15 206 337 479 497 691 701 945
573 945
12 123 666 719
12 58 135 251 533 674
37 417 604 654 767 993
42 417 581 946
603 833
308 606 611 747 986
313 899
214 260 300 472 670 702 776 899
417 792 856
52 211 414 635 778
233 533 804
335 407 763 967
227 235 335 478 516 752
144 199 351 556 709 982
134 274 511 635 676
183 333 341 634 963
1 62 185 958
14 99 751 825 888 889
13 438 477 517 607 662 830
122 306 906 914
64 147 379 517
140 656 839 981 995
106 140 563 841 944
51 503 848
237 331 411 466 488 519 533 543 660 851 901
1 746 856
423 450 600 719 782
46 55 64 95 143 694 808 867 967
669 873 986
234 310 313
135 137 175 603
101 627 921
381 452 605 757 796 872 901 974
24 40 67 212 320 322 336 573 605 819
198 308 524 747 793 801
41 198 250 276 327 548 607 677 989
12 70 186 304 671 732
412 416
190 512 590 592 783
185 240 370 637 661 913
382 801
58 232 302 963 1000
132 188 638
69 172 254 352 709 864 989
857
16 147 326 472 739 756
329 535 592 603 618 784 854 989
152 330 395 412 574 981
132 210 441
23 40 64 426
84 86 246 983
27 62 371 754
161 199 219 328 476 477
205 456 606 619
321 323 366 482
609 669 774 842
413 635 648
209 758 798 964
401 660 691 794
12 130 140 202 280 635 945
147 491 521 565
46 298 521 638 725 753
451 560 904
32 143 414 696 813 976
232 236 570 581 632 784 844 885
300 723
379 400 625 841
107 599
606
33
202 482 719 807 985
353 487 596 723
200 310 443 461 709 710 765 955
384 483 954
83 191 413 947
19 34 318 552 911 964
241 429 511 882
15 190 443 507 772 785
73 350
351 915
184 284 613
3 305 434 547 923
247 680 700 798 939 957
50 232 236 362
792 842
82 130 359 555 756 893 909 932
63 855
105 506
363 382 563 649
407 454 638
185 261 265 348 609 643
324 517 519 603 817 836
98 101 614 644 914
546 709 868
317 615 651 792 945
11 617 810
460 470 535 725 923
369 494 536 743 803
148 278 572 636
27 929 960
132 248 353 630 831 895
318 932
107 225 361 553 561 988
47 90 581 872 952 964
16 269 323 377 396 428 639 887
281 379 403 425 563 831
253 269 342 984
10 621 917 925 928
289
170 256 371 767
745
119
65 79 244 452 521 742
109 531 903 957
147 259 637 860 969
269 342 412 531 795
427 640
244 331 518 871
299 432 687 913
