1000 5661 0
338 501 623 699 867 879 927
116 237 343 383 492 601 718 723 774 814 865
222 658 837 982
408 530 564 772 931 950
372 498 602 693 715
257 416 735 946 998
53 136 235 269 321 468 483 580 772 915
32 43 187 431 434 529 598 982
13 194 263 275 389 629 638 897
895
83 177 213 289 292 319 413 999
103 285 837
9 36 98 323 338 457 582 800 947
144 170 198 202 222 537
204 247 468 587 707 711 735 773 817 941 957
3 71 123 242 248 288 466 587 625 990
161 180 447 663 790 890 983
277 629 671 967
121 278 335 535 580 926 989
390 610 650 734 936
370 513 798 807 816
190 612
677 846
49 159 278 545 598 916
292 343 406 597 652 847
366 874 875
85 162 331
114 235 642 669 765 792 827
59 581 780 942 985
142 323 792
277 481 677
58 355 441 892 949
335
264 358 758 775 874 909
6 433 578 602 893
13 41 146 201 397 1000
153 175 365 610 712 757 792 794 889 969
102 213 398 839 912
230 633 643 729 754 827 838
449
99 717 972
128 553 592 748 984
8 91 194 589 597 814 974
215 225 498 622 723 766
172 193 395 799 810 986
142 745 798
205 219 289 350 372 440 877
34 56 349 363 371 699 944 960 994
714
110 170 298 480 682 841
190 315 463 509 749
117 259 310 645 727
90 403 452 995
123 390 408 571 872 879
87 205
224 294 448 498 535 579 637 751 766 872
112 413 736 849 886
32 66 143 217 243 257 414 439 657 846
183 337 594 744
190 228 239 304 313 350 547 600 858
221 428 549 640 763 809 847 898
199 341 472 478 555 655 847 871
227 351 370 398
1 106 111
112
58 298 385 510 548 783
202 315 336 368 730 937
28 106 316 490
738 838 936
26 65 104 252 328 511 568 835
16 73 702 716 893
216 387 552 673 765 774 820 959
57 71 356 831
249 752
103 244 330 336 683 709 722 941
190 408 471 684 735 737 756 761 792 892 970 990
60 242 253 347 556
12 188 491 952
252 424 585 587
48 133 411 470 651 682 696
110 161 722 791
69 729 828
294 465 493 496 507 512 633 676 919
117 190 246 262 383 536 579 767
27 146 261 293 575 749
702 732
184 275 530 662 717 796 857
216 238 403 432 721 911
114 234 463 499 504 596 703 718
53 453 622 699 729 841
10 43 105 123 311 374 447 458 738 860
63 857 872 879 946
58 122 206 310 480 764 828
117 124 418 593
134 822 959
162 211 216 389 713 818
41 170 260
13 227 336 382 644 734 824 922
41 84 121 441 518 569 586 632 689 783 794 925
237 525 587 686
470 494 503 718 746 760
202 319 446 590 874 911
12 75 90 146 662
70 271 355 519 621
145 170 248 461 463 469 985
43 64 133 295 498 716 904 943 971
114 209 321 364 382 435 517 727
188 195 509 918
143 193 261 349 416 435 818
99 365 812
371 632
57 159 315 432 738 792
413 423 880
107 361 400 506 873 942
8 214 273 621 707 909
119 177 187 207 252 328 436 454 491 554 583 873
52 84 157 278 579 740
132 278 411 643 729 759 998
116 601 623 659 671 878
780 860 960
99 186 478 666 767
184 567 635 650 742 846
16 247 344 557 585 883 978
374 521 711 738 838 906
158 663 825 907
123 286 505 562 823
97 396 969
61 478 548 570 573 583 586 803
172 216 501 502 813
194 381 400 540 564 939
196 259 695 740 798 822
257 283 412 615 699 801 852 896 994
106 345
47 387 675 687 961
143 213 304 678 899
325 394 426 596
408 425 432 461 735
352 392 603 766 950
228 318 586 965
488 489 558 564 718
1 335 435 799 909
30 46 324 345 549 577 729 782
58 109 126 184 304 439 587 817
187 434 702 775 845 935 951
35 342 541 915
36 103 228 306 357 653 753 851 852 857
261
163 172 345 441 456 764 788 934 996
152 163 180 213 672 961
160 427 681
202 371 452 590 613 745
145 149 173 228 242 654 660 718
66 752 820 896
64 299 393 508 514 611 687 688
642 673 772 928
660 744 824 857 875
117 316 419 486 497 708 748 773
14 91 125 171 239 369 613 660 688
24 112 427 822
150 514 711
230 320 427 589 722 741 813 935 982
27 96 274 378 698 750 822
55 258 656 772 794 981
133 206 283 427 469 491 549 617 687 910 927 933
194 268 337 472 723 819 915 927 998
198 335 354 510 549 905
694 816
310 337 766 809 880 899
123 631 718 794 923
14 97 105 242
531 625 774 781 890 955
304 905
152 412 633 745
38 201 401 417 713 719 816
37 232 642 921
352 378 468 572 573 721 870 932 941 962
116 255 325 677 686 703 711 813
8 623 644 759 985
68 205 535 540 848 992
254 622 669 742
188 286 304 424 455 498 617 664 749
268 535 616
301 420 513 548
87 172 245 309 336 389 498 689 849 933
199 284 460 800 808
121 208 238 628
144
78 108 215 370 437 565 929
198 422 923
22 60 76 518 862
32 364 576 683
499 566 720
45 109 478 884
9 165 182 217 433 609 723
108 288 602
216 490 536 967
160 224 740 777 911 921
166 309 441 791
62 70 185 201 207 260 615 637 654 788 837 912
318 444 460 730 997
36 199 206 953
67 102 121 151 696 979
49 149 414 435 642 841
15 73 488 589 781
47 55 179 254 343 411 461 467 576 750 807 948
52 93 267 417 519 656 694 747 763 826 870 904
199 248 333 340 376 411 604 710
104 186 188 318
95 107 430 563 613 625
5 214 980
150 356 657 808 842
228 266 328 391 529 535 568 587 992
149 180 480 586 631 711 731 851 970
96 373 377 499 619 798 930
188 243 366 442 461 501 598 752 785
72 88 129 350 428 510 689 711 992
58 194 718 769 922
353
47 92 284 502 786
159 407 794 891
61 116 309 356 829
3 26 148 301 371 522 825
246 473
56 197 230 368
678 684 843
102 252 288 310 912 962
63 98 475 497 657 766
60 92 152 157 212 363 399 485 580 819 916
254 268 324 866 913 990
39 91 161 501
86 647 722 818 905 941
175 245 435 465 466 802 841 945
757 829 876
89 352
14 28 47 461
666 683 953
2 100
18 88 186 230 349 378 436 471 514 660 791
60 158 279 378 419 444 467 764 768 934
211 354 552 614 651 952
29 511 598 839
77 170 607 906
58 90 105 207 313 358 387 680 731 857 880
527 656 748 877
147 286 506 768
63 84 942
15 445 475 787
16
74 130 439 701 848
46 376 448 513 623 636 787
365 428 774 775 817 838
70 116 226 441 465 558 828
77 178 448 530 829 927
229 638
177 275 447 540 676
333 404 471 546 650 675 706 787 871
6 117 180 660 957
368 565 607 697 806 903
52 93 333 452 712 971
199 295 314 591 653 823 862
109 147 269 327 630 741 846 979 983
175 243 568 652 834 846
9 53 137 556 747 913 971
34 250 384 435 741 868 932
341 463 544 546 706 767
212 368 625 747 852
81 122 206 276 341 485 625 707 710 943 949 963
165 567 961
261 491 674
123 330 411 427 526 604 960

113 190 222 261 285 501 647 922
292 552 577 672 785 997
589 760
9 281 403 424 477
267 338 501
18 308 372 981
24 117 118 301 481 512 659 791 913 944
239 470 545
833
146 178 275 283 360 410 429 468 734 773 988
32 170 373 470 551 984
164 485 526 606 858 905
3 152 185 219 225 364 385 535 554 771 780
293 342 545 561 922
181 456 632 960
196 443 585 631 649 990 999
16 226 308 536 645 660 745 755 769
11 47 269 380 489 521 844
92 462 471 703 744 866 933 980
58 195 598 712 729 925
267 314 426 499 984 990
85 285 294 781
293 528 591 825 894 920
106 260 308 312 484 487 503 657 938
364 458 571 795 928 979
250 406 499 558
50 66 787
154 688
492 595 614 891
183 278 375 881
267 432 958
48 399 707
60 135 172 181 256 558 611 790
319 560 566 745 751 779 902
111 120 433
293 425 739 801
127 277 543 710 873
184 221 370 389 482
32 38 41 52 93 116 168 355 448 502 533 562 669 689 733 875 877
64 310 465 627 663 736 959 961
12 307 407 746 830 836 939 974
60 521 740
128 260 292 647 653 658 710 916
51 112 116 496 508 725
157 478 549 592 791
228 439 465 578 670 708 725 761 809 829 893 939
139 342 409 460 499 795
11 47 305 337 343 732
84 161 476 494 607 910 931 959
78 107 350 512 824 935
223 338 524 593
13 398 736 776 956 980
75 142 229 396 460 805 807 864 883
244 432
80 109
261 400 428 515 727 757
70 116 212 848
345 427 465
75 270 390 533 718 788
27 527
484 525 593
143 207 256 441 482 500 618
412 564
117 166 447 685 752 768 829
67 75 396 527 603 775 888
168 319 657 713 795 909
322 518 971
385 602 707 837 850 893
173 199 299 391 432 446 622 699 941
62 517 836 865
110 134 150 318 791 812 905 943 953
2 287 319 500
464
955 966
280 384 882
77 877
375 399 552 602 634 700 796 902 975
48 109
23 60 216 501 537 624 638 736 754
63 137 248 455 575
66 323 394 399 939
80 213 702 859
240 367 525 579 840 845
281 431 454 858
73 211 362 558 885 926
146 180 222 424 507 790 838 886
193 305 926 962
507 696 697 733 869 887 926
225 503 874
114 184 613 633
319 356 380 515 609 634
48 143 228 364 499 557 782 783
107 191 361 480 513 983
37 205 567 728 862
26 215 487 502 866
811 859 961
224 258 266 668
370 393 437 718 808 823 885
23 30 188 204 248 309 369 715 808 886
48 244 654 686 756
5 47 141 277 381 477 758 787 798
214 282 431 761 980
124 206 408 495 624 759 948
70 301 348 362 436 440 540 998
207 238 250 553 765
894
63 162 176 385 636 915 965
603 791 960
289 362 432 613 745 840
130 277 372 567 873 936
107 508 536 771 989
593 832
338 346 389 458 465 592 810
3 20 339 378 444 540 802
38 335 819 863 905
23 134 243 390 539 600 957
84 111 172 375 416 526 692 831
9 96 184 384 419 639 669 714 995
54 92 162 202 391 409 522 615
212 447 535 547
138 335 573 752 852
154 369 601 725 779 974 979 985
433 629 670 951
99 297 565 625 804 961
474 657 722
36 517 703
38 246 323 733 764 780 990
228 303 784
114 130 188 279
174 428 474
883 902 988
17 28 53 88 452 582
434 439 623
643 759 782 924
415 537 635 641 780 863 913
220 413 791 824 916
54 76 374 389 747 758 824
318 428 452 568 999
116 442 879
80 205 207 669 717 858 940
10 173 185 311 334 453 496 532 572 590 640 989
57 113 407 463 651 817 828 949
162 427 476 785 933
70 259 335 406 495
131 388 448 965
206 335 460 853 860
94 434 520 638 861
74 157 162 239 389 661
183 306 415 552 757 933 966
143 502 625 868
198 211 297 945
489 524 584 651
181 539 593 753 994
93 559 932 938
25 292 756 808 835 956
150 161 270 414 614 725 740 908
61 216 446 974
281 614 742
67 469 629 806 906
8 355 370 506 676 962
137 219 325 423 679
35 306 394 547 804 840 975
8 110 144 404 418 575 693
141 264 318 369 644
116 238 375 428 712 835
36 188 369 521
376 469
58 505 627 983
47 375
99 148 195 198 333 631 725 793 873 904
85 360 553 895
590 817 887
200 239 385 419
91 247 585 788 882 884
81 102 340 428 505 835 904 917
17 36 91 305
56 250 253 516 578 647 709 867
45 436 807 957 971
779 799 905
89 210 725
9 53 267 409 595 799 900
118 581 582 702 836
51 116 121 215 355 536 784 925
571 610 649 870
84 286 703 799 923 966
512 651 779 967
91 152 296 384 644 846
8 110 861 879
185 200 210 354 417 472 631 890 960
137 215 235 534 604 819
253 290 736 992
51 89 138 265 539 556
296 530 775
46 83 132 311 317 329 384 612 652
4 116 365 454 931
129 239 538 661 711 715 918
15 33 176 281 799 906 937 954 976
392 438 453 591 632 640 851
80 255 279 559 745 783 834
76 238 558 568 828 911 913
56 62 460 584 782 956 994
140 223 279 331 618 934 940
396 401 799 885 918
807
70 414 433 908
275 398 481 978
62 128 193 452 499
427 480 497 535 721 754 764
40 50 93 213 341 479 501 536 618
21 31 278 477 621 857
69 309 333 592 597 718 726 783 832 946
7 360 757
116 179 295 332 557 630 948
228 283 576 684 740
157 249 565 649 739 770 800 889 949
295 527 761 815
140 220 509 600 710 957
423 580 837
68 372 600 756
78 164 450 608 747 803 856
2 300 307 412 566 636 739 979
83 854 888
186 196 198 320 903
320 335 528 650 747 912
315 859 878
4 33 157 227 646 669
184 585 959
89 214 292 297 363 396 658 838 955
36 384 393 394 724 914 980 988
129 272 276 480 702
129 338 421 607 754 854
295 360 669
83 89 952

27 245 431 748 891 912 958
83 357 359 432 600 633 935
67 104 154 256 315 649 835 865
165 488 791
66 632 717
50 183 241 508 821 858 895 927
83 441 581 869
21 232 364 927
160 694 703 752 988
327 409 461 749 865
280 284 448 838 926
329 341 397 717 973
99 190 205 464 610 828 840 934
104 206 471 969
30 118 145 418 461 538 673 702 725 836 996
124 385 437 458 945
222 313 429 771 801 833
616 633 945
58 423 656 692 732
332 387 586 605 940
270 283 487 533 690 718 804
25 244 311 331 336 942 955
294 381 495 581 751
148 365 602
4 87 627 666 764 849 870
11 551 587 641 892
186 253 368 554 589 628 761 773
310 332 488 526 620 629 630 704
418 430 461 549 801 883
19 179 182 212 284 391 727
196 353 382 480 683 713
14 350 406 465 598 628 936
281 467 520 549 610 644 992
305 387 643 766 890 899
98 130 375 532 625 912
145 420 867 881
235 921
257 626 673
45 265 303 476
24 27 59 279 467 506 784 854
141 256 395 711
60 433 459 564 821 950
128 412 753 842 939
61 134 142 166 267 272 316 471 687
40 569
531 665 888 905 917
72 420
376 442 807
109 278 284 925
591
77 157 463 672 758 921
123 227 261 484 688 690 775 985
38 140 195 252 297 304 356 397 456
383 425 470 638 686 894 937
79 500 578 627 667 765 793 909 993
30 363 519 808
126 484 847 985
209 400 408 774 915
4 26 130 140 334 547
395 423 486 572 683 771
86 492 863 919 942 963
139 248 268 365 449 665 701 867 986
155 212 409 471 699 723 786 956
99 345 550 589
128
50 54 112 296 538 675 703 850
422 543 644 691 850
128 301 392
88 644 666 785
85 342 434 665 971 996
191 328 975
167 273 425 622 654 709 862 894
317 372 427 448 913 929
56 84 117 759 975
19 88 489 722 778 819
29 81 144 367 396 505 512 782
13 403 516 600
116 128 187 255 509 654 897
308 311 444 477 776
79 223 226 287 443 445 777
99 139 525
15 212 531 857
306 652 662
43 161 204 249 356 569 617 666 923
151 331 838 965
260 469 575 614 833 842 991 992
103 154 209 254 316 482 586 699 762 834 975
63 94 322 332 383 872
652 973
97 361 452 731 760
89 136 615 674 747 776
25 221 482 523 794 830 933 986
24 215 241 779 839 850
259 639 786 805
114 206 387 408 488 507
2 119 188 393 835 979
5 195 339 470 529 566 584 689 797
138 379 532 747 908
270 411 575 679 812 930
525 626 699 836 874 932 943 946 965 978
283 522 694 702 797 831
258 502 741 815 829 949
401 709 841
22 167 243 260 362 470 690 741 742 770 812
20 37 75 131 336 455 492 725 787 949
154 204 245 337 424 666
22 229 914
158 361 979
240 429 591 694 840
132 199
535 644 765
164 181 469 674 709 742 756 934 993
333 378 473 705
141 662 663 874
218 221 645 677 962 981
104 115 178 810 871
44 180 340 353 577
1 119 250 404 752 941
350 374 793 922
16 155 209 305 421 540 859 926
343 605 634 721 796 822 952 979
311 560 743 751
293 484 532 537 688 706 729
394 430 576 884 988
264
169 213 287 441 460 895 990
99 111 201 510 768 809 852 925
39 83 173 316 361 507 575 808 995
348 362 626 799 889 902 915
122 273 406 462 532 769
250 378 752 790 827 969
186 199 253 648 703 866
9 254 345 418 559 690 717 876 902 929
38 426 460
61 412 511 834 931 978
85 219 406
28 175 203 483 554 689 710 720 803 846 857 899
39 186 405 539 562 655 759 973
86 162 178 458 574 616 670 792 865
288 620
491 497 694 912 958
231 272 448
344 559 637 809
191 287 336 436 455 486 682 917 921
20 122 179 256 268 495 550 705 957
80 163 413 423 454 457 724
278 588 594 947
146 231 812
375 577 615 938 939
194 481 643 853 915 943 968
161 163 206 244 282 440 524 602 663
211 295 784 826 946 997
314 670 975
119 158 539 665 666 874
158 238 257 288
419 474 757 864
87 103 167 173 588 619 947 957
17 219 311 554 619 656 724
181 591 777
61 551 567 575 659 685 687 764
121 530 611 659 728
90 237 577 632 854 919
340 368 431 808
28 310 497 706
122 219 394 409 644 787 851 916
18 117 483 633 970
149 556 755 777 857
543 699 777 835 928
158 414 552 596 618
571 747 886
255 420 431 600 876
23 31 127 177 453 652 813 959
135 386 452
265 712 789
823 837
150 428 489 639 720 786 788 957
8 10 528 649 816 979
191 368 578
76 472 685 871 930 942 957
533 665 773 877 926
100 177 371 647 930
134 154 440 491 575 635 665 694 728 767 953 960
195 363 368 557 885 926
99 184 216 521 995
110 557 638 732 857 859
245 267 572 865
388 524 848 972
5 135 434 703 765 806 854
107 512 590 614 646 687 914
224 500 506
80 312 690 871 948 992
258 310 359 394 528 795
162 488 701 880
48 90 132 292 476 959
148 324 641 770 902
52 342 567 746 775
86 110 235 353 470 501 520 774 796 943
89 177 192 290 397 456 514 693 909 965
13 131 698 718
263 650 753 790
256 265 818 832
15 115 262 267 775 971
157 317 720 861
75 448 577 813 855 900
267 488 589 926
124 160 177 216 230 548 557
259 403 436 467 478 878
174 275 337 536 714 783
49 571 713
5 196 370 467 741 777 886
672 762
411 675 841 901 950
70 101 140 169 330 704 885 930
540 816 894
192 197 271 642 681 708
18 312 411 492 626 700 866 921
75 84 161 231 971 987
2 44 194 291 465 568 948 981
287 379 392 500 701 710 938
304 315 317 470 571 610 703 744
34 208 482 828 940
327 535 716 832 913
365 880 906
39 82 90 115 142 308 469 884 930
200 961
595
86 114 310 319 690 698 769 994
50 310 440 905
98 281 391 632 703 767 804
6 15 137 563
18 311 339 350 439 462 769 837 876
396 616 776 866
91 112 749 862 891
307 486 492 972
131 485 807 869
161 187 300 572 607 609 897 953
17 122 182 277 281 429 525 888 947
763 770
59 725 949 977
29 46 151 173 237 266 470 736
416 425 560 601 701 759 915
155 206 266 381 437 495 603 852 948
42 407 411 808
51 85 515 738 808
162 205 339 453 958 961
56 305 371 457 528 627 718 792 832
74 153 215 335 392 514 636 765
299 424 548 851 901
350 502 756 835 918 977
33 37 184 529 672
76 617 883 945
233 327 347 420 437 481 842 990
26 34 284
178 372 374 579 746 792 803 855 896 904 941
59 101 274 539 595 622 672 847 924
317 487 532 553 573
4 378 487 592 868
16 61 206 431 544 708
93 148 239 479 530
28 56 72 560 616 646
56 67 138 150 227 286 539
121 265 687 971
245 406 632 908 992
217 288 819
240 326 535 595 609 743 773
309 869 979
7 155 916
203 532 685 770 898
72 101 171 251 563 702 801 878
6 34 336 557 707
584 596 623 808 928 971
197 585 672 673 887
49 215 267 528 580 679 820 882 910 934
240 305 393 437 450 457 513 598 609 670 710 761
29 51 120 245 284
171 204 293 595 987
81 142 168 405 888
363 401 470 482 581 713 790 829
399 454 545 657 817 929 972
215 273 414 617 639 940
219 568 599 681 688 981
247 256 346 372 585 930
148 188 199 330 445 681 728 900 912
297 679 836
17 304 357 636 705 783 800 808 813
81 198 379 490 922
28 37 76 112 165 644 751 786 840
377 560 624 930
37 163 169 220 293 815 960
296 337 437 697 714
286 348 554 626 979
104 196 602 606 883
52 131 299 372 638 759 964 999
141 468 634 767
13 122 185 356 486 604 681 790 837 841 946
132 446 534
232 527 766
37 491 741 910 928
395 433 526 683 734 905
17 106 324 334 599 824 966
430 872 917
21 205 449 475 740 993 1000
185 211 369 370 426 561 668 776 918
61 285 317 370 632 648 816 869
45 148 384 621
80 367 516 741
131 286 604 609 653 826 847
129 161 177 256 292 390 593 677 872 889 945 956 963
2 43 73
120 487 684 794 820 999
167 174 296 414 586 682 809
15 251 677 691
96 706 714 876
165 386 461 640 769
25 72 139 162 547 578 611 778
96 210 547 859
95 132 159 305 603 626 646 895
126 260 889 898
156 170 407 785 820 961
125 222 996
206 877
28 44 491 636 761 854 879 954
93 252 413 471 518 680 726
221 317 335 607 783
597
73 606 787
170 383 513 706 727 751 872 883 906
151 280 492 522 561 591 699 975
16 470 559 592 843 896 905 973
70 221 426 436 446 536 673 754 773
116 205 453 605 661 789 823
3 12 199 339 736 800 925 935
39 69 124 267 357 926
38 241 598 613 689
354 380 433 518 993
90 232 352 672 889
84 296 548
225 280 901 973
22 289 448 833
144 354 628 718 895 897 911
58 261 458 642 822 895 920
61 62 760 762 875 917
179 249 692 806 877 914 975
57 530 997
261 339 358 571 572 598 998
86 212 469 670 753 969
132 747
525
406 493 502 545 693 806 832 919
21 68 709 835
297 451 625 784
92 146 156 425 481 587 642 690 915 984
51 60 120 177 355 548 709 911
168 177 185 353 367 496 625 690 821 860 915
91 120 236 417 430 914
247 357 459 465 488 897
190 260 577 738
28 111 205 386 662 864
661 664 863 887 970
341 364 508 515 644 691 940
229 277 290 355 712 721 737
1 165 448 541 567
762 980
359 740 771
176 206 455 486 530 588 695 806
14 62 256 621 684 696 757 990
92 321 415 593 806 813 832
114 308 331 381 931
34 66 102 619 659 930 940 975
310 692 847 945 955
59 638 736 900
244 588 685 784 848
457 496 712 852
1 161 331 415 459 987
113 168 716 728
541 852
237 280 445 712 792 897 947
123 324 402 403 534 797 832
445 533 595 663 729 733
32 99 369 474 660 688 908
57 87 594 675 715 747
61 318 359 443 504 864
336 410 551 782 976
58 396 406 732 744 813 841 853 922
62 302 306 460 755 806 830
220 300 506 680 738
32 76 248 531
35 65 71 317 339 808 821
13 225 510 559 577 719
10 19 511 631 845 846
132 153 342 461 695 759 834
166 500 741 833 845 882 964
432 517 653 705 773 823 843
168 533 835
171 302 452 454 709 788
910
305 402 990
258 494 845 913
106 206 285 441 539 759 875 996
166 172 231 283 342 450 490 551 620 733 926
393 430 552 598 621 651 728 832
41 125 804
418 427 603 768 867
34 115 214 288 326 411 560 621
164 320 703 778 901
88 102 197 471 482 845 858
38 199 224 506 540 646
229 263 406 727 801 864
5 26 131 500 553 694 848
7 165 224 378 563 588 589 634 655 951
24 314 407 715 772 955
130 287 446 649 806 829 865
474 808
566 667 722 854 970
294 528 676 846
175 197 447 542 626 721 898 902
217 791
189 330 456 673 693 816 913
174 405 439 519 776 972 992
99 291 329 415 451 454 554 632 837
94 136 356 358 603 688 710 798 905 943
1 165 202 253 396 511 828
91 282 296 776 803 989
179 188 578 991
214 401 411 604 684 686 729 787 874
4 225 287 439 862
176 264 406 523 605 773 806 952
164 184 414 476 597 789
148 518 567 778
92 161 321 487
20 69 531 537
67 293 468 538 970
298 654 724
130 177 312 317 352 491 503 548 654 764
6 405 411 473 726 740 865 874
15 75 176 231 340 623 759 851
29 114 159 345 527 684 735 829
106 267 576 664 926
87 278 662
280 434 875
92 227 482 605 618 623 657 665 794 799
52 652 662 797 882
205 337 374 484 571 747
140 349 413 434 610 744
4 18 84 717
394 877 891 915
72 78 299 504 528 626 932 933
78 201 212 452 687
353 468 827
171 345 368 396 489 499
81 323 373 380 426 515
15 278 387 650 662 681 875
214 302 506 750 779 895
72 95 311 341 498 677 727 743
120 286 379 460 687 794
149 268 363 450 730 750 796 824
176 431 527 851 870

960
335 416 605 703
345 456
457 578
215 344 380 978
37 39 53 75 127 519 636
76 758 785 864 919
106 259 263 338 575 707 722 776
41 692 924
517 594 643
43 312 428 473 624 625 988
348 433 507 579 592 658 833 848 874
76 468 516 759 888
276 987
123 477 605 640 829
3 90 218 296 526 601 626 682 796
308 500 797 868
277 620 635 723 786 800 880
3 8 161 419 671
364 439 451 954
42 282 292 543 687
80 358 497 557
45 567 568 591
722 781 977
48 281 402 491 500 515 824 974
86 381 439 873 910
16 229 287 292 747 757 871 902
141 338
179 212 495 538 591 924
185 560 617 632 807
132 148 168 541 561 732 936
53 140 227 328 379 633 810 873 938
135 291 513 520 575 581 825 921
200 273 291 551 657 849 915
7 39 118 165 375 442 850
197 287 409 815
36 978
