1000 3587 0
257 280 839 841 855
226 883
794
142 483 749 926
193 205 389 530 685
575 611 889
369 514 662 805 826
79 258 449 717 744 993
83 539 675
700 729 741 925
66 244
259
29 317 857
577 669 819 902 939
532 629 851
101 344 452 503
72 827
152 162 278 290 545 633 818
513 535 814
194 811
379 450 730 830
258 818
275 695 789 843
382 511 650 796
606
277 696
165 176 418 714 805
187 313 570
13 206 299 691
118 266 293 795
141 183 231 241 573 917
374 600
128 249
607 989
556 557 942
470 635 691 844 904
93 308 344 486 519
450 522 809 914
411 695
72 85 175 335 651 802 907 911
238 276 583 885 940
262 288 528
174
252 419 796
341 374 701
179 365 893 992
276 718
125 321 537 730 845 969
206 230 464 541
111
432 491 624 700 702
340 459 908
295 827
305 439 751 941 959
105 249 317 336 554 822 960
300 386 908
113 196 197 356 395 533
97 365 649 843 883
88 535 835 874 970
567 862
197 266 622 641 907
116 203 662 823 915
137 247 674 741
108 148 196 404 554 664
126 655 674 836 861
11 74 190
192 557 601
596
74 306 385 482 712 713 947
162 271 996
109 519
17 40 287 675
858
66 109 330 422 445 552 658 990
233 274 635 662
229 478
582 673
118 257 374 441 453 533 786
8 188 373 463 621 817
890
174 437 608 919
386 420
9 227 913
149 554 745
40 94 206 289 426 761 762
437 639
212 304 331 341 647 904
59 226 881 927 965 998
546 618 734 856
131 725 856

169 365 449 451 595 726 982
37
85 197 374 651 760 917
393 741 767
168 685 686 692
186 311 972
270 421 869
207 223 411
633
16 194 211 663
612
630 743 955 974 985
562 602
23 55 318 431 536 607 650 731 812
215 865
53 744
64 133 577 593 606 645 882
71 74 562 638
312 426 963
50 125 518 996
8 261 374
57 301 349 499
229 345 683
808
62 126 370 549 614 928
317 661 740 792
30 319 598 864
129 178 295 408
189 416 568 575 664 755 841 870
361 930
299 744 750 820 871
295 460 995
373 621
43 48 111 376 436 536 550 666 671 859
65 116 236
498
33 137 310 313 409 585 753
119 551 624
867
90 495 564
20 591 917
108 419 978
332 423 744 826 994
185 339 865
295 431 700 764 818
63 128 418
147 897
607
362 472 683 861
31 736
181
173 254 421 715 998
413 418

484 674 879
138 642
64 556 664 698
84 152 311
662 682 818 934
236 986
18 357 398 628
231 242 305 312 557
542
259
288 358 554 753
587
199 281 341
378 525 555 885 913 968
164 427 571
374 437 495 715 874 915
18 70 223 327 589 621 853
186 467 527 685 999
160 312 595 781 783 824 848
27 403 665 687
170 410 791 871
349 388 740 828 875
96 673 814 998
92 605 661
166
782 877
162 279 330 588 604 973
143 346 494 815
43 81 925
40 730 849 969
27 934 992
203 223 374 514 688 749 885
119 245 301 700
46
273 393 594 753 916
142 189 765 847
449 911
31 337 359 917
208 737
135 283 478 535 634 722 922
97 163 393 729
28 467 601 610 829
79 198 605 839 941
120 181 388 505 582
275 618 619
976
193 283 284 417 421 550 568 577
5 192 370 768
20 101 453 696
290 293 604 815 911 924
57 64 379 422 534 675
61 94 338 736 815
188 287 412 473 573 594 919
158 474 721 904 968
358 422 551 938
264 409 654 905 911
362 544 910 957
62 177 229 814
785
5 559 721
29 49 85 453 814
99 609 787 997
184 743
337 588
788 915
101 722 729 755
87 563 790
230
248 625 721 947
106
329 510 890 955
289 385 494
221 914
315 624
446 635 978
25 218 676
425 516 578
99 162 177 226 244 416 650 828 906
600 674 808

2 88 223 437 590
83 349 852
513 592 602 863
76 114 203 544 732
49 213 397 412 435
31 153 269 338 429 528 696
315
75 657 666 917
792
792 886
126 151 296 385
860
41 437 555 771 890
449
944
31
153 822 900 977
866 973 985
11 223 269 385 708 804
178 615 884 950

360 421 512 895
214 560
55 300 745 761 777
379 400
393 596
44 861
764 791
143 693 736 957
327 389 633 651

1 78
8 22 376
12 155 313 459 903 929

112 692
42 259 619 697 799
319 361 427 636 672 956
201 336 541 681 926

30 61 440
389 546 557 805
786
231 244 611 637 688 896
98 192 607 920
70 446 590 828
831
180 341 982
75 888
23 464 640 782 800 811 922
47 310 377 390 431 473 701
26 463 999
18
172 779
1 798
158 819
349 548 558 871 968 984
192 263 618 655 820 898
416 596 666 687 753
552
600
72 198 293 385
42 156 723 937
85 217 786 788
18 195 355 858
491 848 879 995
320 362 510 693
30 195 287 814
74 225 506
53 136 385 609
1 236 467 762 804
618
420 892
29 122 703
56 249 336 689 863
113 178 373 631
380 416 668
886 915 990
87 923 969
153 514 911
69 602 798
248 313 973 981
37 945
68 628 808
128 561
38 97 589 929 973
110 153 164 538 678 696 923
28 128 259 307 945
451 674
219 232 664
472 561 823 885
13 55 117 220 518 691
71 105 370 498
118 149 263 617
101 292
48 447 602
346 635
424
495 621
433 966
388 447 636
162 255 760 884
669 696
216 485 638 934
74 450 474 720 786 809 833
87 197 389 454 633
134 583 948
457 508 758 849
448 501
40 342 551 573
264 300 385 430
183 209 557 614 956 972
148 197 231 380 462
135 506 637
52 505 920 985
45 87 158 273 862
335 393 459 483 586
711 720 879
16 37 838
114 369 444
173 322 474 901
586 980

113 167 227 282 943
785 895
552 636 876
935 956
507
401 607 614
290 590 958 998
57 567 782
975
156 200 804 826
101 183 478 727 893
247 826
121 263 510 694 970
137 140 202 284 292 764
529 723 785 833
415 458 555 624 631 633 698 870
46 58 92
532 925 968
482 712 933
356
7 381 948
116 318 459 575 832
417 462 792 971 985
581 686
67 79 124 301 810 908
32 45 78 94 112 177 410
52 754 934
125 258 664 966
276 623 744
159 236 697 875
21 196 250
302 338 618 738
369 392 507
24
886
649 730
69 217 236 244 287 295 336 570
56 82 609 736
411 538 630
167 189 326
5 255 267 331 710 999
276
671 982
176 381 567 649 651 682 919
95 180 186 251 464 793 812
667 998
57 693
888
230
152 967
531 713 726 920
250 494 542 702 921 988
354 991
640 820 959
165 468 611 663 917
865


410 464 956
119 782
128 136 201 556 716 852
166 374 407 521 543 598 720 803
99 387 749 825 891
198 230 504
144
295 666 839
364 462
120 223 284 302 794 999
192 371 733
27 137 144 922
133 721 767 854 935 976
298 336 861
98 143 192 247
74 196 934
134 364 866 966
323 593
1 222 520 772
85 110 761 936
160 263 634 884 985
619
231 509 621 824
336 572 889
136 276
51 658 772
325 639 914
465 602 930
230 568 574 773
125 472 588 649 849
81 86 161 226 238 442 466
683 851
54 449 522 924 944
266 870
78 473 653 725
437 523 774 802
738 852
345 653 936
74 651 723 776 792 867
76 271 756 837 905 913
321 326 555 621 897 901
334 626
8 92 182 222 239 439
21 38 330 723 735
92 314 657
16 218 480 575 652 981
78 194 206 903
331 475 839 911
506
460 649
333 545 818 966
364 942
342 370 834 848 879
123 456 592 690 852
703 708
338 371 415 929
79 277 299 564 775 892
275 393 407 513 565
434 555
437 486 648
163 187 296 999
403 660
661
36 740
988
140 316 378 436 657 971
198 276 441 642 806 895
199 330 800 816 817
223 246 751 776 816
38 602

76 185 285 359 649 722
939 977
452 529 615 974
8 563 592 600 708 754 772
69 367
58 342 508 605 676 790
146 681
329 551
37 466 736
812
502 882 901
619 996
537 742
51 291
703 759
796 967
171 173 274 400 929
131 161 324 578
727 961
401
127 318
113
788 803 894
334 801 989
488
16 966
412 640
189 340 558
294 339 455 730
353 381 680 805 985
333 483 532 533 726 890 898 985
429 513
216 292 361 511 588 776 978
24 510 767
247 619 650
19 228 464
7 177 305
518
64 222 666 678 694
519 660 951
111 317 515 843
37 71 233 517 850 961
425
410 646 762
38 439 771 926
442 868

159 648 796 892
969
163 578 674
42 231
105 296 363 480 583 588
5 711
399 570 638 956
366 508 745
57 78 508 581 649
196 652 774 776
19 59
105 125 791
48 577 641
189 312 387 507 603 747 815
9
853 936
264 352 981 984
90 154 400 941
410 576
75 202 229 941
18 457 568 922
89 267 641 785 906
864
282 681
641
125 192 771
129 200 225 335 485 568
74 285 629 834 841 942
470 619 700 759 809
64 84 156 583
159 238 364 447 465 588 602
35 148 409 973
35 67 267 337 575 620 698
282 505 730 967 985
205
701 716 894 945
310 316
104 109 984
212 481 807
131 152 463 672 986
464 601

60 356 392 907
120 192 435 545 551
901
28 385 531 595 869 983
160 757 959
51 430
31 198 335 942
435
6 120 370 452 657
90 543 661 674
108 192 537
222 495 527 641 736 811 858
882
906
372 533 683 715
77 189 642 746 920
332 529 554 704 858 896
631 819
128 645 723 766 894
342 347 620 791 872 971
157 822 823 833 963
35 172 209 351 353 436 510 529 555 895
162 311 791
226 271 355 600 803 935
132 188 743 792 975
228 460 481 608 719 770
108 424 874 983
180 198 651
92 164 570 659 726 737
251 284 775
627 848 891
118 410 668
759 782
32 224 286 590 818
67 187 565 787
228 306 321 434 476 555
223 538
172 195 634 767
169 188 483 770
25 108 854 858 910
34 105 139 988
81 592 703 909
207 295 386 656 787 820 842
187
6 269 403 931
102 707 758

116 337 354 625 686 697
245 480 627 700
744 832
319
89 190 283 312 380 886
190 262 428 489 512 553 797 910
557 586 805
79 98 162 324 429 447 895
61 865
377
129 219 364 816
214 614 856 861 870 977
448 521 723
158 597 615 713
152 309 641
552 884 900 903 932
103 387 704 860
301 364 584 698
761 967
18 100 255 331 364 674
185 427 784 862
36 75 220 322 431
263 326 351 674
269 339 976
109 329 531
86 433 830 883 966
504
61 537 546 549 578 628 668
147 473 582 749 797


108 585 794 886 932
521 702
87 750
466 525 715 865
58 384 436 456 533 701
24 105 223 245 512 723 921
94 255 392 445 594 723
452 534 839
441 444
201 837 903 990
65 283
609 808 819
233 369 451 472 575 798 839 926
74 432 784 940
595 918
468 517 806 972
117 169 469 576 791 817
7 62 75 150 700 941
101 403 865
13 64 120 148 315 376 697 701 766 773 781 807
734
125 233 284 414 516 737
394 728 745
302 598 641 671 824
14 328 884
696 850 955
125 391 668
263 564 893
77 168 791 905
63 65 224 314 527 576 633 792 822
9 72 196
221 483 843 947

312 516 848 944

507 789
264 476 484 548
150 392
114 438 507 581 917
831
5 96 163 774
96 372 614 864
165 284 833
177 269 440 987
300
460 691
29 36 317 690 768
96 261
254 292 395 778 796 910 978
361 516
23 39 944
26 194 231 312 328 670
262 378 614 664
148 364 557 631 850 987
745 799 821
10 51 136 178 553 662 877
45 276 332 560 649 664 723
51 400 646 883
299 461 492
583 630 973 975 992
344 721 972
753
612
244 461
446 908
389
343 530
69
69 399 492 627
27 455 919
161 581 794 872 999
179 409 788
8
47 745 838
592 972
330 343 410 982
199 205 214 419 705 755 765
185 211 478 918
288 363 445 450 585 626 650 651 678 701 744 882 897 958
732 758
441 732
92 399 508 595 967
25 359 496 966
667 730 900
186 211 869 891 986
21 48 175 384 506 558 728
105 751
229 724 725
417 887
89 665 758
450 766 874 892 917 945
141 197 254 386 486 840
184 369 548 595 666
154 380 443 938 999
758 778 941
117 167 470 826 924
10 63 95 919 925
490
103 208 591
8 107 122 134 377 616 723 850
84 249 532 667 699 718 864
582
538 768 789 851
569
4 177 411 448 642
122 647 769 816 947
54 475 731 799 843 989
941
128 156 180 284 706
183 375 481
120 211 721 798 948
446 769 971
279 571 784 853 854 943
333 612 724 734 739
553 599
94 327
85 426 632 802 971
85 296 521 811
869
136 253 362
181 721
585 735 939
95 511 604 923
193 691 747
750 756 902
592 605 939
238 522 550
425 432 481 889
435 568 664
442 534 685
463 596 808 983
510 534 878 962
249 845 983 990
693 739
279
444
164 664 790
171 275 356 408 599 665
164 984
634 658 757
91 204 350 546
78 268 289 330 621 802 803 832
207 601 609 868 989
210 289 500 716 942 965
680 747 932
212 483 781
166 218 253 536 586 589 661 673
117 234 235 371 445 591 674
393 946
3 416 645 715
30 435
24 44 493 525 693
619 642 847
280 306 657 755 850
262 699 751 930
275 474 1000
501
40 442 761 786 883
410 500 590 786 806
244 295 296 358 393 863 914
7 27 267 507 620 635
160 473 597 660 803 847
563 664
115 224 309 656 775
330 553
373 972 997
20 275 578 762 834
105 393 487

19 168 203 206
173 195 538
474 475 624 750 841
79 474 661
18 22 136 150 457 600
14 281 584 656
122 283 402 609
699
55 242 587 674 922
44 62 587
164 273 429 668 842
411
7 134 360 740 829
17 53
223 953 979
187 826 947
21
272 684
370 616 786
330 363 587 687 969
459 552 811
59
65
446
344 718
1 141 188 414 454 652 657
371 736
120 552 816 918
609 824 921 926
23 58 518 526 676 751
36 706 880
48 942
872 893 983
181 797 806
164 291 459 597 678 916
175 333
312 519 670 698 744 798
438 747 826 918 939
227 409 443
162 540 757 995
419 606 757
1
89 90 625 997
13
73 290 578 583 606
125
237 630
65 140 252 625 926
60 341 634 937
228 300 804
118 547 686
106 135 622 648 663 968
243 423 574 977
130 445
523 787
98 570 729 763
120 364 440 625
122 166 168 282
22 586 715 759 846 939
954
59 161 593 735
38 378
351
171 700 713
776 910
146 291 343 459
805 844 986
88 900
108 579 723 988
2 58 639 702 802
245 327 629 669 845
159 177 276 316
235 618 645
733 916 991
274 396
6 430 772
80 216 508
411 597 729 944
298 463 525 735
46 359 672 846 917
500 560 585 965
247 350 473 588 621 864
269 583
138 447 723
283 508 927
966
242 629 728 881 971
346 447 488 569
14 769
259 453 629
36 199 766
294 446 673
223 546 580
40 61 567
56 373 709 963

202 536 606 619 693 878
40 182 195 201 305 454 934

83 159 221 446
38 218 433 804 920
62 161 210 303 658
180 848
31 94 132 183 233 403 683 735 893
659 722 841 851
81 198 392 714 741
270 340 399 914 992
400 650 842
185 275 418 545 822 923 934
304 312 767 922
195 439 740
10 174 366
219 264 522 657 842 861
88 267 898
116
259 311 462 876 958 991
121 434 498 799
611
629 645 789
367
150 176 329 375 422 911 922 948
134 352 419 590 944
426 444 540
288 862
200 738
14 479 766 770 851 872
41 658
54 188 542 544 662 739
35 458 552 573 788 845 940
349 757 999
240 439 678 695 735 891 935
308 313 560 735 953 974
453 793
69 214 676 750 829
332 755 934
112
951
517 757 950 978

828 945
873
103 670
337 352 407 531 986
254
355 929
54 402 571
55
496 519
776
110 587 833 908
796
88 788 894
325 376 423 457 503 639 727 899
194 493 558 632 726
159 199 282 366 865
48 526 774 833
59 211 247 361 581 996
371 472 586 756 761 900
97 337 660 705 719 810
172 243 307 311 398 556 704 998
103 480 723 945
357 591 704
191 637
242 479 625 866
133 220 510 693 951
828
347
307 452 541
92 273 391
570 593 775 777 846
282 541 562 783
103 243 340 371 427 507 508 558
151 564 729 880 956
688 698
400 471 607 882
34 501 751
654 777
401 929
46 176 621 704 920
8
134
291 853
70 111 489 867 970
207 810 856
88 143 168 355 394 444 973
163 277 287 389 416 467 715 738 943
800
