1000 3827 0
151 199 645 722 994
128 359 771 806 815
353 449 720 820
396 418 468 706
277 519 638 654 705 972
61 494 586 748 993
395 403 423 561
420 891
134 392 765
369 953
620 853
168 223 757 783
474
25 296
59 156 712 739 803
339 541

225
476 813 973
809
645
149 195 240 819
145 361 602 897
722 748 929
14 93 180 570
294 774
552 708
378 543 793
171 648 947
88 125 325 326 585 742 936
90 329 348 420 530 950
710 844
149 399 775 970
128 132 330 743 959 967 995
156 167 983
41 86 296 556 624 691
391 490 530 534 708
114 983
102 222 559 775 812
103 434 583 591 924 977
36 777 837
511 593 628 663 770 852 931
98 220 432 476 537 623 690 806 826 859 890
134 215 368 509
215 341 889
708
90 449 946 947
255 602
485 820
58 305 652 692 793 805 820

727
473 613 749 791
393 614 963
384 399 635 997
395
115 270 336 930
50 70 570 597
15 129 138 288 695 999
8 364 737 884
6
653 691
397
348 419 705 757
496 680
100 202 398
240 273 317 401 571 584 906
315 351 386 411 549 629 641
740
58 729 786 794
85 680 952
218
442 455 505
339 405 927 941
614
184 453 588 964
337 468 738
325 421 719
485 979 988
295 321 983

623 803
132 350 468 523 551
592 799
71 705 900 942 973
36 366 564 795
487 673 884
30 230 293 322 613 616
248 841 978
31 47 953
173 531 777
362 488 871
25 72 139 769
496 746 756 970
137 582 622 825
646 651 683 685 786 798
242 432 922
43 258 262 294
365 475 512 521 568 721
66 230 273 536
269 580
39 181 905 953
40 296 364 735 942
380 806 833
821
268 295
166 909
243 990
98 210 344 391 584 609 633 654 687
321 416 723 809 869
159 392 462 481
556
414 984 987
38 182 255 456 838
57 131 483 503 890 911
166 221 402 760 783 821
167 316 536
278 313 643 951
136 469 505
432 787 797
206
143 389 711 965
260 274 574 709

30 281 608
166 859 882 988
523 718
2 34 487 511 636 680 815 934
59 188 331 431 535 621 650 995
154 559 650 723 937
115 281
34 83
218 469 654 964
9 44 252 404 555
755 856 939
119 368
95 155 165 308 450 498 696
59 158 687 781 828 967
93 142 739
376 501 632 853
164 251 275
139 384 570 626 683
122 203 281 321 805
167 383 399
23 554 663 807
192 438 835


22 33 658 898
969 997
1 530 789 882 958
160 768 900 902 919
431 807
130 438 465 587
137 320 758
15 35
172 778 838 997
138 297 319 730 803
111 435 513 588 689 729
152 279 292 332 965
243 341 480 481 499
181 274 499 624 635 787 803
324 337 381 853
141 183 363 392 649
137 184 486 624 774
107 116 126 629 769 866 960
35 117 144 195 278 411 619 661 665
12 304 377 837 852
703
203 227 271 816
29 955
157 176 264 628
91 490
456 550 657
208 804
172 181 271 737 993
607 834
181 197 216 385 436 650 776 892
235 568 623 731
25 427 708
102 162 176 178 188
114 222 476 562
164 199 212 499 509 824 860 912
76 165 298 898 945
369 582 994
441 449 825 964
208 254 430 848 995
129 181
267 292 320 381 694 696 833 846
453
122 453 813
146 297 352 398 642 724 846
401 462 768
192 207 371 567 761 919
167 243 413 630 804 997
496 514 576
178
296
1 183 231 529 743

460 619 821
66 867
143 170 242 319
244 581 837
805
121 596 606 712 843
194 489 880 938
175 187 251 597
496 634
109 478

183 291 558 755
388 437 485 534 564 925
296 475 919
44 45 365 394 526 554 660 691
178 307 312 327 339
306 639 954
72 133 161 383 440
409 653 659 854
43 230 335 449 462 980
116 570 874
39 182 291 407 711
12 264 429 571
426 501 510 582 780 859 945 956
18 400 621 670 915
266 579 900
170 580 731
320 561
623 625 719 773 935
88 100 220 439 570 768 834
199 364
5 776 804
973
356 429 644 972
179
839 870 890

243 270 461 729 736
410 688
22 67 310 455 468
338 518 889
97 170 203 262 334 588 624 806 823 918 919
108 123 161 195 238 267 409 464 558 733 840
204 392
552 888 998 1000
427 723 834 961
620 734
339 790
850
670 894
141 208 631 640 750 845 849 955
134 601 695 727 853
743 990
187 227 761 813 921 974
48 114 432 523 625 811
283
309
98 782
303 397
119 123 609
277 524 677 765
98 242 641 828 908 932 975
503
172 223 296 435 489 794 841
390 466 752
226
189 243 481 487 708
106 308 727
101 531
57 238 407 714 956
170 176 864 996
279 595 620 662 796 804
67 100 441 539 729 879 942
162 359 394 681 701 933
141 557 905
396 485 866 937 973
5 261 742 770 812 917
118 167
160 335 672
772
125 131 143 760 837 892
307 367 648 716
256 696 782 815
346 383 602
400 632
417 565 570 835

59 269 357 472 865 941
545 909
293 441 885 958 964
212 222 613 752 940
160 189 387 701 823
88 290 647 808 881
26 98 521 527 717 900
80 106 503 566 609
14 36 103 158 198 214 264 625 649 761
158 192 518 596
184 379 386 775 842
448 840 960
350 442 495 563
473 799 934 990
388
259 854
168
50 639 706 971
116 217 388 456 987
216 282 414 754 785
137 268 462
257 526 636 683 969
240 448
314 538
216 566 790
118 391 402 999
311 736 898 925 935
68 738 747 817
117 567 684
67 888
333 445 644 791
158 203 502 543 859
155 189 228 499 625 634
80 110 553 770 994
88 857
379 396 634 642 809
163 417 449 503 554 993
30 552
30 924
216 578 585 749
344 768 878
31 193 638 718 791
34 558 898
129 410
160 349 565 717
311 318 851 893
1 242 613
220 279 703
608 891 943
77 163 395
241 734
16 74 216 503 579 597 751 981
361 477 865 959
45 161 903
381 601 804
621
109 328 539 565 771 918
534 907
284 442 787 891
579 710
31 64 492 527
332 992
83 300
68 785 961 979
192 836 869 909
3 503
409 416 545 673 897
654 786 796
234 796
288 702
961 962
2 274 467 727 816 860 868 989

23 340 367 958
92 550 571 693
164 666 721 743 894
60 103 231 412 515 541 798
99 215 481 582 895
422 458 830 837
282 361 759
44 136 735 894
10 185
169 604 694
544 659
684
538 626 860
205 487 504 648 904 1000
418 439 636 717 967
140 578 624 913
168 401 462 469 856
28 514 963
298 323 425
104 313 576 691 824 974
163 189 342 895
562 874
144 218 284 339 876
55 142 540 717
178 447 558 776
68 298 510 990
292 503 861
203 213 302 306 484 604 915
122 526 563 586
265 393 454 989
37 109 313 449 589 882 892
9 111 164 244
390 401 977
215 274 395 464 567 877 920 975
7 56 337 394 482 532
4 276 300 323 619 802
63 259 760
66 192 432 658 742 760
33 55 144 775
225 543 632 716 887
67 193 377 393 410 657 666
116 718 779 874 935
7 522 674
134 416 571 631
74 492 960
909
222 270 867 900
413 716
219 243 354 435 658
239 331 401
68 167 654 982
364 520 521 654 753
195 408 844
113 307 446 686 715 754

110 404 418 473 872 893
286 324 625
4 375 416 665 825
64 711 793 925
8 31 494 923
78 506 716 940
366 639
7 608 650 748
673
379 463
224 511 797 846 979 981
180 246 610 741 744
515 577 852 937 982
223 234 685 916
187 632 712 838 883
129 153 871 901
43 97 120 255 398 462 576
744 962 984 985
40
159 264 409
178 866 992
213 456 573 672 749 999
146 154 451 800
230 375
218 925
186 273 290 478 784 786
73 300 346 836
518 728
686 740 989
318 592 942
414 537 752 867 968
385 773 850 930
299 310 602 859
3 47 186 220 324 391 605 829
137 736
438
532 857
76 190 191 477 499 569 666 860 949
390 732
73 240 806 856
114 174 306 437 602 800
589 615 699 761
366 549 557 688 737
651 915
201 611 706 920 970
238 413 699
111 193 220 308 377 432 588
425 533 599 601 801 836 843 878
243 394 470 668 832 976
154 554 625 784
265 758 765
359 577 862 869
4 77 83 240
119 133 377 513 601 896 995
464 810 885
555
288 575
53 301 416 971
13 550 764
99 214 972
19 43 182 528 579 823
340 453 568 686 868
210 441 673 674 682 692
862
161 556 731 766 786
111 161 267 365 676
395 551
115 722
388 650 856
49 79 213 276 726 935 979
165 627 729
87 128 267 374 910
92 514 680 773 817 908
207 264 718 771 994
37 173 558 615 938
513 747 990
348 405
334 395 712 828
6 719 729 956 995
300 824 896
65 94 196 209 765 831
757 806
137 548
161 162 183 320 453 923 957
703 837 925 990
140 224
319
115 263 295 324 339 353 387 625 956
374 778 866
73 119 632 870 920 985
421 776 833 967
783
710 719 828 917
44 183 595
224 386 550 556 951 988
42 128 426 670
99 232 891
159 469 544 770 783 894
196 378 488 661
364 428 838
508 655 763 900
721
241 297 443 649 801
5 19
412
99 294 412 574 580 612 668 671 792 832
403 765
83 127 255 526 600 913 922
261 624
745 898 995
215 309 389 523 563 720 970
294 348 727 892 919 991 992
476 702
199 664
31 37 151 915 997
91 269 947
395 452 673 766 795
463 578 887
37 213 345
129 663 902
100 117 711 986
43 446 724
311 373 488 735
273 344 579 982
922
16 364 665 769 821 960
632 755
28 319 400 788
513 747
289 354 613 805
703
612 744 893 960 991 992
498 593 684 844
68 458 632 639
174 362 474 510 597
83
27 245 325 573 590 958 961
321
145 215 324 465 995
134 471 856 887
36 112 480 510 710
275 458 789 929
212 243 330 490 695 717 808 874
39 130 637
629 939
7 228
182 382 610
300 389 526
86 213 674 899
286 332 344 636 684
295 312 676
194 316 394
99 179 477 802 875 960
453
25 58 142 221 230 286
67 223 356 362 404 640 691 771

44 437 552 955
123 684 902
472 993
196 380 432 683
428 467
327 376 533 589 735
226 339 347 476 539 619
101 227 521 794
204 561 799 878
95 185 224 365 637 811
40 949
67 109 882
30 327
6 389 821 959
154 787
76 159 242 335 462 740 852
391 457 578
552 598 712 866
40 671 923 930
84 445 871 968
42 548 900 941 1000
659 834
272 509 628
206 297 819 855
58 208 339 550 716 726
590 902
463 491
523 616 641
252 342 469 684 699 711
23 48 284 448 456
769 856 857
370 388 831
449 660 667
206 454 758
177 933
125 336 423 538
109 260 295
427 562 726 878
343 460
175 521 547 703 909
53 88 291 334 545 769 807 913
54 75 907
457 490 787 862 863
88 234 600

864 916
167 201 396 579 644 708 774
247 272 831
61 129 225 343 820
95 452 777 830 844
43 82 179 229 633 972
36 162 165 242 376 524 861 925
229 255 296 320 417 465 503
142 373 530 820 888
486
42 172 595
68 166 560 854
195 882
130 251 404
140 285 289 400 430 505 542 549 940
109 623 819
209 320 323 664 903
55 162 660
128 309 565
559 582 654
5 329 792 842
217 305 549 674 832
251 571 821 961
242 262 600 686 957
192 323 821
118 718 924
234 318 619 767 782 968
1 21 857 880
96 666 800 961
293
29 282 374 692
164 296 518
130 178 423 484 983 984
459 817 874
50
62 219
5 109 133 355 411 412 637 737 766 980
516
717 874 932
174 401 990
149 398 409 773 878
78 219 371 594 743
215 605 635 678
167 514 977
272 755
42 253 535
529 634
167 418 773 973
363 401 453 646 648 769 816 995
605
170 521 812 835
820 875
225 250 511 722 786
521 591
279 437 701 951
87 354 424 478 532 756
478 564 639 797 894 996
543 720 954
481 566 707 799 834
261 636 848 887
12 468 660 750 764 942
992
65 71 128 488
274 951
478
96 142 309 576 815
316 372 548 565 574 601 879
96 429 605 893
414 444 477 641 1000
109 138
239 458 921
159
43 897
36 62 215 380 571 922
50 478 648
362 942
189 370 790
59 252 558 768 877 941 968
137 189 283 842
844
948
461 601 959
804 897 936
274 292 672 736 911
357 528 943
169 335 500 546 612
178 830
5 64 85 282 762 839
4 305 419 460
198 676 949
27 37 46 180 267 619 792 798
123 725 950
32 508 556 763 867
122 222 419 536 601 747
15 206 430 493 590 807
805
270 725 731
414
282 400 408 421 597 764 937
294 332 375 384 558 656 732 792 952
127 329 402 489 643 732
78 229 494 508 750 785 914
3 526 774 909 957
99 363 891
1 24 483 670 750 820 920
110 246 922
192 537
709 714 857 944
485 597 610 895 896
52 252 268 359 527 845
443 829 915
70 159 238 273 486 494
158 733 849
179 480 714 829
454 717 718 791 912
243 730
247 338 785 936
103 368 538 578 747
238 314 450 701 849 962 974
60 176 458 654
77 315 769 784
15 139 977
444 588 648 912
427 904 933
30 277 398 890
34 199 253 363 659
427 433 547 779 860
525 861
94 779
315 491 544 711 735 926
6 24 423
53 327 437 963
251 678 719 722 972 973
339
265 291 446 994
412 759
307 414
135 212 662
94 673 785 998
12 64 497
155 466 606 821
367 753
116 281 397 398 802 975
222 254 296 773
705 803 929
516 710
474 678 716 855
9 261 373 466 496 522 767
532 654 835
644 765
152 193 230 328 695
93 166 603 613 666 738 865
42 277 321 513
2 158 344 489 571
280 389 818 885
229 447 488 658 665 761
26 165 619 720
33 39 298 971
178 385 506
41 91 622
157 504 783
402 744 746 864 909
224 962
138
155 258 283 644
12 116 507 513 778 790 906
441 465 738
307 351 719 734 756 903
70 96 355 441 480 670 803 856 870 936
120 162 346 587 615 671 911 944
543 776
151 557
248 312 694 783
53 318 732
521 638 708 717
28 50 419
70 264 580 801
86 532 809
272 355 356 985
120 594 674
96 364 397
84 301 581 676 820
438 456 646
463 518 794 811
396 568 760 821
15 158 162 762 786
175 195 232 272 342 700 836
50 143 205 545 713
2 43 104 242 455 497 634 828
145 613 955
42 293 558 602
20 110 323 795 985
470 969
86 255 582 801 988
39 277 668
19 191 254

2 128 283 683 714
170 359 666
315 488 651
772 887 920
22 224 596 633 964 966
3 50 621 626 669 722 799
105 116 201 247 541 586 640 642 758 802 971

242 292 476 927
183 380 495 826 913
95 186 912
43 309 824
876
138 142 262 493 508 806
449 728 731 918
366 622 704 883
604 620 705
464 521 639 849
104 189 506 877
177 230 246 594 676
146 286 668
352 442 463 804 982
41 168 204 281 366 500 973
114 157 430 515 844
236 705
243 299
89 264
298 638 696 878
206 463
32 413 548 622 697 838
251 727
189 192 426

187 677 881 917 960
251 730 736 832
249 447
333 907
42 168 428 588
11 140 163 252 879
219 303 629
596 764 869
135 377 455 484 555 603 786
322 452 603 645 725

43 126 319 448 980
183 359 373 453 744
387 624 745
467 479 615 900 907
615 868
271 618 779 879 991
267 288 340 769 869
166 276 436 504 590 877
202 407 446 710
359 800 863
352 467 855 865 878
57 236 505 786
92 431 592 821


221 382 402 558 651 656
547 568 669
383 827
394 695 833 866 972 994
328 463 581 610 842 869
101 273 684 853 864 987
207 645
293 848 946
126 151 391 584 630
430 830 844
60 87 967
290 470 772

400 533 555 677 818
245 626
45 241 948
43 115 236 742 972
8 336 346 512 721 985
178 281 391 527
333 416 547 685
250 363 368 513 674
190 365 381 726 913
469 495 726 825
23 354 690 700
149 184 314 330 525 986
564
85 152 226 294 407 516 593 862 973
431
152 535 574 598 646 945
341 634 785
374 741
275
67 783
345 614 851 862
262 488
289 302 352 406 612 720 779
487 957
115 701 787
183 732 740 825
523 613 824 895
719
225 388 459 530 728 1000
429 618
277 848 920
242 344 829
35 152 194 214 242 527 933
394 460 505 722 818 917
254 688
97 523 540 691 723
420 499 591 1000
326 643
213 314 419 440 500 624
747 955
74 823 955

24 557 762
57
42 347
262 656
274 607 741 919 986
128 301
229 314 402 485
30 433 700 734 786
130 276 428 716 963
207 490
135
90 291 421 632
74 288 593 695
85 103 445 678 693
336 702
68 725 787
184 224 902 952
47 881
29 47 522 531
698 889
31 453 583 707 958 965 977
31 709
118 510 672 681
71 717 945
10 90 102
217 675 969
171 251 573 807 926 927
224 270 494 503
499 641 720 910
151 290 361 552 949
34 340 586 699
166 299 405 541 547 848
246 351 358 552 640 646
358 433 736
54 378 749 937
76 133 186 290 775 819
122 160 949
819
34 138 375 506 884
446 592 644 695
150 309 810 954
33 94 460 526
305 473 821
5 475 623 750 877
19 85 233 276 665 750 837 900
254 380 736
262 394 760
464
40 393 661 739 949
89
79 351 426 485
220 654 859
257 339 426 598
411 428 539 836 997
35 38 80 650
113 433 650
433 505 796 809 891
536 898 933
306 879
79 126 510 811
359 390 444 685
108 253 301 386 491 500 657
527 547 864
349 436 527 547 679
6 176 324 575 744
1 185 321 489 752 877
34 187 469 494 525 554 666
271 674
55 150 157 530
245 671 756
35 59 437
245 374 593 686 915 923
