1000 5264 0
185 470 682 772 869 954
223 359 428 627 661
58 230 362 368 682 758 983
70 73 271
177 524 691 716
21 33 61 135 363
562 727 763 775 941
172 232 418 533 590 802 893 979
16 130 570
228 330 370 528 902 922
38 115 162 442 574 886 907 919
33 220 366 367 768 966
583
68 443 460 528 539 625 653 776 800
401 436 472 483 842
82 129 414 561
292 389 888 993
44 98 253 514 730 760 1000
183 319 618 780 846
53 149 291 374 697 756 776
6 453 849
1 301 322 359 522 762
37 353 359 383 530 782
239 317
29 183 202 641 726 973
533 569 998
135 291 365 478 770 812
42 273 445 687 876 914
45 282 327 401 405 413 493 996
37 182 227 494
733 751 809 884 946
169 184 839 867 886 955
6 470 599
64 165 455 696
11 71 181 201 230 349 439 935 981
48 169 266 743 883 936 939
5 30 95 120 141 195 326 516 518 519 631 696 710 898
11 251 426 448 539 735 736 786 975
157 465 475 729
482 593 903 953 958 968 972
172 591 687 945 969
163 336 373 448
328 450 737 774 792 940
84 301 308 365 548 651
116 213 348 709 901 902
50 153 248 293 385 515 772 852 874 876 906
126 192 212 354 495 569 890
36 338 581 733 815
150 278 297 858
46 57 133 152 322 343 362 422 442 591 741 755
4 23 176 382 392 500
76 152 270 335 421 441 451 507 854
20 152 275 480 502 657 883 947
6 384 750 796 998
61 291 610 756 821
145 567 670 743 849 921
50 383 426
3 558 636 765
134 272
43 89 241 896 910
235 242 474 742 850
156 328 369 417 449 468 633 848 885 889
143 210 304 619 870
34 339 531 662 690 971
412 476 681 785 916
318 702
73 224 372 568 726
304 365 521 709 945
83 260 598 674 704 707 905
4 274 485 865
488 842
247 499 792 876 958
67 251 318 622
308 553
112 426 454 604 710 753 798 817 903 958
52 834 878 929
371 608 654 862
89 324 782
24 52 308 468 491 552 904
21 146 423 636 643 767
158 361 423 465 596 674 916
16 527 963
69 150 262 274
91 284 733 903
5 259 821
92 803
97 136 232 256 363 392 751 920 933
285 516 607 669 841
78 150 347 435 527 579 632 673 721 773
101 179 216 250 394 464 471 536 723 747
462 693
86 118 244 284 437 902 907 922
78 430 696 738 860 995
188 349 600 641
245 334 421 459 731 858
137 151 156 552 745
87 220 226 394 942
211 334 707
76 111 515 643 694 940
126 438 485 574 588
282 472
245 416 716 779
210 238 484 554 682 869
550 612 649 824 888 992
526 824 916 972
77 143 282 555 613 752 947
267 397 547 700 942 995
211 326 333 455 579 647 792 877 887 907 962
126 347
138 342 509 556 866
87 258 261 314 675 786 848 884 954
211 945
497 598 889
292 501 563 682 725 727 853 866 991
330 416 488 842
380 578 877
138 243 262 343 346 498
92 196 293 517 655 854 898 943
272 584 771
222 392 709 769 814
552
569 686 754 931
53 312 600 611 992
637 816 912
592
30 100 101 109 143 284 804
359 361 431 578 729
83 259 315 437 726 975
16 384 521 752 943
9 629 780
129 445 536 557
227 412 437 519 857 940
50 194 346 362 494 721
59 157 646 668 859 938
205 403 494 855
192 257 338
202 219 512 918 980
192 635 899
127 143 817 834 972
371 546 770
37 262 486 718 732
219 865 933
63 200 283 325 607 626
148 236 629 648 675 835 855 879
279 691 900
80 280 377 604 825
85 197 576 695 748 813 982
144 191 412 508 580 622 769 839
78 238 305 514 590 677 834 950
12 49 78 157 198 292 520 524 599 938
96 319 406 623 893 983 997
66 284 505 673 711 996
46 129 383 386 783 900
491 649 737 767 845 982
125 203 415 818 914
96 236 582 623 676
39 150 383 463 938
126 365 655 832 994

152 200 252 473 961
773
11 232 326 421 475 586 777
42 141
545 754
588
264 556 676 776
300 355 518 600 773 995
621 710 730
36 209 249 341 637 872 954
325 696 705 779 856
235 360 509 786 868 921 941
41 550 597 703 714 750 777 830 845 891
248 257 321 339 426 664
131 133 137 489 800 972
77 311 335 492 676
23 222 239 360 772 788 853
176 219 284 619 651 719 762
484 501 576 619 670 940 980
387 788 796
661
620 656 795 873 996
30 278 312 796 929
109 483 534 876 952
355 622
718
361 429
90 114 206 630 716 974
193 446 477 505 623 630 648 991
104 229 291 419 482 543 920
335 558 585 863
402 776
198 250 292 336 403 442 544 566
687 787 929
222 457 640 810 821 875 990
37 389 424 778 779
282 326 691 850
95 556 776
27 192 376
56 242 257 365 382 657
143 160 443 487 524
35 307 427 611
137 547
311 451 457 477 575 653 752 867 980
218 471 652 671 708 828
33 135 236 439 480
440 564 634 776 935
251 442 823
323 431 705
359 589 650 657 711 766
36 393 585 587
98 244 250 414 758 814 925
47 65 126 205 318 381 403 542 875 877 917
27 45 108 443 589 964
176 480 718 766 866
98 175 474 566 916 984
90 468 681 912
333 356 837
837
399 481 531
350 356 699 851 858
557 615 665 679 736 840
176 410 698 699
2 45 172 400 488 719 894 955 969
331 369 405 499 645 719
376 402 784
780 782 802 824
58 65 132 445 451 481 535 669 759
80 445 454 715 849 951
155 322 599 758
3 35 407 468 546 894 946
656
8 56 162 718
288 463 718 769 900
78 796 969 993
61 76 725 781 934 960
282 677 993
244 436 785
149 469 570 958 959 974
24 200 261 502 859 958
274 387 504 582 945
211 349 372 467 529 553 625 644 999
199 641 669 718
117 292 358 456 555 690 701 726 833
92 211 412 463 534 600
102 374 377 384 449 658 702 761
416 524 986
273 311 415 481 686 723 803 813 875 993
173 361 603 682 957
303 364 392 616 709 845 891
5 192 211 345 484 588 590 952 961
73 306 674 688 747 805 978 999
160 280 349 409 511 597 912
18 181 280 974
564 604 760
47 173 207 232 447 755 790 821
346 355 701 740 876 909
173 199
27 111 220 406 776
17 46 85 166 296 615 659
50 69 319 434 480 661 863 998
111 239 546 854 934
83 117 290 503 504
100 449 723 818 833 938
31 567 630
103 348 820 828 992
36 683 716 737 818 964
63 107 226 330 406 627 720 917
454 665 999
79 283 441 677 820 858
837 968
4 336 666 807 978
59 378 577 698 891
65 288 547 769 781 884
70 207 240 364 377 529 681 893 977
161 328 681
85 352 418 434 473 510 700
634 855
316 340 682 745
954
146 253 707 836 900 956
348 386 407 891 918
29 49 101 131 200 204 335 389 619
150 227 269 523 565 704 796 804 954
92 126 177 431 640 649 769
88 273 493 573 591 619 765
327 454 510 637

128 156 273 302 480 626 888
128 148 294 304 535 538 668 770
30 180 262 272 365 368 434 740 802
20 84 189 447 838 839
150 243 398 651 907
118 154 382 401 472 684 761 815 987
241 416 800 915
65 122 712
98 261 541 729 911 961
49 466 588 635 928
306 661 799 865
72 237 308 389 840
67 97 426 477 623 829 847 927
22 59 317 323 617 677 693 696 866 956
36 185 301 591 722 884 941
249 328 831
164 289 629 868
149 557 760 965
42 109 251 298 932 968
866
74 299 376 550 716 729 753 773 868 874 935 947 991
522
2 407 415 697 711 767 836 890
100 148 247 598 854
123 182 593
88 144 426 690 706 946
77 164 181 421 554 677 975
81 150 481 519 627 680 864 909
51 328 389 469 626 832 968
24 301 541
75 470 471 679 878
14 19 151 399 414 569 871
256 319 777 946
20
22 628 737 746 990
208 229 277 301 559
78 433 468 498 669 756 940
81 631 726
113 162 196 582 955 1000
29 427 462 588 752 966 998
62 316 526 532 540 991
246 491 515 538 883 978
72 420 478 668
224 437 455 630 938
1 487 556 639 679 691 788 829 930
108 217 561 764 765 829
151 245 246 570 816 941
5 282 877 893 966 974 997
42 87 271 371 379 392 737 738
200 338 466 599 880
337 346 493 739 749 900
64 467 518 862 877 984 1000
314 398 426 527 551 781 927
393 531 652 886 922 971
110 230 308 364 657
117 217 693 854 922
131 559 651 908 925
6 250 355 508 848 930
63 133 288 338 397 467 535 586 776 833
90 320 357 888
281 549 950 960 978
35 94 170 241 754
239 461 559
81 159 514 791
276 450 783 816
23 327 336 492 494 528 540 544 645 704
47 395 466 507 585
111 167 184 222 627 905
95 217 459 487 613 678 801 830 874 908
146 236 347 413 655 874
184 243 540 740
22 23 92 414 503 640 802 816
532
81 186 248 365 518 614 659 668 844
50 511
457 610
220 342 404
27 51 68 158 199 361 421 632 667 714 846
12 26 45 83 581 803 879
12 150 230 300 671 806 946 978
3 137 267 290 315 371 439 497 552 706 905
37 62 126 373
10 189 859
77 140 229 296 336 391 535 551
30 173 203 213 241 396 479 891 900
42 60 620
20 82 204 215 245 343 504

225 612 718 817 855 878
53 374 576 858 962
94 272 341 463 738 962
336
116 264 494
53 94 170 443 731 790 950
51 199 206 293 502 816
153 513
54 129 433
31 356 781 915 943
153 177 178 517 678 727 736 771
179 263 362 590 675
274 735 741 852 962
77 195 299 305 902 917 966
400 785 831
553 702 830
51 120 405 412 521 575 665
210 644
442 654 683 691 858 878 937
252 685 760
112 205 244
15 62 619 627 681 930
104 290 292 436 752 764 771 937 991
319 527 667 863
138 328 468 672 905 914 935
25 26 67 293
191 202 579 738 804 869
135 192 212 684 984
734
29 514 684
407 494 694 847
232 259 431 745 782 893
310 654 733 882
91 484 569 744
149 222 305 464 567 682 902
130 395 569 596 710
64 65 132 392 433
357 456 485 498 549 629
16 359 557 769 908
247 587 720 994
246 448 524 628 649
19 335 739
96 493 539 965 998
189 526 553 719
668 674 717 730 905 941
95 276 314 365 401 674 769 937 951 971
50 173 732
80 81
17 276 611 859
245 613 662 883 958
38 173 262 300 340 347 453 474 542 568 733
201 327 744
93 248 368 484 638 687 745 851 953
29 97 186 352 542 700
355 896 936
127 208 284 407 477 681 810 872
455 547 560 825 995
205 412 453
32 107 246 515 571 856 917
89 482 678 709
15 160 398 467 568 686 716 720 800
128 132 285 553 626
57 100 594 608 764 878 923
254
62 206 378 473
269 497 991
11 50 54 192 207 546 605
67 285 813 953 995
421 471 664 703
131 228 605
41 230 616 663 674 765
255 729
38 416 607 740 797 880
62 245 263 817 848 922 945
43 74 97 98 157 352 546 632
211 500 590 676 684 734
396 412 488 571 646 814
21 433 561 598 766 826 905
59 75 268 288 661 969 974
34 108 268 331 680
103 109 299 413 864 893
194 203 363 622 705 733
287
39 95 356 586 802 988
147 283 597 662 667 985
408 593 635 659 870
15 115 445 488 502 858 879
233 236 244 473
153 410 525 704 850
39 717 808 819
196 354 815
889 917
62 275 324 333 480 551 743 831 839
238 309 316 596
1 482 573 596 600 828 879
318 324 399 444 480 488 880 960
101 157 174 240 311 663 958
30 276 440 463 705 751 846 861 865
61 310 362 409 630 731 811
74 553
29 152 244 473 598
203 431 590
27 118 330 647 848 994
113 121 190 611 732 805 826
214 288 468 997
21 219 227 378 435
189 424 977
43 51 256 512 597 748
103 139 178 428 991
413 445
55 430 594
200 240 332 511 981
582 670 775
542 917
29 53 498 971
229 380 621 742 744
4 175 441 761
25 147 167 285 338 418 880 915
30 133 135 406 843 916
47 375 404 945 991
269 439 575 587 662 909
226 326 368
198 324 429 443 490 548 719 776 811 901
34 72 224 472 491 497 690
30 33 157 451 683 824
23 65 178 354 448 824
239 382 462 539 559 575 914
262 515 558 597 601 657 752 949 980
250 262 374 438 552 756 783 938 954
55 152 188 519 615 780 847 855 879
151 283 285 823
52 354 487
148 345 700 705 878 932
110 246 370 973
73 646 842
252 534 541 896 974 975
483 745
759
149 351 405 526 777 809
20 46 82 99 329 434 503 766 842
37 426 654
9 320 588 710 755 854 942
37 235 339 361 530 606 764
199 315 505 522 715 802 918
61 152 417 459 555 631 639 676 854 864 890
12 20 30 68 75 392 622 676 780 922
22 191 281 309 519 578 676 897 934
302 547 711 742 795 902 988
246 416 445 542 692 759 885
19 107 464 755
328 419 514 677 927
89 530 952
14 271 353 367 668
241 478 790 924 960 991
133 527 582 600
219 405 702 819 822 841 903 929
124 360 516 726 893
8 26 140 262 273 644 849
19 183 269 707 957
289 299 346 371 376 504 612 712 794 861
90 453 651 850
91 120 261 649 727 757
329 849 864
258 522 595 782 786 841
159 328 607 669 727 761
296 511 734 855 931 971
489 524 903
149 189 526 636 658
596 665 834
485 690 785 859 986
261 442 450 669 844
55 102 107 202 523 827
428 498 515 833 920 926
27 276 348 413 548 619 693
172 191 194 667 759 771 794 967
340 468 565 699 826 856 889 908
336 504 575 671 825
74 231 419 437 451 734 826 845
429 956
106 360 520 803 943
6 110 914
293 305 710 918 922 937 940
24 58 185 481 503 682 844
131 323 344 659 692 884 959
372 432
38 397 816
7 230 599 692 765 858 929
111 169 194 271 438
70 274 376 588 941 999
902 981
215 790 808 842 852
56 264 291 345 533 850 859
426 522 617 813 896 975
26 47 122 703 719 769 798 879
238 334 433 941
309 452 667 952
343 899
394 506 820 942
11 100 458 818 876 891
29 386 472 552 819 943 950
147 206 368 537 998
272 630 769 974
23 116 522 758 933 994
34 89 854 913
148 244
600 684
240 390 488 581
698 880
321 590 615 650 896
210 212 586 652 893 906
162 346 459 593 622 652 658 708 884 960
227 331 415 784
165 250 327 517 564 686 727 879
209 213 948
15 149 319 451 477 608
142 153 279 285 302 349 401 479 542
17 125 293
40 312 669 680 758 894
125 316 438 486 787 881 893

29 81 280 317 353 411 469
172 201 252 411 460 503 808 821 878 934
69 311 446 476 627 630 945
19 33 158 203 229 251 306 838
674 849
615 999
137 186 634
12 248 276 604 719
146 254 702 729 877 995
152 184 208 442 467 675
87 169 704 805
88 143 477 540 545 771
438 547 590 750 772
420 630 638 789 834 847
55 363 742 984
316 420 479 760 788
59 535 774
34 301 459 854 954
70 361 646 679
221 259 505 601 975
249 446 557 690 917 919
519 568
400 632 724 797 925 954 966 976
178 282 397 853 865
141 167 452 901 946
134 168 234 491
148 184 265 295 521
43 52 156 203 716 752
161 567 609 688 775 824 845 920 955
14 330 693 865
288 316 437 717
217 592 850 873
322 416 983
130 144 269 771 907 933 987
187 188 264 465 676 707 759 946 999
37 235 255
450 924
48 148 258
206 462 873 913 964
213 279 297 768 770 879 971
58 80 133 727
124 169 286 473 895
233 247 428 510 609 619 721 742 993
332 520 812
12 194 359 448 517 556 708 727 805 822 946
25 884 912
340 628 915 956 998
99 313 428 589 941
241 393 474 533 585 870 963
104 325 481 616
68 87 614 708 827 909
378 478 676 881 967
144 214 668 898 961
70 104 284 537 689 694 708 714 915
419 584 658
177 292 344 797 822
56 204 248 485 586
203 679 684 885
516 587 744 749 939
776
86 181 491 941
199 209 342 511 725 795 863 875 910 990
349 650 902 913 915 922 933
361 366 461
47 170 219 708
210 260 298
64 168 460 508 777 823
167 296 357 411 446
4 444 621 724 939
779 807 834
225 245 271 740 852 922
55 399 550 571 821 889 949
289 330 361 420 528 648 680
216 242 513 546 593 821
56 309 488 622 646 992
204 367 552 591 760 773 827
52 310 400 970
89 152 398 740 768 886
81 118 198 286 421 600 682 690 699 860 981
111
55 175 520 630 647 710 711 812
34 149 314 754 993
231 333 386 807 892
280 318 648
283 455 593 851 868
275 397 431 790 805 998
1 103 396 448 558 792 793 973
394 500 982 987
438 451 581 653 810 851
802 934
247
28 33 41 193 566 797
579 624 761 805 909
78 430 649 887
150 243 309 313 372 467 499 545 584 667 813 817 1000
37 79 128 145 196 239
129 408 524 699 796
88 301 625 758 852
253 406 421 649 929 950
147 367
93 133 159 301 764 918 946
34 40 249 252 621 723 920
222 272 296 401 878
164 220 332 421 640 674 756 858 965
508 677
243 294
186 286 391 604 617 737
172 369 444 534 914 952
1 140 186 283 464
219 974 975
43 313 368 811 824 922 953
534 598 630 913 954 957
204 325 640 646
45 68 120 691 696 872
37 75 108 411 602 609 676
75 183 310 385 469 593 651 676 723 856
295 298 535
50 337 549 763 815 914
172 293 308 365 414 437 649 811 859 872 943
72 175 195 228 519 552 678 905
24 653 884
192 410 963
164 185 233 242 689
95 223 569 749
267 415 448 811 864 928
133 165 800
241 585 851 870 968
77 263 697 810 914 917
274 301 503 528 554 664 776
114 232 277 657 840 993
67 325 513 771 958 963
7 47 69 277 365 537 636 640 922 986
316 445 760 831
296 308 365 407 604 609 840
249 306 328 420 429 482 847
43 95 424 895 940
422 507 886 935
37 48 79 84 250 828 902
147 346 451 553 705
19 38 291 715
127 221 399 495 655
154 327 336 702 807
93 208 336 378 742 840
197 476 605 980
511 673 995
41 50 768 917
432 523 623 638 699 738 739
36 51 419 655 783
381 491 728 902 992
200 428 504 766 968 992
865
85 100 130 360

311 700 755 795
54 172 608 745
25 31 272 420 709
106 203 503 611 942 973
24 122 208 308 886 898
65 204 330 601 677 778 901 970
50 461 525 737
20 55 476 699 966
537 564 965
3 69 317 593 693
513 524 550 630 839 918
254 305 611 671 773 947
141 245 293 492 540 654 913
22 100 503 790 982
713 750 846 849
312 333 518 674 775 870
36 58 285 314 413 546 637 743
214 453
154 163 310 495 892
78 115 370 564 703 956
36 57 120 148 414 421 577 635 798 999
27 39 214 730 902
386 398 434 607 629 817
240 391 421 605 797
89 161 167 535 760 825 871
43 54 180 266 540 612 616 993
532
104 166 191 206 258 263 388 431 498 584 656 724 825
162 234 514 936
59 195 697 789 795
170 793 920
19 130 226 423 967
91 145 235 385 474 655 795 811 824 902
13 78 226 407 527 957 962
153 339 352 422 521 613 743 970

65 545
86 111 171 374 539 715 947
193 475 594 947 981
176 332 510 611 750
885
42 99 167 255 398 762 911
22 231 351 793
43 682 902 966
312 408 518 724 779 791
432 458 849
135 181 323 523 680 722 905 1000
179 540 632
618 622 687
569 769 899
240 298 313 510
14 721 936 973
55 118 625
39 276 359 519
86 135 247 366 410 555 834 975
126 328 385 651 882 904
297 539 561 606 640
329 850
14 239 463 924 954
465 769 797 947 985
402 633
194 279 684 996
48 547 706 714 720 781
639 676
69 147 247
211 220 422 452 868 900 945
29 466 483 713 913
124 307 334 359
46 75 224 376 449 523 690 771 778 913
155 300 574 603
39 179 465 575
94 265 269 532 573
85 255
65 103 651 947
506 919 926
104 105 226 230 501 571 706 781
88 432 773 795 982
479 837
14 243 646 671 932
43 44 204 260 422 460
332 333 955
172 356 931
96 159 347 390 468 728 961
378 843
129 213 255 773 866
139 171 544 609 625 665
439 511
280 310 408
218 270 584
367 599 866
468 706 722 944
68 221 299 671 738
34 38 299 372 483 531
248 366 566 995
494 832
285 361 451 546 886 906 950 959
76 154 249 549 553 595 624 993
473 851 871 875 960
2 300 711 795 821 861 916
391 449 478 774 800 919 958
1 21 56 120 153 405 538 600 763 794
196 199 224 227 464 532 537 567 627 750 766 806
207 220 315 424 428 519 846
71 186 351 388 523 560 693 883 941
176 445 752
261 311 343 517 531 613
144 277 541 629 933
56 124 170 434 551
6 391
29 95 282 377 462 621 699 824
239 626 636 880 944
93 223 674 862 978
473 535 598 646 896
77 242 970
171 260 288
417 520 538 762
236 298 473 625 841 872
424 438 833 944
220 771 791 849
304 814 830
127 305 402 627
461 644 764 805
875
317 331 714 902
75 181 229 247
999
222 247 854 871
72 510 574
116 335 499 604 663 807 944
76 297 318 543 643 698 927
109 232 366 462 505 569 588 660
123 232 256 337 461 471 493 859 876
20 299 594 688 771 919
535
53 329 788 804 870 941
31 111 162 181 276 302 560 586 716
62 325 335 524 653 670
341 425 673 732 753
508 600 914 932
104 288 534
62 113 467 551 648 667 686
68 520 577
172 205 249 258 272 664 956 992 996
98 105 321 352 400 767
8 176 274 335 407 456 522 532 585 594 615 903
230 361 395 568 710
279 597 637 731
861 871
107 951 976
2 37 118 648 995
138 572 680 754 798 934
138 153 233 280 372 438 987
585 620 754 833 839
45 92 410 581 658 781 792 846 872
40 75 212 531 542 674 764 893
78
69 318 355 368
585 653
292 629 686
551 824 938
214 454 582 646 891
60 128 229 657 913
228 389 393 508 668 790 943
202 212 216 241 252 480 935 991
579 658 707 779 815 817 917
59 236 282 316 596 703 723 855
189 409 649 658 727 798 971
65 105 494
389 434 467 518 741 913
474 519 696 759 957
234 430 616 848 881
87 548 697 779
171 526 731 873
61 449 521 658 666 706
213 419 438 609 654
224 329 529 807
112 211 572 606 618 804 806 958
305 650
479 813 878
162 204 535
37 133 861
101 332 345 474 649
541 555 871
109 158 306 369 380 827 887 998
87 142 465 658
235 457 561 891 899
5 73 811 938 970
433 800
568
84 134 331 541 908
554 654 664
99 178 264 392 605 917
7 171 319 334 643 656 760 852 883
19 277 526 752
118 129 386 481 536 537 765 960
80 169 695 839 966
15 41 68 69 240 576 863
316 320 367 585 640 696 856 980 998
308 570 589 760 787 822
174
290 366 400 667 957 1000
149 348 381 694 833 844
147 228 421 894 897
78 85 571 700 703 762 960
176 344 706 885 930
249 283 352 558 618 707
32 92 817
302 554 576 676 752
301 437 534 701 707 782 971 972
72 239 325 331 425 472 514 590 726 848 902
177
235 399 471 586 943 952
160 305 380 405 484 772 831
377 388 746 827 839
82 666 677 726 953
87 213 634 753 857
418 715 751 971 974
36 327 756 792 857 944
580 612 647 979
118 306 739 745 958
234 291 390 431 454 505 589 946
100 600 603 672 698 754
64 90 544 597 915 965
70 105 139 364
752 800
91 187 253 533 585 621 908
60 351 615 879
549 618 746 788 846 869 897
137 187 944
251 271 329 348 394 445 612 860 897
72 302
148 203 266 739 946 990
265 487 764 785 787 929
114 154 172 570 762 840 869
60 151 334
305 339
356 989

50 293 398 467 481 629 900
986
484 656 742 985
97 398 857 980
16 188 398 495 872
5 670 675 745 826
17 97 234 236 247 258 638 681 774 845
346 415 794
107 432 493 604 740 859 1000
152 417 485 731 810 891
284 305 335 480 744
26 54 238 260 418 576 614 681 703 770 822 932
241 268 557 564 601 630 745 874
134 198 210 213 339 348 408 529 795
