1000 4560 0
430 505 550 828 846
555 739 995
161 231 512 922
627 701
521 605
142 342 349 551 828 870
159 172 402 663 873
332 575 685 841 995
95 603 767 860 986
166 229 347 701 935 964
17 177 505 618 808
111 169 234 433
120 377 399 520 555 801 910
18 319 686
116 391 495 857 886
237 324 715 974
11 636
187 400 901
283 581 635 992
88 327 873
291 837 950
193 275 288 360 657 667 807 838 893
51 247 547 984
384 388 654 685 702
183 903
33 251 290 381 710
70 249 458 684 986
176 276 353 497 747 904 965 1000
101 116 160 592 721 735 768 781
94 223 448 516 587 716

373 420 781 790
26 59 337 798
345 497 951
225 367 387
328 680 731 733 771 831
92 283 454
229 270 316
200 207 401 593 742 949
95 111 503 546 724 832
248 785 874
189 283 516 726 879
354 396 570 767 817 921 962 966
807 859
211 403 540 786
616 674 695 872 880
139 291 993
377 445 594 668 937
84 188 266 597
697 749
23 325 439 484 589 600 749
183 233 252 301 337 831 954 997
525 630 737
129 181 366 786 963
429 617 987
57 468 936
56 140
104 116 505 530 693
33 204 443 570 614 661 872 914
146 265 296 633 810
398 700 708 883
401
286
472 635 716 916
404 515 590 667 724 839
302 321 350 493 821 890 955
71 388 423 472 477 851
320 772
489 723 758
27 296 622
67 289 339 575 867 958 995
27 483 499 786 814
168 296 366 653
706 739 884 941
120 282 384 998
624 745
512 795
147 371 378 437 542
85 115 118 193
88 410 623
223 260 544 677 752
838
144 158
167 184 947
208 226 464 704 800
155 315 404 445 683 922
203 223 313 352 397 513 521 581 788
20 408 648 927 943
88 112 210 398 722 902 973
283 940
178 190 584 630 818 853 955
37 247 312 366 416 650 976
96 99 739 865
30 178 230 580 896
9 40 329 750 854
29 669 725 782 856
260 408 466 515 591 820

388 821 854
130 322 382 474 671 686 882 965
236 460 681 892
216 330 947
819 922
58 175 237 366 463 847 855
428 819 986
46 514 875
973
25 180 403 518 845 859
152 365 487 540 552 619
742 906
12 406 567
266 380 430 928 932
57 361 405 599 728 868
187 311 872
79 119 536 545 909
29 271 364 684 824 987
392 655 686 735 747 764 994
700
115 153 229 247 495 768
13 237 298 371 834
134 202 391 398 419 501 953
204 333 353 557 600 691 846 847 868 890
316 409 460 491 597 880 906

543 588 693 793 865 903 939 944 952
171 323 506 828
96 374 507 628 725 791
433 494 698
350 491 675 998
100 311 512
301 483 625 824
398 412 481 792
46 153 376 462 484 565
121 259
161 431 558 625 945 995
169 263 535
378 415 503 571 702 907 976 978
217 550 727 812 983
47 134
170 367 982
201 241 315 347 370 968
6
220 496 591 680
83 148 152 202 290 527
418 473 933
21 60 540 719 847
78 406 514 853 903 947 986
558 735
260 553 713 918
292 644 781 801 829
238 271 448 730 780 809 945
144 176 755 765 868 992
119 133 175 612 771 804 867 899 902 982
200 359 513 525 612 644 820 927
86 243 359 593 621
204 210 256 406 855
402 804
182 236 255 289 769 897 923
7 443 461
29 378 661 885 928
3 135 209 510 527
575 782 849 858 930
234 347 384 685
149 243 635 669
304 683 869 991
10 567 731
84 848 903
73 567 894 979
12 281 483
21 176 177 433 744 865 888
126 285 707 787 852
7 50 571 740 844 858
244 408 566 717 871 916
596 965
104 226 677
152 170 180 198 408 570 858
105 170 217 657 898
91 94 181 215 358 478 842 851 896
107 194 430 684
108 620 740 756
54 178 318 383 386 430 465 541 631 775 785 795
269 435 489 783 995
25 52 232 385 683
84 672
212 378
812 937
114 191 326 407 497 800 905 980
49 320 363 444 925 991
408 453 459
438
187 230 438 665 745 754 785 824
160 464 497 519 613 618 751 754 769 786 846
22 79 227 318 439 710
179 274 554 592 639
212 410 687 718
175 391 960
260 309 427 662 842 974 1000
176 249 778 901
94 454 900
39 154 292 579 788
141 548 657 684
121 144 929
485 684 1000
156 220 435 462 472 560 740 893 955
433 742 781
406 517 525 654 666 671 861
39 247 905
85 222 595 888
161 534
156 954
45 232 524 861
185 195 469 704 714
422 671 947
4 476 704
178 268 420 535 541 550 672
102 589
83 138 177 378 486 596 704
83 341 944
441 476 524
204 311
488 492 495 740
208 365 428 460 628 896
30 81 87 403
384
35 312 468 576 814
85 175 199 272 399 547 699 735 800 861 951
70 193
940
10 38 363 793 801 864 981
18 49 94 116 191 448 499 899 952
3 498 639
183 211 373 672 891 947 1000
52 563
12 46 70 163 436 500 908
839
158 290 462 522 764 967
16 104 120 461 602 658 665 917 921
151 324 840 854
39 325 595 636 729
345 415 960
141 419 719 779 802
104 509 550 553 815 914
155 164 209 413 468 566 750 941 987
173 292 562 636 698 754 894 901 945 981
360 371 589 672 992
596 659 672 767
23 92 119 207 443 592 681
529 596
198 490 636 696 979
245 272 447 567 589 830 833 856 949
26 197 385 859 913 953
52 264 373 515 649 657 937 959
325 326 392 715
298 363 495 651 694
158 716 784 849 867 956
371 377 686
261 321 538 749 864
874 932
134 391 843
81 97 149 197 284 333 536
450 489 872
360 695 853
136 264 307 462 532 827
252 263 286 849 953
52 60 325 336 387 474 483 698 888
49 112 323 682 701 871
429 503 574 794 819 834 902
215 480 790 857 944 972 981
324 369 554 881 950
38 480 640 764 819 893 976 983
116 151 481 542 659 675 688
226 250 542 721 933
122 643 778
204 420 459 648 686
22 292 402 803 806 855
298 720
296 547 661 919 975
8 555 939 975
259 574 644 737
432 532
169 940
75 365 407 467 542 673 695 788
19 37 90 289 557 891 937
260 446 593 807 890 997
171 679 732
264 526 576
494 509 525
22 431 460 488 739
71 386 562 878 896
26 56 144 236 693
47
150 200 275 308
446 517 541 876
295 346
294 592
60 70 73 223 277 943
149 350 353 459 475 548 711 759 956 962
120 254 276 379 495 511 615 699
512 674
660 691 713
34 52 131 266 356 420
66 312 374 486 727 817
74 484 533 849 965
165 204 522 803
174 590 611 787
485 526 566 611 794
263 585
292 420 834
197 451 673 775
43 638
220 475
41 92 225
87 360 830 841
767 858
86 141 319 530
38 241 261 918
417 537 554 777
181 191 442 631
41 315 543
68 188 426 631 672 954
290 434 469 687 764 793 913
100 431 537 559
31 126 266 452 653 955
16 238 269 391 431 762 853 872 997
51 83 239 253 265 629
187 253 589 947
20 316 620
352
95 610 666 698 865 983
102 423 925
41 297 629 998
8 465 550 608 637 874 892 956
122 758 898 941 949
392 510 629 957 973
94 337 343 535 876 973
161 265 409 564 715
33 52 287 335 660 698 794
346 366 503 883
384 406 743 999
24 612 680 750 764 874
218 271 962 989
6 631 653 685 973
171 270 335
408 458 837
34 240 551 609 717 796 861
208 294 385 475 589 884
10 30 163 511 866
47 402 725 767
6 582 866 970
129 297 433 837
277 524 590 659
87 129 328 643 814
28 122 297 474 580 614 729 919
43 428
874 918
301 589 604 715 726 967
541 550 782
178 962 983
154 155 197 608 639 750 835 944
22 245 262 313 410 994
113 530 656 709 826
398 685 716
188 229 254 307 373 653 707 928
116 418 649 655 721 949
109 282 674 730 798 852 959 990
73 92 483 676 729
35 211 358 574 732 913
574 699 921
354 431 492 783 863 977
141 457 755 759
120 245 256 372 627
371 374 621
32 110 232 252 363 392 397 582 735 947
127 247 302 372 651 898
520
133 179 704 862
48 189 256 436 699 783 801
78 160 185 217 647
17 298 751
212 418 707 857 937 960
210 393 526 680 879
100 550 748 997
181 209 286 594 615 748 781 808 918 1000
24 75 206 224 339 450 500 589
183 251 346 448 808 968 1000
471 733 793 978
35 101 265 392 438 440 449 509 739
67 358
98 517 567 572 820
314
171 196 259 324 879 887 967
117 253 334 373 387 586 856 929 960 976
314 381 398 401
228 813
100 406 467 597 672 684 912
43 430
87 373
61 89 121 132 362 393 422 747 872 991
13 226 585 655 950
18 916 934
393 678
7 56 157 256 275 348
108
65 86 631 764
102 113 973
111 147 156 206 395 748 929
187 282 471 513
88 97 173 176 189 500
336 865 884
80 195 328 360 498 700 911

32 132 458 648
243 422 725
456 598 800 877 987
137 240 588
92 367 601 839
220 277 317 599 600 920
145 380 723 813 829
121 125 460 557
32 211 215 308 433 643 765
605 960
213 398 413 611 894
67 330 974
456 598
28 459 797
320 581
102 197 571 759
165 222 545 671
55 128 296 472 720 996
1 112 179 181 597 693
135 288 322 324 369 546 826 957
280 513 529 652
12 65 170 205 226 420
256 321 619 781
182 513
234 267 463 468 526 694 873
78 219 409 451 990
190 191 387 620 829 954
51 193 784 966
387 648 897 931
219 947
202 430 769
59 159 866 996
188 726
48 86 506 718 823 887
293 519 646 806 986
169 191 250 439 474
30 230 385 490 982
271 387
261 366 537 574 597 931
309 644 723
167 261 323 623 713 742
189 467 594 620 740 937 951
37 199 608 735 749 807
180 506 784
414 424 603 640
1 51 370 544 570 644
27 58 412
189 274 297 512
123 222 419 512 542 646 678 870
159 237 394 515 676 783
133 204 236 263 716 873
104 436 697 933
85 192 477 554 558 632 680 790 936
181 332
97 261
282 395 453 651 734
225 243 436
212 956
551 708 828 832 988
386 407 566 833 988
204 495
98 145 530 587 674 993
100 265 353 447 604
280 297 311 346 627 727
595 979 999
67 464 744
178 313 539 912
847 926 949 973
268 270 742 753 986
132 289 766 814
551 600 608
72 131 169 366 504 667 901
51 133 233 303 665
203 234 543 823
217 302 570 679 694 777 912 917 947
527 543
221 463 572 913 964
69 182 261 632 733 783 858 994
109 345 448 615
949
221 369 605 775 986
66 671
128 502 624 691 975 982
15 27 119 139 254 298 472 617 638 727 742 936
132 143 681 981
28 34 187 192
231 410 436 561 623 706 836 966
72 177 230 591 801 822
234 384 408 632
121 599 978
49 292 494 520 528 671 736 772
40 137 267 338 575 705
483 812 957
1 11 58 381 517 576
445 455 770 781
127 408 492 899

242 387 548 654
334 710 858
298 347 563 623 874
3 83 130 299 460 546 574 691 828 842
87 154 432 435 646
147 674 727 749
65 143 252 461 517 838 886
42 650 969
293 389 505 515 640 779 959
289 877 956
446 840
13 375 502 562
5 347 754 995
236 727 764 918
370 573 758
211 219 351 883
53 154 206 287 593 727 813
111 245 286 436 665 688
126 144 161 785
502 994
248 432 553 734
58 315 361 473 892
51 911
66 92 280 950
303
542 860 887
136 215 664 849
115 260
317 322 450 535 561 596 787 800 927
47 257 362 751
712 945
45 410 963
181 215 240 293 357 686 692 829 911 925
78 271 272 282 460 534 625 682 941
64 125 485 487 501 602 888 983
81 567 570 582 678
923 933
40 431 512 662 687 761 764
23 277 472
201 297 418 509 698 794
885
1 138 215 242 357 382 574 715 957
6 64 224 345 470 482 509 643 722 757
84 109
149 229 242 529 703 753
194 317 339
2 13 891 964
265 833
122 697
135 148 464 690
322 716 926
309 631 929
498 893
244 289 376 520 703 763 972
501 681 807 835 841 901 905 933
336 781 826
15 133
173 243 306 471 614
93 111 166 168 250 389 544
261 569 685
136 594
176 457 486 544 850 865 955 975
172 411 427 781
389 488 743 756 892
523 721
267 279 368 512 550 783 799 850
71 162 503 678 752 797 916 997
225 505 598 653 677 747 834
409 566
28 857 973
200 537 552 570 874 997
94 276 779 794 893
34 371 426 803 827
349 544 558 729
139 653 763 773 927
91 716 808 813 964
307 899
392 601 787
30 473 622 701 791 979
146 415 719
51 216 245 250 326 384 418 903
305 351 583 742 861
97 143 499 611 872
247 295
39 155 284 525 661 703
48 383 453 569 692 799
208 239 476 622 768
174 217 246 248 537
49 123 395 430 450 988
339 424 576 985
222 417 501 665 794
417 482 526 701 858 870
416 777
112 237 248 415 654 884
9 456 598
356 542 594 859
5 281 318 355 421 492 909


332 482 717 748 780
345 685 686 698 750 778 953
329 708
305 306 591 857
340
192
59 566 899 911
149 165 383 490
46 133 737
495
11 145 192 902
109 182 434 660 735
180 327 438 453 812 887
10 155 643 812
70 532 595
80 285 498 511 684 993
76 494
131 135 542 912
667 735 759 986
4 444 475
35 127 222
331 334 831 962 985
91 98
181 230 318 320 342 560 807 808
152 464 489 500
60 650 657
843
19 64 312 426 903
17 239 244 249 928
622 715 763 769 955 962
221 310 495 657 687 741 927
194 359 672 895
270 456 682 748
333 574
341
273 352 398 420 506 551 621 716 781
47 147 451 457 771 873 921

218 460 736
378 386 466 715 748
88 274 412 440 454 644 757 989
252 364 808
92 288
175 374 467 913
432 739 867
59 73 323 576
24 206 509 602 709 842
117 364 399 413 826 949
677
633 638 667 836 916
779 914
246 271 351 728 729 737 806 938
300 337 619 713 727 849 884
59 132 160 277 533 593 854 928
197 546 586 969
7 699 832
535 923 985
191 237 484 544 832
329 896
22 483 510 626 657
48 293 395 815
96 164
703 805 862
100 206 213 228 428 493 502 933 948 989
184 215 232 245 395 639 916 934 983
282 309 793 872 924
46 473 514 777 897 983
129 271 292 763 930 998
55 366 461 873
81 175 370 388 576 656
100 401 460 544 575
954
36 143 309 340 464 794 890
101 247 496 563
266 600 803
165 183 876
27 116 179 201 203 395 623 760 960
8 24 163 336 342 362 609 820
100 117 256 274 541 609
9 195 321 546 621 638

376 388 530 683 852
536 558 819 847
122 300 494 512 874
541 594 697 902 959
58 290 430 673 825
254 436 486 890 958 966
87 262 282 680 982
249 898 916
50 463 557 692 765 852 878 901 944
128 244 265 329 337 548 889
33 226 298 377 896
61 118 410 866 916 989
4 10 266 587 599 600
24 137 767
10 553 562 593 670 887
85 217 776 866
503 837
74 955
171 226 363 380 461 980
253 376 470 610
361 438 623 654 962
26 193 366 510
297
539 793 861 922 924 931
52 149 452 660 927
212
336 356 637 647 918
64 189 255 362 559 584 846
173 345 954
195 445 748
241 285 480 498
165 276 429 727
364 573
551 754
69 418 451 743 769 811 875 882 947
40 65 171 579 951 956
96 127 413 558 972
42 135 444 603 969
302 475 514 522 525 660 720 920
113
80 239 353 659
151 210 252 365 955
36 166 965 974
207 270 367 675 848
36 386 489 679
243 467 529 667 835
29 117 226 373 454 619 626 680 907
502 646 700
53 279 616 656 659
922
2 93 288 387 682
161 172 180 221 453
479 638 969 983
29 39 57 110 205 452 495 590
339 572 723
170 477
76 191
806 964
28 387 398 576 828
382 383 406 608 640 647 718 810
50 51 257 295 454
359 377 609
60 192 538 555 774
81 94 575 787
373 480 553 760 764 899
191 192 278 722 783
370 568 644
179 180
551 648
69 333 523 938
297 370 427 882 944
684 756 770 841
341 784 811 955
211 324 820 883 923
562 675 831 946
117 236 270 321 340 419 522 546 753 895
152 353 420 495 697
481 944
9 43 246 314 348 451 635 937
29 119 595
158 192 442 637 723 794 995
506 760 795 939
36 153 894
68 502
319 583 834 889
751 835 936
181 309 914
704 793
317 486 601 893
198 273 609 822 890 891
241 517 658 712 859 939 949
151 608 834 961
29 32 176 383 434 564 571 890
151 162 282 357
182 461 489 574
427 439 455 761 886
41 181
54 72 170 885
124 171 305 537 586 752
200 282 321 990
185 774 943
32 268 464 733
85 127 587 603 870
132 987
125 229 321 582 673 776 822 968
267 306 337 548 580 599 680
77 770 789
345 389 864
101 575
33 365 902
574 830 902
226 414 434 537
13 150 229 377 499
399 735 865 958
275 682 835 965
153 157
670 940
275 446 659 746 861
22 44 284 549 563 859 878 921
11 347 383 385 584 631 649
151 157 241 874
748 817
700 723 761 935 957
138 186 504 620 621 910
394 584 866 923 938
72 225 352 481 948 960
242 668 854 944
750 894
43 302 532
91 833 874
103 105 267 270 690
97 154 257 389 502 762
99 750
499 793 865
445 717 886
116 131 191
593 693 946
361 431 564 655 1000
529 581 629 737 927
1 6 126 470 512 747
150 418 438 541 922
250 313 799 834
483 629 636 763
40 470 665 910 946
246 250 341 422 471 556 818
267 308 576 643 710 780 781 830 923
359 734 774 803
147 657 973
344 350 705 820 866
22 82 515 662 871
65 416 876 992
443 519 599
8 313 563 603 690 746 760 990
128 197 354 512 624 654
328 634 879 901

108
122 192 671 716 879 915 963
104 146 690 922
697 732 864
162 255 264 303 535 660 989
570 574 678 993
280 819
171 365 689 697 901
91 147 212 262 324
238 661 815
104 156 870 955
96 392
125 268 380 510 535 578 611
162 172 176 489 510 600
44 108 251 779 807 865
9 941
206 211 226 345 586 590 712 806 967
47 376
369 931
229 257 796 848 944
125 170 329 409 822 859
347 349 443 700 704 717 837
71 153 255 652 787
122 152 291 685
165
460 600 625 714 855
173 266 838
59 114 261 324 505 591 673 945
7 20 436 462 644 676
41 258 332 511 579 691 818 910
106 970
335 683 720 891
400 414 434 518
289 697 807
381 391 843 846 908 924 959
46 483
269
100 723 759
61 338 524 762 856
74 133 346 409 506 602 731 918
134 549 786
15 515 633 784 823
81 391 445 457 534 620 904
87 170 208 265 543 941
773 957
122 680 694 781 895
232 283 415 555 778 830 876
101 332 530 572 998
22 204 531 616 777
168 244 422 771 816
73 246 639 764 890
94 106 178 186 222 666 699 728
158 257 440 674
130 177 333 374 696
153 507 511 585 753
673 809
198 483 563 653 697 843 852
89 153 541 692 798 799
25 125 147 167 589 635
28 887
207 444 563
110 123 610
137 735
234
605 637 962
13 335 433 812 832 874
410 531 541 614 976
395 478 625 764
367 488 651
37 242 438 619 658 701 775
266 275 846 853 917
64 75 80 107 173 409 575 657 672 696 700 944
237 486 547 915 948
149 316 355 383 522 567 715 884
277
417 615 631 727 978
43 368 563 644 797 807
3 70 86 103 712 738 829 847
158 545 664 813 834
673 704 712 860 879
188 330 443 541
14 594
88 154 583 638 713 827 920
435 661
202 406 560 981
162
450 863
112
272 463 545 563 595 671 702 947
400 502 672
10 347 531
56 464 495 774 985
48 137 283 380 453 864 955
659
278 770 779 859 989
90 228 281 303
74 243 333 542 860 888 999

88 236 789
125 218 359 697 759 766 815 864 916
33 244
596 763 825 832
84 213 232 326 373 441 486 662 723 791 933
285 404 917 973
250 333 364 479 491
21 269 399 532 992 997
6 34 453 549 724
125 230 802 919
121 251 264 297 609 959
52 320 438 679 856
66 91 170 204 323 570 637 706 730 761 880 937 973
297 332 469 872 979
47 334 431 504 550 999
71 189 694 802
365 879 953
240 392 421 468 739
581
43 297 341 709 909
54 155 540 783 846 922 985
10 488 746
28 174 303 731 803
439 694
356 391 861
141
213 461 662 741 896
288 322 349 875
241
268 562 725
89 334 335 342 405 948 955
16 197 423 653 921
131 278 494 769
137 215 270 997
126 369 402 428
137 501 520 549
168 249 476 587 956
347
229 244 268 929
140 153 448 494 695 959
138 270 329 358 543
23
598 629 936 963
9 27 66 147 480 492 626
55 116 243 492 792
169 286 470 471 486 597 887 1000
319 584 648 671 700 728 851
365 437 841
165 188
152 245 651 839 950
47 427 473 623 715 850
117 444 528
2 8 71 135 182 521 769
319 443 917
52 284 324 575 579
75 129 264 675 892
339 941
28 197 232 383 385 826 988
