1000 4328 0
15 110 330 396 480 947 953
285 345 486 568 829 985
4 142 639
3 201 382 502 742
248 431 594 645 865 945 962
224 225 310 433 456
83 577 736
172 514 516 852
89 279 718 751 846 967 976
151 389 738 775 911
273
101 482 764
6 30 47 533 755 948
255 477
245 764
207 395 596 902
161 374 454
10 329 443 740 818 936
141 916
45 145 325 544 564
205 291 619 891
84 776 977
342 641 898
501
204 255 693
96 124 305 759
822 953
688 989

363 492 597 748 878 930
86 317 621
164 254 338 448 577 892 907
350
40 134 164 390 533 701 737
201 544 862
68 144 174 458 825 878 970
153 200 257 280 504 632 871
93 104 378 534 812 900
95 297 642 748
240 605 649 657 954 989
405
222 691 856 860 912
86 230 773
66 173 214 334 566
20 81 218 992
109 258 340 540 746 907
13 828 879
117 307 488 546 617 796 873
86 138 541 771 998
213 570
194 705 782 820 845 900
440 497
63 182 508 638 779
12 663 922
258 275 778 834 866 977
129 269 620 777 940
583 791 953 986
15 130 403 492 563 830 906
207 328 401 964 975
95 186 316 781 888 947
163 688 818 912
157 259 504 583 696 727 835 966
53 473 496
276 459 497 511
30 178 322 641 728 749
44 216 565 607
492 694 698 879
36 495
287 353 749 969
39 61 204 211 474 540
78 390
114 211 244 547 608
143 251 413 457

76 949
59 75 122 230 295 481 542
315 409 503 561 840 910 991
71 502 867
153 424 476 499 809 828 949
38 123 250 289 703 754
45 157 474 921 946
144 245 354 497
7 384 404 985
183 807 971
278 328 871 947 963
49 70 140 557 704 795
566 755 970
975
382 557 685 733
98 242 381 433 749
624
95 324 393 519
38 510 518
106 417 687 984 999
39 92 185 594
26 338 714 726 998
304 475 556 971
258 483 813
108 176 272 718 833 877 954
233 323 364 467 543
12 642
269 913
203 553 936
38 349 485 815
367 465 466 470 492 709
74 94 404 646
326 352 486 568 618
99 592 925 958
46 769
1 793 880 914
135 404 573 681 845 889
104 188 446
214 341 568 701 746
72 370 458 979
131 188 451 644 678 808 840
134 188 259 510 793
48 177 336 594 753 985
175 250 742 848
76 154 392 416 677 939
440 629 659 734 829 916
218 339 785 801 869 938
76 156 196 341 354 410 528 577 582 648 907
202 371 723 980 984
26 210 220 479 483 490 576 726 813
383 477 656 952 996
255 391 459 621
78 517 639 710 932
465 470 535 727 883
146 225 421 523 571
58 572 715 825 944
115 301 441 577 797 799
495 733
201
116 500 538 552 575 674 687
111 201 396 564
72 220 301 590 613 765
587 684
49 561
564 746 778 996
86 362 411 529 564
19 359 508 554 856 876 926
3 51 481 737
316 706 773 905
82 333 344 633 685 760 877 949
20 226 647
81 129 220 318 441 453 532 607 632 717 828 838
35 500 947
163 354 747 767 769
240 403 567 634 717

260 369 538 572 792
182 347
59 79 407 974 979
274 640 959
795
340 437
62 64 81 346 409
210 264 368 370 462
86 415 656 754
199 251 369 692 697
222 313 461 584 631 714
275 666 669
148 221 452 564 644 724 783 791 795 908
32 34 455 981
277 484 999
175 178 215 217 274 302 388 567 670
214 237
211 499 542 676 853 1000
280 295 851 882
368 601 724 732
472 477 637 802
327 412 630 851
44 626 638 990
6 36 539 545 657 684
75 118 166 305 370 682 763 795 797 865
99 170 346 864 940

65 166 484 770
561 598 748 797 932
254 473
392 422 488 524 550 737 810 889 891 979
152 188
59 990
102 194 198 498
46 758 997
60 210 212 282 518 968

115 119 176 182 470 580 626 967
586
32 191 849
103 190 457 636 794

103 320 441 443 625
51 222 227 625 677 808 963
971
415 604 804
386
28 184 431 845 910
203 305 319 507 916
37 517 729 873
133 135 325 360 436 614 644 678
386 420 632 637 861
199 356
545
245 310 437 642 728 959
296 747 785 823
59 275
81 395 793 860 907
239 484 599 973
158 186 550
376 747 830 848 949
301 522 889
50 218 442
44 113 167 217 296 482 653 816
279 414 484 722 789
298 361 781
166 214 247 357 530 911 914
123 622 704 781
268
136 146 297 521 829
487 699 866 897
42 282 355 425 436 462 500 508 746 984
226 616

6 129 476
2 145 432
194 224 347 357 478 637 842 860
476 604
350 648
43 76 349 390 624 636 884 925
337 347 791 797
593 661 814 876
45 100 161 366 387 662 862

160 400 715
266 716 759 900 967
167 638 725
691 939
209 252 340 421 674 685 986
400 602 926

90 495 569 838 859
320 514
72 88 293 301 666 989
15 82 205 353 633 665 726 947
324 465 529 534 677 860
217 338 863 902
5 344
271 754
80 118 149 770 960 964
73 547 717
239 750 832 851 919

20 32 180 361 391 658 838 909
14 25 126 744 787 825 852
191 356 613 635 660 682 764 959
37 283 334 615 767
98 105 311 437 487 682 843
68 116 363 365 433 674 712
151 285 427 871 914 959 960
102 320 938
559 577
677 790
158 162 248
8 327 472 478 840
30 93 291 490 909
293 299 769
219 719
56 102 328 463 478 647 738 998
483 525
249 422 557 742
99 117 292 404 503 885
703
154 166 722 784 975
55 207 625 749 821 996
64 854 862 879 946
165 637 677 756 764 915 923
85 238 389 654 675 783 991
9 215 342 361 630 663 816
37 321 822 890
471 478 657 736 784
194 222 396 463
708
37 379 382 452 487 517 787
2 568 729 999
293 390 586 853 863
551 692 749 965

398 709 849
81 256 657 788 867 882 969
21 179 253 432 583 707
272 475 601
267 286 564 622
161 540 779 917
169 979
206 214 440 762 792 923
39 220 809
216 338 364 505 806
418 513 928
301 504 606 649 838
131 136 212 300 725
166 418 545 699 734
59 331 387 706
97 395 465 796 916
26 125 175 199 330
327 907
48 293 335 475 538
11 138 682 850
228 835
6 205 381 720
352
622 767 810
337 487
341 344 406 485 491 691 823 942
79 443 614 790 882
30 555
31
616 673 808
199 748 895
193 438 480
280 629 795
65 479 774 853
100 372 892
92 246 341 465 480 687 976
20 201 487 542 842 895
727 956
265 271 306 604 606 896 990
59 85 943 963
12 18 468
71 305 693
303 416 571
116 527 706
32 144 426 713 738 744
44 257 950
406 788
64 117 436 652 727 827 950
231 726 884 924
96 260 378 598
114 121 410 621 867
46 591 596 772 788 818 848
113 122 735 904
366 401 402 487 591
409
319 341 914
421 548
157 176 415 546 701 923 925
152 227 231 807 844 850
529 758 958
104 230 378 480 642 783
33 229 553 843
126 483 666 837
173 217 369 805
69 180 261 391 640 791 802
148 426 484
222 382 391
256 514 718 977
24 150 217 648 671 716 740 853 940
53 65 567
141 257 391 616 692 718
11 201 449 542 978
216 244 254 271 279 407 680 780
401 421 611 841
30 178 259 658 771
100 591 600 642 869 911
259 393
28 233 400 844 912 918
425 832 906
46 170 237 355 496 835 873
151 160 352 672 756 912 985 997
105 114 175
123 224 540
333
436 550 667
17 107 407
27 904
211 990
454 753 819
38 338 349 522 525 601 824 945
284

90 310 462 568 894
4 89 177 355 400 415
360 470 602
419 650 685 921
96
139 197 529 548 837 839
233 303 371 505 548 683 874
880
278
34 230 286 492 653
254 355 359 474 782
181 424 643 722 784
92 224 365 785 894
437 936 991
208 568 682 803 980
135 282 444 493 688 847 884 978
208 509
289 421 775
193 515 631 645
208 235 382 415 811 896
59 498
342 501 617 963
26 58 379 473 534 554 602 802 999
83 106 111 168 272 389 528 587 896 910
41 480 683 972
314 335 412 424 478 593 860
153 361 374 631 682 838
817 991
157 609
122 247 264 485 647 952

172 406
17 73 457 497
215 419
102 159 196 346 400 829 834 876 914 931
331 468 483 552 719 775 897
122 439
233 299 302 332 737
59 100 384 510 557 597 892
628 869 901 950
239 345 362 398 613 633 785 924
181 465 738
473 594 647 732 920
330 392 406 499 735 997
214 222
333 778
186 260 621 946
436 520 777 868 929
210 515 570 627 804
241
5 736 857
12 147 226 291 458 560 960
259 457 575 799 842 951
105 475
459 589
336 373 780 820 863 918 965
44 258 291 394
320 429 549 913
417 663
818 838
131 193 616 865
103 420 644 661
18 817 974 975
550
526
220 457 534
229 290 504 613 615 698 828
32 446 454 541 744 923
247 360 779 915 986
640
115 772
163 632 847 912
146 519 682 728 790 808
17 448 530 627 652 788 925
164 528 617 945
570 705 709 735 848 857
73 401 413 433 446 507 806
36 114 432 583 766 794 987
126 252
773 864 874
161 634 766 883
222 381 1000
282 538 737
794 915
105 128 246 304 653
105 149 573 902 931
100 193 611
329 576 827 889
693
128 383 464 965
976
171 219 225 265 763
403 423 689 855 957
81 182 391 586 971
41 97 567 845
79 225 228 490 746 834 859
14 125 171 534 708 932
99 227 269 281 406 570 588 630 714
322 552 856 927
320 324 349 405 681 740
142 434 621 897 910
12 152 214 638
5 124 270 351 545
165 178 209 215 354 501 541 861
50 104 286 314 410 625 689
63 107 341 626 868
258 284 325 342 454 478 524 679
48 181 635 700
62 97 316 608 934
266 476
707 967
30 58 105 252 390
396 511 648 688 766 870 917 953 990
344 501 974 992
68 132 242 595 961
63 368 704
52 64 82 413 490 639 679 861 932
339 462 549 761
424
93 134 147 222 780
24 402 484 494 619 717 816
4 78 255 364
272 304 563 876
62 300 371 447 608 897
387 896
507 659 864 928 959
199 586 592 719 960
53 222 863
397 544 871
93 116 128 419 450 883 891 893
64 493 688 730 776 789 802 839
70 551 592 726 996
2 746 858 880
8 11 142 243 964
399 429 790 829
8 644
200 248 284 916
93 586 706 778
92 237 453 705
399 428 639 886
210 220 720 840
78 212 584 594
83 129
181 910
270 271 378 382 872
611
191 332 583 849 919 946
28 122 321 455 565 601 701 808
140 672 869
261 809
606
146 165 633
13 34 693
38 425 446 477
128 384 626 689 856
134 640 801
42 683
134 151 307 463 932
174 666 748 872
46 371 642 749
448 484 838
76 168 407 517 576 885 969
948
20 35 278 380 509 935
174 204 302 738
48 346
72 251 608 644 875 889
147 345 386 387 693 803
128 165 438 498 727 738 791
181 210 444 797 817
117 512 711 732 857
479
350
403
316 563 982 997
39 97
86 89 271 419 590 828
580 965
175 262 266 783 824
18 432 927
4 77 947
37 136 423 823 919
329 666
20 135 139 140 163 293 645 769 928
54 66 670 681 712 746 896 915
44 221 576 802 915
149 166 680 758 882
2 113 238 708 749 796
7 504 677 801 830
24 50 402 429 478 580 791
56 129 318 331
130
111 620 795 966
421 880 965
830 902 950 971
468 542 566 860
32 122 131 262
187 383
959 974
217 553 558 570 700 990
792
122 801
57 62 291 458 759 937 956
161 522 717 806 814 854 901

110 437 474 518 631 740 760 870
754 830 953
66 478 521 659 761 795 945
435 862 936
57 58 136 194 557
238 340 342 364 535 911 927
108 149 507 512 686 852
205 232 655 686 921
95 117 522 745 753 972
495
16 881 882
694 807 836
179 338 620 699 941
209
49 364 710 774 866 906
83 292 378 528 908
44 240 383 732 734

21 196 228 327 336
40 103 984 997
300 327 449 531
66 146 863 922
72 489 504 547 953 957
23
257 441 612 628 854 927
252 319 467 526 626 832 959 977
421 831
136 644 712 734 797 818
315 357
5 188 257
223 441 869
48 402 455 486 504 663 969
107
21 625 699
87 573 598 762
31 339 481 878 896
218 293 312 462 995
733 981
230 392 603 881
193 194 275 485 590 619 685
30 188 206 486 778 860
80 429 454 772 867
610 676
42 120 321 327 371 736 780
172 279 429 922 990
399 407 418 586 812 963
37 202 320 757 919
144 421 532
79 149 805 921 955
256 857
191 445 979
171 202 227 277
53 173 237 482 726 876
3 127 434 467 497 638 731
154 353 442 450 536 773
21 543 920 964
39 93 101 314 364 863 989
395 479 982
35 115 163 442 516 547 825
399 564 764 828
855
145 269 390 423 674 718
122 229 576
300 829 836 926
925
747 922
336 658 826 940
214 390 465 627 955
103 278 438 465
25 683 740 898 917 939 978
125 159 337 723
9 174 916 976
27 254 652 781
120 506
256 536 812
442
619 679
54 439 617 743 937
354 491
840
162 244 351 563 877 982
60 373 605 824 896 1000

162
107 166 565
461 489 795
369 529 810
318 783 798 804 879
134 239 259 627 683 872 935
111 278 718 879 904
168 343 561 625 628 641 793 836
119 165 194 263 277 569
201 477 708
910 933
361 520 866 867 890 898 915 939 957
111 480 565 811 974
80 175 256 258 308 407 453 733 883
387 573 799 988
174 799 978
89 239 384 617 625
592 593 819 925
94 134 549
28 61 493 511 756 837 893
473 485 535 692 802
139 314
42 238 244 914
160 287 359
25 330 533 548
343 715
710 826 995
62 80 298 773
160 457 804
363 378 447 745
221 302 460 912 937 979
488 580 784 854 994
34 113 346 528 959
144 166 773 991
80 273
218 496 587
456 519 961
143 303 332 455 754 857 933
209 291 491 602
94 283 477 678 996
105 211 413 722 736 777 947
408 600 695
551 675 695 733
52 312 613
153 333 929
96 368 417 478 641 786
694 822 964
236 357 969
146 149 251 501 584
9 99 647 675 730
416 507
310 410 521 941
855 936
215 274 392 709
123 344 611 656 874
170 663 872
509 592 731 808 810 822
245 271 337 512 638
62 128 336 338 549 835 975
194 205 658 684 766
76 176 200 285 702
51 215 425 583 718 1000
346
170 373 423 551 964 984
10 235 623 682 711
157 302 602 995
328 341 424 456
7 281 431 709
34 142 418 713 877
10 269 358 364 422 545 549 639
824 900
18 480 655 773
607 770 875 879
4 118 242 452 820 910
64 83 663 883
255 333 448
86 594 698 774
46 113 222 476 513 848 963 974
148 211 793 906
39 179 319 443 539 767
65 86 90 214 245 353 410 822 834
252 856 958 991
13 628

19 117 662 838
159 249 587 605 706 930
173
128 277 369 819 932
482
185 344 348 774
2 26 583
144 175 586 775 846
413 588
620 781 783 900 964
175 217 463 472 721 886 889
12 256
31 916 992
458 461 493
148 257 312 319 423 627 748
162 381 542 978
148 451 564 638 794 808 849
134 139 178 362 741 855
49 363 583 904 927
195 340 451 627 832 895
43 143 302 460 581 696 702 941
163 322 758
416 726 760 996
22 511 780 942
56 179 428 709 895
426 518 948 970
202 616 821 957 972 991
361 436 500 602 869
216 218 855 921 969
51 309 391
163 278 349 559 622 673 762
274 281 372 700 775 996
121 230 421 839 920
714 946
255 284 343 473 485
290 335 340 454 648
205 215 511 755
196 204 263 315 869
163 353 570 646 680 929
151 296
10 110 208 676 747
458 886
86 155 175 321 573
48 304 568
114 131 133 175 179 613 772 828 984
264 673 784 933
131 684 738 836 912
638 822
25 121 536 582 837
403 511 566 689
395 548 679 833
196 248 318 429 588 633 673 688 910
351 352 851 983
457 584 723 873
84 342 347 597 870 978
115 194 528 725 769
297 530 730 849 1000
160 312 672 725
229 394 400 603 681
38 560 570 660
71 98 124 575 615 854
198 232 584 802 972
104 423 877
501 991
9 408 443 550 635 760
61 163 340 440
377 756 840
51 436 742 896
275 620 779 826 916
78 280 441 481 715 725 749 901
112 206 971 988
160 378 559 667
36 130 644 829 954 991
695 812 963 974
336 400 804 866
47 79 196 557 575 610 645 797 902 921
2 120 493 515 602 649 793
58 268 575 587 852
31 612
17 367 611 716 950
99
55 476
62 241 309 368 727 934
649 799 867
351 688 720
216 242 300 399 407 541 753 892
120 511 659 785 921
77 115 265 521 819 830
44 62 87 203 312 896 917
433 889 940
258
366 955
51 111 198 238 475
9 40 760 794 795 1000
396 452 692
118 191 211 340 865
289 527 809
347 521 903
167 169 172 252 681 965
8 233 239 592 758 830
181 322 357 821
276 584 610 700 721 813 858
473 646 781 838 893
42 141 414 479 535 604 675 750
291 431 456 551 901 916
916
291 476
213 227 246 406 576 626
40 202 248 520
35 276 305
139 247 286 436 508 607 642 885 978
176 506
175 848 891
55 169 221 631 827 989
210 290 339 627 669 690 836
35 428 486 964
121 364 420 616 780 790 836 998
291 414 476 586 668 807
37 260 509 631 773
539 674 724 947 990
48 200 547 806
323 387 723 903 988
547
141 232 415 428
49 99 666 815 889
36 489
67 326 675 934
110 329 388 574
624
123 169 210 315 462 501 596
42 128 510 743
337 396 578 641 909 918
272 314 542 863 906 912
359 520 763 794 903
448
60 349 922
111 547 842 877
280 426 680
21 419 510 865
301 323 419 838 912
276 510 688 855 857
200 381 393 903
319 325 777
327 328 400 404 505 565 639 667
14 221 504 525
23 655 680
904
8 38 55 236 739 960
395 420 584 822 857
247 362 575 828
850 874 886 894
306 341 375 675 771
143 646
58 600 747
69 208 306

306 884
77 198 404 481 503 541 742 804 913
10 217 249 591
42 366 369 452 699 799 885 892
910
217 260 344 415 691 759
277 449 464 565 566 590 680
19 120 199 257 277 304 858
294 493 655 771
272 366 616 911
252 527 632
111 423 641 746 785 909
81 384 593 634 781 828 839 952 976
130 278 651 888
277 296 662
337 940
108 454 650 686 921 938
141 240 275 491 649
161 199 479 560 591 610 771 857
10 51 299 506 564 934
713 791
30 754
137 149 415 466 773
127 179 477 531 538
158 550 706 790 798
489 601 835 879 928
368 544 674
103 238 394 509 589 684 721
583 699
121 688 925
102 119 144 238 439 680
56 176 321 357 425 754 924
583 720 773 802
314 566 776

161
5 378 455 588
81 786
1 60 85 147 305 561 697 760 872 991
13 543 778 965
211
46 128 334 420 765 832 885
236 260 406 634
746 921
23 587
40 42 99 550 644 825 998
291 844
222 326 583 775 980
208 322 429 473 479 485 606 757
108 295 348 750
154 205 256 260 397 506 611
250 432 507 526 682
22 56 173 495 543 999
5 363
2 194 328 402 631 746
250 514 868
287 436 470 574 948
23 62 255 573 643 833
9 23 114 236 260 491 973
130 495 712 856
69 290 393 542 617 781
87 778
84 97 548 575 823 883
405 594 634 779
86 209 346 698 914 955
153 403 579 752 867
274 417 443 727
9 324 471 977 985
22 104 611 976
360 397 655 684 863
129 153 181 295 563 636
268 381 395 956
71 623 631
555 643 644 828
805 968
123 222 389 605 696 732 850
2 83 369 976
57 239 449 940
64 194 458 671 679 837
662 683 823 874
28 40 642 866 961
173 183 327 376 493 580
59 77 278 394 408 702 750 799 816 825 914 947 948
45 765

700
622 695
139 274 275 291 775 784 938
185 424 555
49 96 277 484 869 954
94 165 285 403 684 843
168 609 667 730 809
