500 3440 0
53 56 68 187 215 233 272 320 333 357 389 436 439
17 30 64 111 238 271 312 346 470
70 131 174 327 330 426 457 474 476
121 134 276 309
33 38 155 262 328 331 384 489
23 88 181 301 387 398 414 468
13 39 262 274 326 387
49 59 72 97 107 316 355 366 457 481
42 77 217 305 408 444 467
77 112 124 155 237 301 471 480
76 92 95 139 309 388 481 484
51 181 225 295 311 467 478
28 36 134 188 256 269 327 425 485
23 43 212 332
233 262 276 420 479
108 133 293 405 420
2 55 75 76 245 335
11 73 184 202 308 333
43 93 155 166 188 198 315 341
147 238 326
30 126 203 473
38 126 166 248 317 430 467 480
110 149 197 419 456
57 75 104 170 256 324 335 492 497
83 205 245 259 314 420 428
30 132 171 285 371 449 454
17 279 433
271 361 485 490
183 290 306
2 21 89 119 126 160 168 296 425
102 145 204 326
37 65 98 150 157 248 251 283 308 314 338 402 485
5 41 44 178 397 469 471 499 500
22 55 134 162 174 357 410 478
49 180 210 300 357 426 489
13 93 131 243 255 320 353 444
28 131 211 267 303 313
80 138 143 165 332 334 412
7 127 136 160 231 255 325
108 123 138 232 290 337 346 356 395 427 430 452
33 59
9 50 70 72 75 172 179 237 313 316 432 450
14 87 247 265 478
33 159 166 210 289 328 417
169 358 469
75 268 302 327
24 68 134 135 156 226 245 299 471
58 131 205 209 308
35 137 144 151 277 393 450 499
42 70 103 206 246 258 269 325 331 355 382 478
187 284 315 363 388
149 160 163 258 305 316 363 384 497
24 110 164 271 307 438 451 459
95 152 271 320 322
17 31 34 94 297 304 381 405 425
1 92 196 223 225 244 253 277 366 447 454 497
107 113 140 165 293 367 424 462 477
10 48 200 207 214 233 416
8 18 41 74 114 197 229 234 302 331 423 439
161 227 293 342 366 437 444 471 474 497
322
173 223 325 454 483 493 498
65 119 192 195 253 257 347 427 429
74 85 91 202 367 393 485 486
32 144 196 206 300 353 357 385 408 411
92 160 186 221 232 295 374 400
107 173 208 333 420 447 462
1 47 82 130 170 210 211 349 428 436
33 63 120 282 288 441 473
42 50 178 202 267 271 376 396
86 128 245 349 369 474
40 178 358 428
18 109 207 273 322 430
59 87 348
17 24 42 46 209 243 325 415
11 17 119 172 280 333
10 126 190 300
35 86 287 434 463
46 98 258 499
26 38 220 315 494
8 143 243 292 300 398 427 448 473
21 145 322 492
137 421 444 475 480
20 131 179 211 374
64 111 165 206 462
78 83 109 155 161 186 244 272 296 350 372 410
74 260 325 370 432 481
6 113 153 181 283 292 305 449 478 500
165 202 280 304 323 364
6 66 367 434 468
45 179 180 190 231 287 454
11 56 66 121 123 168 266 280 302 340 395 464
19 152 180 217 299 344 350 471 475 492
3 86 212 216 245 259 292 343 399 435 459 493
11 54 169 189 205 213 224 328
406 439
8 150 156 316 435
79 278 413 431 466
121 178 210 216 433 440
134 243 437 450
176 333 363 435
31 223 280 283 293 341 343 387 392 470
8 125 197 218 244 263 350 453
138 169 200 261 294
392 462
99 110 138 234 273 285 319 341 458
57 119 141 144 183 347 459 491
16 114 134 140 179 200 297 317 341 387 437 459
73 271 272 349 403 455
22 38 53 106 147 183 217 309 400 455
2 158 173 238 416 500
10 148 157 191 366 427 464 494
41 88 136 160 190 276 407 421 474 492
53 59 201 303 342 415 497
35 147 165 186 196 284 335 421
129 133 134 153 233 394 402 459 469
172 254 473 484
250 319 362 473
10 30 76 135 187 276 341 407 445 472 483
51 69 88 294 398 453
2 88 92 99 201 208 237 378 392
67 169 201 237 287 314 412
40 92 351 370
152 237 299 473
33 39 256 273 280 335
22 77 149 173 208 392 419 466
18 327 332 415 422
21 49 86 184
42 116 245 343
50 233 269 279 282 302 314 384 463
3 6 36 37 48 84 161 495
6 181 227 276 433 491
16 142 161 224 424 499
4 13 34 100 116 119 212 281 382 394 455
28 90 164 422 461 492
9 113 314 321 329 362 434 459 489 496
49 123 145 199 232 327 429
38 40 104 106 144 227 228 236 261 265 424 425
224 256 261 425
108 200 270 328 446 496
107 182 193 231 315 408
38 183 187 213 295 351 408
38 81 168 270 383 423
13 65 138 293 344 410 470
31 32 137 276 491
384 425
20 115 143 200 203 222 256 313 316 339 344 407 459
150 183 309 341 351 353 380
126 232 339 390
10 97 294 330 340 356 425 436 496
49 90 133 204 226 283 380
221 230 311 354 413 433
4 108 166 340 367 392 416 445
164 183 404 411 451 454 478 482
10 19 23 64 112 203 346 356 432
47 74 97 187 283 295 425 499
32 81 146 240 280 297 310 328 353 436
111 165 312 370
44 291 323 494
30 50 52 84 113 224 230 280 495
60 86 133 242 276
34 126 192 254 340
52 99 141 164 225 228 289 338 376 381 424
53 82 135 163 326 334 337 340 350 455
38 57 158 252 285 466
153 184 217 241 330 406
290 365 398 417 453
30 192 274 342 360 468
45 104 105 122 210 263
1 14 24 30 68 112 225 273 314 403 455 479
26 30 176 231
40 42 85 184 212 251 363 455 485
67 188 357 376 453 471 496 500
3 12 34 194 264 348
133 224 255 461
75 101 171 210 356 433 434
427
72 99 226 315 326 344 380 405 413 441
42 91 96 146 240 266 284 355 371 392 393 492
35 91 93 125 287 483 491
12 88 132 206 223 381 461
50 141 423
31 110 142 148 154 202 252 294 353 456
40 128 166 321 382 452 454 484
71 249 299 306
66 86 115 118 226 334 380 389 433 476
56 119 191 210 365 401 433
13 19 113 173 191 307 371 404
234 268 306 491 493
77 91 120 274 319 338 358 397 438 472
112 187 306 340 409
63 162 271 369 396
100 147 199 289 402 430 446
108 174 270 329 338 346 500
305 329 428 467
56 219 244 259 315 406 453 461
23 103 251 261 329 420 425
1 19 328 346
82 152 193 222 224
58 147 245 337 500
121 303 441
64 70 89 145 183 220 356 416 428 440
140 147 155 158 467
31 151 236 367
25 48 95 169 436 443
50 77 84 181 368 385
251 258 272 325 329 382 391 438
83 121 126 307 359 428 476 482
48 75 225 233 289 396
35 44 169 176 306 497
38 68 84 125 171 319 351 457
14 94 134 333 348 371
42 142 193 257 381 477
60 279 295 360 449
313 432
94 99 235 338 377
9 30 93
103 244 264 392 401
59 74 101 225 257 329 357 420 462 468
80 233 451
9 66 152 171 236 274 289 333 393 472
16 57 147 199 346 357 373 401 499
56 62 102 168 250 256 280
95 133 135 139 160 175 253 330 343 394 415 467
12 163 170 209 219 271 348 366 381 383
47 91 151 178 210 283 325 397 482 487 496
63 132 138 170 262 335 390 413 480
92 117 163 250 298 456 471 486
170 247 286 304 306 385 411 478
152 160 388 485
39 70 91 171 255 287 334 337 459
149 187 271 314 350 440
1 15 31 58 75 183 209 220 283 306 418 419 481
9 59 106 189 250 371 451 478
174 450 462
138 180 221 498
10 16 42 122 125 202 282 350 464
2 20 100 103 111 207 245 302 323 324 349 466
118 132 243 292 382 461 485
3 24 157 285 430 476 483
18 301 330 402 431 463 492
8 42 335 336 378 397 469 474
35 36 45 81 100 392 472
9 86 196 253 344
17 25 44 69 129 138 217 238 402
50 313 326 386 389
43 239 322 359
32 382 469
65 389 487
118 228 362 382
32 77 172 189 197 225 238 297 336 339 351 424
183
56 63 164 244 350
117 279 297 325 448
39 231 244 386 401
13 24 76 139 147 223 265 318 386 470 488
172 219 279 308 323 339 341 368 406
50 79 97 207 305 308 337 346 399 467
25 123 196 253 361
87 100 167 311 324 368
104 138 289 345 473
5 7 15 244 337 404 420 424 478
103 169 388 461
218 262 285 291 388
18 22 43 138 254 256 361 427 450 495
104 238 353 388 492
37 70 130 315 386 422
46 134 159 189 229 271 326 331 379 441 446
13 50 65 130 339 453
6 61 140 229 279 301 329
2 51 53 54 192 216 225 268 391 395 449 500
66 207 396 420 460
139 170 332
168 190 379
326 346 411
4 15 113 145 161 299 337 454 460
49 56 290 393 396 397
98 453
20 27 34 56 130 254 335 336 397 458 459 483 499
76 90 242 296 393 419 467 491
134 326 453
32 89 237
32 88 102 191 263 274 290 352 400 458
104 115 241 286 330 466
26 45 106 120 165 200 240 284 299 333 376 379 488
119 229 284
78 91 122 150 180 294 327
48 69 355 356 452
44 163 209 221 261 302 318 388 435
14 29 32 167 228 417
104 159 264 333 352 388 441
12 40 81 239 461 471 491
16 50 60 102 144 173 247 297
21 63 80 104 107 120 175 183 247 315 344 438
66 142 156 214 322 324 336 401 406 427 454
30 86 229 280 285 336 489
55 251 254 291 330 333 384 460 484
115 228 310 336 479 491
47 93 220 252 285 342 374 487
35 118 130 418 463
6 136 241 270 287 346 411 472
46 59 92 130 134 208 235 347 456 494
37 114 152 196 201 219 329 332 391 396
55 157 295 406
9 52 88 195 235 301 390 437 478
107 109 185 186 210 229 233 234
53 144 208 359 480
18 48 132 281 324 486
4 11 33 133 148 201 337 353 403
219 298
127 410
2 39 115 139 180 196
25 147 215 246 293 380 467 481
25 122 130 219 232 303 386 406 470
19 80 81 178 196 267 294 473
8 11 42 97 136 147 257 376 447 485
22 108 248 249 397 495
355 416 428
106 118 191 211
1 36 54 79
136 184 306 392
73 317
28 88 89 238 257 392 418
24 238 260 308 463 490
39 50 87 175 207 241 334 338 352 490
7 19 31 85 164 275 281 383 403 405
13 46 127 137 210 238 273 287 304 426
5 28 95 164 198
136 197 207 303 359 384 393 459 477
3 53 150 155 166 224 241 284 385
5 90 104 110 268 373 444 465
14 38 127 273 385 416
1 18 76 121 158 212 221 257 291 297 365 446 470
38 99 164 176 186 231 325 353 366 459
17 125 195 227 242
83 212 242 244 251 279 298 313 477
40 164 200 231 262 276 309 408 461
32 118 163 177 190 194 216 325 387 426 493
69 147 149 211 251 253 269 474
92 150 153 162 191 226 393 413 422
3 19 102 106 108 148 257 337 350 356 418 440 474
27 60 114 168 299 381 452 484 492
3 94 102 129 198 216 224 282 340 352 390 442
14 93 144 147 178 294 343 348 445
81 159 261
2 40 155 198 222 322
302
74 174 205 225 344
30 54 71 109 238 327 484
39 86 93 103 164 253 341 412
123 142 211 251 354 370 409
291 343 381 390 422
36 65 148 183 293 307 309 371
44 289 312 351 425 482
8 50 169 191 288 301 457
40 150 155 172 176 241 395 456
23 35 175 223 369 422 463
72 103 190 268
3 16 55 98 114 307 327 384 452
122 168 214 217 271 358 392
193 259 422
79 250 411 435 498
51 81 121 133 172 482
89 102 196 314
167 187 352 401 446
8 60 84 112 141 157 225 403
57 64 153 156 342 396 414
206 236 257 260 391 403 412 469
192 357 433
88 158 192 239 273 386 417
26 212 234 261 296 389 427
432 437 455
222 331 381 408
66 299 340
48
39 41 70 95 173 285 299 316 317 484
85 119 216 484
30 157 242 315 394 395 500
101 268 271 274 433 472
114 151 152 313
117 163 181 213 225 247 319 331 342 373 409
207 248 250 254 398 413
11 31 36 225 326
5 130 146 241 248 297 329 359 373 386 471 491
65 330 400 485 495
255 256 267 314 384 402 431
6 80 108 475 493
11 51 240 263 402
70 133 186 245 246 371 394 433
55 137 227 305 423 434
68 211 278 303 404 434 452 458 494
102 105 121 125 126 164 179 230 321 461 464
64 77 163 179 221 273 329 330 340 347
116 121 224 289
8 13 40 92 232 356 440 443 489 495
85 192 230 367 424
33 158 190 226 277 279 317 386 399 431
6 40 43 120 167 249 253 360 382 431 479
94 258 452 461
32 66 110 295 385 390
109 202 214 218 222 255 295 310 359 365 374 454
8 32 36 116 193 256 386 420
68 109 170 229 309 326 366 368 381 450
126 188 317 426 469
16 55 91 203 326 426 440
96 166 196 257 304 314 436 439 466 498
113 119 147 335 344 420 450 457
9 65 141 142 337 373 458 460 492
20 104 351 381
34 311 384 455
154 229 275 286 301 430
240 243 255 350 368 463
41 98 382 423
264 297 477
75 114 127 143 224 270 441 471
58 153 202 318 332 482 488
44 167 198 290 407 452 486
250 323 489 498
233 350 436 457
16 25 67 262 282 376 402 407 416
83 102 115 193 341
127 152 340 361 365
182 195 390 413
138 163 208 217 251 262 428
13 115 138 139 150 156 197 473
35 69 84 90 327 337 338 404 429 492 497
40 63 79 112 134 177 239 371 435 454
68 195 202 318 424
63 382 428 482
22 252 411 431
31 98 160 241 294 350 386 397 450
28 87 155 215 374 406
21 99 186 290 369 389 412 439
78 136 176 179 328 372 390 437 442
94 97 101 289 362 427 498
1 68 80 157 201 419 452
17 60 100 108 372 434 444 457
53 152 294 307 324 403
42 303 355 406 433 485
43 48 140 202 214 232 252 327 341 405 455 467
178 212 268 291 316
239 321 393
77 205 274 395
9 36 60 61 170 193 311 375 437
119 302 344 427 464
7 102 140 268 333 365 395 459
56 67 433 449
81 262 301 327 335 449 486
23 26 81 164 271 434 447 448
4 42 100 149 235 265 407 431 463
4 215 234 477
40 184 262 275 288 342 359 399 436
54 103 120 172 173 178 196 236 269 278 417
26 70 91 110 276 284 371 401 427
134 164 172 372 464
56 228 343 463
3 8 43 79 355 437
239 253 348 391 485
53 108 116 136 147 279 329 334 385 433
1 276 302 417 488
7 169 175 239 254 271 292 337 368 392 399 495 498
29 57 67 85 219 235 410
130 300 327 357 412 456
92 112 259 445 479
52 136 196 260 331
41 98 101 126 236 238 284 416
9 12 22 173 195 203 280 313 318 330 482 496 498
90 103 356 432
33 248 404
84 102 113 256 299 314 333 364 414 427
33 47 93 173 228 292 330 415
190 221 262 301 379 478 495
21 47 117 118 315 356 425
3 15 60 242 339 368
83 387
3 186 208 240
32 57 143 173 289 329 336 414 451 483
43 50 88 158 229 234 262 305 388 472
170 298 495
10 22 51 83 197 227 307 475
8 11 87 233 313 493
154 208 226 270 354 367 416 429 453 467
18 62 240 296 357 381 496
11 117 184 297 319 377 416 454
28 32 172 316 385 387 458 470
308 417 448
61 78 81 226 249 405
385 403 416 497
9 35 50 119 296 323 361 412 418
28 325
107 132 180 189 197 257 280 298 382 384
24 39 93 113 135 142 204 241 485
62 122 161 189 222 277 387 481
80 105 112 140 220 302 355 391
160 265 317 375 461 472
67 76 140 150 168 173 226 351 483
52 56 114 210 488
62 362 406 418 435 461 467
56 222 237 279
24 111 173 200 224 271
