500 2545 0
22 121
5 175 250 354 442
106 424 441
127 287
64 281 344 355 466
52 300 339 458 459
292 471
282 324 377 436
68 120 135 233 472
28 49 77 91 239 323 388 453 490
36 44 62 224 268 271 334 443
101 454
52 175
131 182 227 263 278 332 390
20 183 298 301 309 370 376 415
31 96 176 262 394 481 488 490
208 306 365
128 164 261 291 349 370 485 496
171 258 310 315 471
15 95 199 283 390
119 211 273
227 247 288 294 429 466
459
10 60 308 377 411
201 214 272 385 421
30 110 114 210 228 229 301 328 394 461
25 54 178 245 262
10 199 209 221 278 307 319 331 500
73 122 166 322 349 441 498
46 204 296 394 405
16 45 127 152 264 334
2 64 123 194 269 307
12 121 344 354 478
4 255 303 323 397
51 67
401 431 443 448
5 459
135 191 280
148 349 419
195 237 257 261 278 365 366 389
47 317 388
194 326 448 498
128 326 382 434 443 469 473
62 74 162 193 270 407
31 96 161 248 376 449 492
179 253 312
161 242 319 331
14 94 188 281 320 341 486
10 165 205 225 343 385 443 454
76 88 180 279 423 437
35 43 115 397
6 109 207 352 366
127 141 164 186 197 454
68 89 138 359 423
117 341 433
192 323 373 455 489
32 67 97 255
156 232 269 292 299 414 438 487
63 133 144 457 481
24 102 226 363
77 348 368
11 44 69 78 200 217 227 241 271 297 347 354 383 390 447 497
59 235 261 264 320 388 451
32 59 143 205 269 333 365 416 424
166 331 382 413 470
28 153 178 246 394
35 57 166 173 235 320 339 453
9 54 185 203
62 94 118 309 323 356 482
106 187 271 311 372 434 476 491 493
98 140 317 413 425
130 134 227 240 380 419
86 181 198 395
44 80 160 211 262 293 299 356
114 391 392 474
50 178 261 284 473 498
10 38 42 61 85 105 153 223 352 434
62 151 283 416 453 496
113 279 329 364 499
101 221 285 389 482
262
295 377 440 472
284
211 293 295 330 499
77
167 192 356 424
10 34 392 430 462
202 221
242 261 331 332 383
124 215 470
10 194 299 421
12 136 153 184 244 367 409 486
137 196 293 298 341 382 445
48 64 117 118 162 361 457

16 45 129 432 440 487
57 149 393 461
71 115 290 313 447
100 203 226 339 394
106 130 258 294 343 446
12 80 147 180 182 279 354 363
60 187 399
115 266 270 367 422
4 308 321 391 495
77 273 433 434 453
3 70 100 166 391 434 493 500
160 198 233 269 284 359 442 444 471
47 109 124 245 358
96 108 345 367 398
21 26 143 439
152 344
213
20 79 90 128 146 206 243
25 26 48 105 346 489
51 98 103 240 373 392
236 238 263 322 460
55 94 110 140 321 361 365
43 69 94 296 376 465
21 225 254 418
9 446 475
244 253
140 143 426 468
303 324 344 357 412
18 90 108 109 146 173 402 464
66 196 285 434 479 495
273 334 354 390
53 175 197 221 274 340 431
18 43 113
96 162 253 320 396 465 473
72 150 361
318 438
161 239 253 315 328 336 356
329 367 371
150 160 276 322 339 408
38 172 252 257 298 482
243 312 365
43 181 428 496
54 157 339 341 479
172 198 336 385
71 117 211 323
53 70 82 166 206 259 341 373 436 476 491
208
64 110 122 182 225 440
59 164 183 251 399 419
233 389
113 124 185 292
32 101 160 235 305 383 392 452
39 364 366 466
97 161 180 213 215 223 251 278
130 134 203 322 332
78 427 440 472
31 64 230 311 379 424 426 450
66 87 92 231 335 450 482
52 102 176 233 279 470
191 395
58 135 271 315 330
78 97 203 238 289 334 340 405
213 270 328 413
242 313 456
74 107 116 192 207 230 320 339
47 132 149 167 363 482
94 129 200 268 292 433 476
203 257 280
18 53 144 265
49
106 141 209 275 282 284
161 280 315 402 477 488
154 172 457
84 137 285 328
31 265 310 427 439
434
139 168 341 371
67 151 408 498
28 99 180 250 259 271 297 379 398
2 13 276 362 439 447 456 480 495
89 358
94 250 419 483
27 129 245 334 341 364 414
81 366
50 116 149 267 312 322 367
4 73 137 301
14 143 255 283 478
144 275 277
92 155
146 163
33 44 203 245 296 390 404 445
102 112 262 396
48 154 211 260 418 436
231 271 341 395 485
352 412
59 136 155 464 470
15 18 86 160 273
272 349
32 42 91 335 358 451
40 299
14 235 348

73 107 139 238 377 402 480
20 28 76 217 356 418
205 261 391 454
25 231
88 95 281
68 99 157 186 397 449 476 496
113 265 314 440
87 200 215 235 295 357 399 479
113 141 280 286 374
52 160 422 467
17 142 210 353 371 404 497
28 166 241 352 370
208 254 275 352 432 471
18 84 188 226 230 262 407
276 301
40 149 277 300 370 475
25 305 490
90 149 205 235 337 359 384 413
494
62 199 220 226 369 423
160 173 233 434
133 441 460
170 209 217 248 279 297
28 80 88 150 199 245 279 309 314 380
107 167 344 356 363 365
23 77 291 350
305 321 396
49 67 78 119 143 179 286 432
211 217 222 309 430 489
14 22 40 62 72 309 451 473
26 353 355
26 394
160 211 282 332 472
153 189 201 276 306 319 343 394 451 462 487
203 222 337 376 400
52 107 145 154 161 304 474
231
37 111 147 205 215 252 378 393 415
116 156 374
40 272 327 380 399
116 198 327 337 415
10 132 256 348 388 448 459 487
72 115 278 279 344 383
162 209 400 489
89 159 214 358 391 430 493
113 136 137 289
92 121 240 356 432
27 262 345 442 478
44 66 99 137 386 438
414 498
8 319 450
36 234 258 277 402 462
2 203 281
6 149 416
235
46 121 129 132 349 426
116 119 210
8 34 57 180 182 366 466
328 330 394
163 225 355 435 455 467
19 100 199 249
20 141 166 174 284 291
135 266 284 429 495
18 40 63 76 89 200 257 306 462
16 27 74 81 187 211 245 252 336 453
269 281 309 427
63 287 300 369 419 462 463 468 481
91 164 204 254 271 459
16 103 260
421 458 459
11 46 162 289 300 415
64 76 263 484
103 138 153 158 232 284 287
156 189 254 265 325
25 193 237 305 488
21 126 192 249 261 298 323 346 404
127 391 469
180 183 210 314 368 457
175 212 231 233 415
183 213 249 366 399
28 40 149 240 446
79 101 154 220 375 376 438 460 485
38 163 167 206 229 379 384 438
48 124 202 250 361 458 494
8 91 166 182 230 333 353 365 395 468
20
34 83 107 259 260 270
169 267 305 355
206 225 381
4 79 264 270 446
83 240 405
236 243
98 160 345 401
18 158 259 296 318 325
38 58 95 121 146 162 452
84 93 357 438
22 100 238 242
82 84 107 133 276 369
30 186 291 336
52 62 174 282 314 472 480
15 135 274 379 449 462
56 58 91 195 386 415 463
264 457
15 26 142 149 181 392
43 106 405 449 484
34 61 187 370 448 455
112 131 233 367
272 285
17 231 407
28 32 150 318 319 322 499
104 365 437 470 477
15 226 227 263
19 39 128 170 366 403
152 314 323 350 493
46 136 153 180 455 479 495
98 159 319 413 416 456
11 204 221 275 311 367
132 156 243 348 432
64
250 346 411 418
48 131 307 328
47 231 236 248 276 303 307 313 384 420
67 129 412
104 117 169 224 468
29 116 306 307
10 34 56 69 140 178 236 273 285 307
8 123 338 370 435 494
291 440
6 33 42 43 354 368 434 483
6 238 293 498
26 158 256 438
133 333 359 397 496
84 256
28 65 392
14 99 109 150 374
61 64 183 329 337 349 490
11 31 126 157 178
132 396 419 454
139 151 262
103 215 232 333 398 426
252
6 67 134 138 160 308 375 385 393 485
94 127 157 372 388
48 93 138 172 178 189 333 338 392 419
125 235 303 363
49 100 175 355 359 395 440 497
5 33 111 123 222 347
109 245 290 335 424
11 109 273 317 349
62 438
98 195 196 315 349 388
39 333 346 348 356 379 413 450
5 223 311
459
52 77 445
228
2 62 101 126 129 190
9 41 285 343 462 474
69 74 132 199 222 251 361 480
123 132 138 175 205
27 176 194 242 360 494 496
107 195 215 329 343 444
329 486 499
94 158 281 434 464 478
175 299 441
60 87 161 301 342 390
79 148
40 64 65 75 117 136 222 282 461 480
36 40 143 148 310 490
92 103 133 180 314 386
43 61 267 275
137 264 295 368
2 15 125 209 213 303 469
133 208 415 430 464 469 488
18 70 441
56 115
236 251 332 440
58 108 279 339
15 45 62 232 266 279 304
24 82 246 367 450
205 235 412 455
6 152 174 280 298
72 115 221 237 375 390 479
78 175 286
65 437 450
62 480 486
13 215 280 319 379 416
139 228 339
68 246 299 341 424 446
80 148 171 173 372 437 445
41 52 63 102 239 348 454
40 80 411
20 62 126 180 186 380 448
106 242
29 87 143 223 331 450
116 128 150 339 409
16 26 99 146 174 187 196 229 256 431 451
155 282 343 443
129 187 224 261 335
34 51 329 407
86 109 174 330 485
49 144 205 237 277 428 469
89 199 232 241 297 395 487
36 313 397 433 455 483
124 149 167 198 249
310 432
37 61 273 325
157 167 219 237 288 302 305 478
62 114 122 429
44 194 199 211 306 397
134 173 267 317 415
92 102 393 435

24 86 162 317 389
123 190 320 378 426
9 49 71 158 215 313
16 58 178 249 290 446 459
235 268 276 296 299 371 408 473
64 78 90 251 313 384
434
59 225 268 301 317 432
39 97 144 171 177 264 335 341 447
3 77
267 404
3 103 178 207 430
50 54 78 217 344 424 465
3 64 152 345 386 423 499
71 386 476
122 253 337 412 427
13 147 151 170 227 263 467
137 241 247 399 429
22 326 428 479
87 226 242 267 422 482
36 394 473
96 210 244 315 403 418 490
55 105 162 468 474
43 77 105 211 218 292 326 361 417 470
50 257 481
8 141 188 222 364
50 151 308 382 467
58 131 246 279 293 328 480 488
110 170 175 193 227 273 284 392 481
96 143 151 204 310 343 418
29 99 219 249 362
2 100 107 245 356
49 395

1 89 93 186 352 387
120 147 278 287 294 414 478
59 98 141 175 198 303 395 467
42 110 239 257 303 370 390
45 288 298 302
20 152 153 248 392 470
47 194 227 231 253 410
147 343 448 489
10 21 67 78 220 382 451
12 49 53 200 208 373 388
56 257 303
24 127 175 272 277 313 368
59 94 184 207 275
6 74 336
6 37 239 267 344
219 264 279 392 412
26 50 97 365
87 259 261 264 298 397
264 299 349 368
60 124 371 408 467 476
72 110 118 129 423
5 22 48 255
249 256 257 420 437 447 464
122 264 282 321 365 429
43 370 371 399 487
90 154 195 326 434
19 107 148 210
9 82 230
76 270 431
75 355 433
51 76 120 131 213 226 425
70 140 141 148 158 162 203 354 390 399 425
70 167 308 358 480
33 182 245 361 405 446
63 64 125 138 312 429 487
198 266 356 365 438 474 477
59 169 264 306 324 439
69 80 135 153 161 205
325 326 351 401 486
8 173 302 498
18 189 317 326 339
80 92 360
96 231 239 400 469
272 330 371 438 475
25 26 56 241 293
10 16 109 214 274 333 366
70 217 379
45 188 297
67 70 106 242 396
48 165 281 324 483
104 125 175 336
18 99 298 329 358 482
62 92 122
42 76 173 247 484
79 84 277 307 347 360 468
28 37 106 137
