500 2806 0
86 396
130 145 268 396 433
10 50 57 116 174 176 227 388 401
54 207 220 312 429
70 86 165 173 351
208 227 351 405 419 464
53 175 327 402 403 447
95 111 207 225 283 336 390 419 424 425
46 216 456 465 498
3 97 104 124 181 237 279 377 386 391
16 19 82 140 260 289 443
61 132 170 192 233 306 327 365 485
46 88 411 425
36 60 197 250 300 310 371 461 474 476
9 70 97 106 114 205 212 264 289 342
37 87 142 248 268 311 346 362 383 456
175 410 442
23 34 53 164 472 478
11 37 210 269 369
268 356 395 421 493
96 114 183 243 404
65 284 333 397 428 436
18 251 267 278 321 357 406 419 463
187 261 371 407 444
27 207 364 421
247 470
25 85 219 241 253 344 429 458
46 142 182 201 232 277 302 333 378 495
256
8 34 191 250 347 404 419 436 461
76 159 181 208 210 222 385 411 497
177 213 314 377 379
231 276 390 444 468
18 30 54 72 395 396
97 190
14 187 196 246 322 383 418 428 449
16 19 337 340 362 460
138 147 326 354 433 480
268 392 408 415
50 52 55 159 271 469 488
69 101 113 178 262 276 321
317
295 315 345 417
80 119 128 262 386 426 436
136 146 214 227
9 198 292 399
114 215 280 306 354 368 404
166 319 324 413 485 489
68 147 234 350
3 40 196 197 290 295 300 371
185 289 433
286 338 387 388
7 18 71 137 363 375 406
4 34 91 135 212 331 346 352 377 399
40 183 422 444
7 227 266 408 496
69 151 161 203 211 240 285 367
107 146 431 475
383 444
19 230 256 394
12 79 87 101 149 231
125 153 183 243 411
162 194 456
240 279 315 334 354 416 495
22 91 151 303 314
67 106 183 366 405 465
66 166 297 306 433 491
49 128 461
41 57 214 313
11 82 121 321 448 492
53 81 257 439 484
34 180 211 373 382
63 103 198 331 342 383 437 458 477
165 221
223 283 351 356 396 476
31 100 207 217 266 469
214 415 419 498
152 226 281 454
61 183 187 234 251 325 436
44 47 357
71 292 344 422 463
70 213 253 263 382 394
188 204 224 308 330 413 438 447 466 470
152 353 382 429 481
5 54 99 147 273 314
1 5 140 367
61 302 404
86 128 202 259 284 455
86 138 186 382
99 228 342 409 419
65 184 280 284 301 460 479 494
53 103 154 177 219 251 295 491
142 360 390 475
187 246 328 415 490
8 98 214 251 325 403
21 31 156 172 219 432
10 15 35 275 291 333 358 413
95 160 468
90 151 242 276 299 313
76 135 189 276 485
41 60 61 151 346 403 453
33 77 130 227 260 302 318 347
73 92 327 355
10 45 111 228 247 322 417 424 492
93 257 295 329 340 352 481
15 66 202 341 386 408 476
58 220 379 452
231 248 357 492
336 388 416 500
115 164 180 272 432 439 442 496
8 198 284 296 384 438 447
338 450
41 142
21 47 196 341 393 406 473
110 130 242 264 318 359 427 434 472
3 398
263
149 227 266 458 464
44 169 217 263 389 421
141 143 181 318 335 367 375 410
70 157 242
24 278 297 320 383
179 324
10 275
62 205 332 453
242 285 442 468 480
134 202 235 245 256 316 456
44 68 88 147 218 229 313 426 439 459 468 477
144 259 305 337 451
2 102 166 254
279 339 359
12 88 286 291 293
71 385
146
54 100 209 324 347 353 364 399 432 443
45 380
53 226 232 249 312
38 146 191 240 382
193 333 453
11 268 389
45 120 479
28 93 113 159 167 198 246 251 306 320 362 472
120 155 267 412 415 496
150 255 273 392 493 495
2 158 277 278 333 335 456
45 58 101 134 138 194 319 417
38 49 85 128 260 337 339
151 201 253 264 422 493 496
61 118 153 337 393 425 442 486
144 154 232 344 442 466 467
48 57 65 101 162 422 482
32 84 159 220 235 255 324 441
62 249 316 429 457
40 92 150 170 245 249 275 306 317
143 149 169 435 459
73 96 171 354 387 398
115 121 205 223 395 458 469 475
41 114 204
31 40 65 152 192 290 321 353 405 417
253 409 411 414 464 471 479
57 96 177 461
151 173 260 449
219 263 290 400 486
18 42 73 489
5 74 293 329 475 499
33 48 67
142 388
244 255 283 477
119 155 230 324 325 398 436 499
12 154
156 219 236 330 426 476
32 96 244 283 340 364
5 157 162 201 392
130 138 242 392 411 431 463 497
7 17 27 413 447
1 3 78 452 490
32 92 349
41 189 239 265 293 449 465
123 214 268 289 320 389
72 160 235 499
10 31 120 353 470
28 52 226 244 338 407 469
21 55 62 79 116 195 387 471
91 173 247
64 341 357 359 401 437
89 474
24 79 94 174 196 289 306 322 360 426 496
199 301
55 100 178 201 215 328 432 445 486
35 54 122 194 404
30 138 154 216 247 342 392 443 499
12 159 234 238 406 451
206 274 398
34 63 190
183 196 220 354 443
36 50 69 151 195 414 469
14 17 229 433 442
52 73 111 142 148 287 314 392 398
188 232 251 313 498
264 276 415
28 148 173 189 244 333 396 399 421 475
127 248 385
57 122 186 366 414 437
83 158 227 278 418 487
157 366 405 436
193 389 409 451
8 13 25 76 326 329
6 25 31 485
102 135 322 367 425
31 88 305 345
72 232 354 379
15 295 323 338
32 82 274 300 330 336 386
45 68 69 77 95 179 351 461
47 60 189 334 457
9 191 307 344 488 500
65 76
60 128 279 443 454
27 92 96 136 171 237 242 289 299 325 403 434
107 152 195 240 330
74 247 379 402
31 51 386 405 482
43 157 308 369 376 473
83 256 417 498
8 85 227 278 322 337 372 419 422 469 473
137 182 244 273 401 415 438 461
3 6 102 118 204 225 305 314 348 419 497
104 162 232 494
128 197 277 394
60 244 487
108 257 482
28 199 211 228 240 387 419
12 115 359 392 406 466
49 79 489
127 152
5 10 70 269 399 457
10 219 284 307 334 375 484
192
50 174 178 312 492 493
57 64 89 174 208 226 232 280 304 431
27 281 309 357 459
99 121 178 219 312 325 351 473 497
21 62
168 182 201 226 248 256 286 364 370 395 492
27 127 154 427 450 472
94 204 421
104 184 221 273 302 397 438 447
63 108 202 228 244 496
153 154
14 24 412
23 79 92 95 199 370
262 341 374 404 430 446
27 82 148 425 476
93 130 206 228 265
144 168 307 326 338 342 377 424
29 60 127 224 244 271 335
184 231 297 424 479
17 93 259 263 295 372 467
88 258 280 451
11 102 210 309 364 394
24 162 324 365 381 414
41 252 324 428 432 475 482
82 117 119 195 258 324 339 385 426
15 39 200 387 426
178 329 404 420 463
76 118 312
23 143 334 455
16 39 71 179 391 442
19 236 309 375 397 485
81 291 330
40 256 342 422 430
110 206 307 365 465
85 144 203 226 247 375 376
165 193 213 375 487
97 124 154 387
33 41 100 458
28 229 296 346
23 145 204
64 380 471
47 91 137 138 240 259 318
2 78 241 365 426 478
287
8 75 247 254 317 359
22 91 237 361
57 126 359 458 468
52 132 244 488
61 198 242 282 301 326 363 395
340 443
51 144 169 179 187 302 405 413
50 68 80 159 163 333 389
97 132 401 453
38 46 326
132 178 287 304 315 396
10 38 349 358 359 491
43 92 105 212 273 330 365 412 417
111 335 349
67 122 242 257 426 464 468 482
314 317 482
99 219 364 369 440
14 50 102 213 463
91 188 253
87 102 131 247 289 462
65 107 385 419 423 432 454
240 248 251 293
129 210 367 404
12 47 67 127 142 154 187 331 413 415 427 492
216 217 237 255 279 299 391 406 414 435 455
223 340 366 378 406 473
50 241 260 269 434 497 500
14 106 319 327 331 336 341 348
16 325 354 362
4 137 204 239 242 367 386 467
99 128 366 407
30 32 85 198 227 298 354 458
43 64 216 259 293
102 127 136 153 261 338
154 283 298 409 479 483 486 488
102 115 120 226 280 302 420 472
48 132 146 310 326 328 453
122 142 179 427 452 458 464
23 70 159 334 494 497
104 149 158 188 209 225 476
78 107 212 355 375 423
48 135 152 169 261 262 263 368 372 384
79 95 149 169 221 242 311 439 499
38 287 354 398
7 12 103 292 310
94 189 319 435 464
50 105 165 207 265 346 369 442 459
83 171 172 220 360 400 401 438 453 466
11 73 310
125 182 259 374
22 28 97 139 145 201 290 338
64 74 215 220 237 267 321 344 416
135 145 296 435 493
109 213 310 489
37 129 276 321 466 475
57 96 112 182 212 255
131 294 367 402 476
37 172 288 308 403 456
106 114 185 252 310
15 73 255 487
146 344
15 27 150 216 343 385
43 210 384
16 54 209 277 329 414 430
30 86 102 135 209 412
37 207 227 310 402
177 294 296 393 439 489
49 368
5 6 75 214 242 384 454
497
159 181 393
38 47 64 156 195 211 311 314 326
323 426
20 75 86
23 80 108 185 241 354
97 151 294 371 452
115 283 285 294
21 187 237 330 366 411
386 498
16 37 142 408 415 467
53 287
25 135 244 260 299 400
12 169 272 281 295 386
66 203 205 308 313 338
86 120 209 226 305 312 339 357
47 107 379
84 223 262 299 329 404 459
244 251 373
14 24 50
153 258 324 420
72 370 452 457 461
191 418
53 116 120 190 237 273 301 495
20 61 79 273 391 480
10 32 108 176 447
308 443
32 55 211 221 241 340 353 368 410
97 136 279 298 464
324 424 449
72 84 89 138 414 450 469
16 36 73 427 494
111 324 345 351 399 437 443
4 31 133 202 263 303 344 397 428 437
7 10 44 68 106 213 222 312 361 401 420
52 156 232 264 275 450 498
3 52 63 109 167 467
22 95 119 140 424 459
8 33 93 466
10 52 109 268 376
39 144 173 174 191 198 201 233 436
114 298 349 460
60 82 99 229 260
20 157 165 244 287 385 425
1 2 34 75 147 201 293 428
22 124 247 269 340 375 483
116 156 169 193 198 326
54 135 201 226 236 375 384 414 451
157 163 330 381 443 455 462 498
3 185 226 291 330 386 438 479
7 140 221 339 348 432 495
7 95 101 219 318 340 397
21 30 149 190 252 265 282 305 369
6 66 159 161 222 289 490
23 53 114 192 233 307 308
182 222 313 496
39 56 106 362 425 486
90 206 218 317 479
101 379 401
31 160 225 360 494
347 407
48 175 211 289 306 364 430 498
160 196 203 245 261 307 346 475
14 143 156 226 362 431 498
64 109 249 395
25 43 104 146 159 204 227 295 464
374 445
6 8 23 30 77 90 142 225 232 303
49 148 265 372 386 437 482
25 119 201 246 320 458 461
53 81 148 151 225 271
303 477
8 247 255 340 389 463
8 209 253 395
44 171 187 263 281 297 313 327 355 375
115 116 160 320 325 383
36 385 396
27 84 153 475
252 271 413 474
85 174 180 240
96 110 135 189 262 303 402
2 51 67 197 290
115 215 283 309 318 418
155 328 335 451 461 471
22 30 44 79 132 168 169 196 392 449
185 384 385 466
111 297 330 401
55 71 110 128 325 349 496 498
299
152 206 379 482
110 126 149 150 177 268 471
191 195 218 466
24 33 55 59 107 482
244 418
175 182 252 333
7 111 175 377 453
70 132
36 162 290 381 420 436 485
112 245 382 387 451 455
129 192 259 399 435 450
107 176 320 373
101 125 139 291 319 330 465
78 218 303 351 364 452
88 267 326 450
9 63 88 334 340
153 215 373 474
27 73 118 157 285 314 320 398
128 155 208 232 241 319 329 389
37 91 224 432 487
14 30 68 117 161 214 226 373 435 457 498
196 400 499
76 81 174 265 272 300 319 424
6 118 160 197 297 320 328 380 460
66 178 453 496
83 96 150 162 233 330 337 390 436 437 443 474
150 258 312 357
25 33 60 99 126 128 229 285 297
76 157 182 225 382 413 476
26 83 172 181 304 314
145 160 175 183 279 442
142 245 251 254 318
114 132 242 308 323 429
14 186 394 457 466
58 157 165 201 262 293 337 414 429
75 106 171 253 322 469
128 156 249
281 360
141 160 185 257 282 317 401 409
126 430 478 494
15 105
35 151 222 231 262 297 298 420 441 444
13 148 317 334 397
71 184 237 444
12 48 100 186 208
163 317 461
59 204 234 274 342 460
40 150 216 286 317 419
48 164 336 380
94 176 405 465
294
70 239 244 306
20 144 148 170 212 239 240 335
91 321 383 411 469 480
28 64 144 154 270 375 402
143 148 155 187 248 407 439
31 242 309 352 365
9 77 199 224 400 413 415
97 165 169 180 191 462
109 216 288 309
