500 2573 0
34 57 131 197 255 418
144 170 197 228 252 274 360 376 492
31 429
55 62 72 193 237 245 388
159 200 284 353
27 72 228 246 293 360 486
18 122 201 232 294
428 489 498
47 157 221 251
68 101 215 368 398 404 433 441 449
233 289 291 298 365 378
50 78 127 402 427
52 134 321 471
5 128 187 226 455
116 216 227 308 466 500
50 66 80 114 133 311 358
120 164 265 286 407
7 99 100 107 142 168 205 240 263 288 306 349 375 431 451 475
114 199 338 383
14 174 354
123 132 339 486
127
27 190 430 446
226 268 314 452 462
65 168 215 258 399 494
167 181 283 452
23 116 228 402
65 179 233 462
78 109 170 383 481
206 253 294 493
3 70 86 107 175 222 232 337 474 485
189 231 296 299
6 201 280 336
1 56 151 206 326 362
66 173 176 184 195 271 278 333 358 419 424 426
351 451
83 150 229 308 399
68 120 329
192 317 430
74 87 167 240 420 424
51 59 128 222 237 303 435
142 159 333 493
80 147 270 312 390 461
35 459
204 227 253 337 345 454
164 285 312 354 479
9 93 169 284 392
220 303 391 449
54 77
12 208 236 264 320 342
78 95 220 272 287 349 419 471
13 116 194 233 360 392 401
39 67 192 421
49 68 305 332 363 418 421
2 43 215 318 343 442 450 459
11 20 184 226 275 323 339 382
1 236 271
160 300 460
41 265 397 413
109 167 174 431 433 449
77 174 243 257 414
4 102 195 354 497
37 75 125 127 291 311 351 391 490
29 129 139 174 237 341 349
25 28 150 220 335 402
35 154 177 194 240 366 387
53 167 232
10 38 54 77 183 202 222 288 342 458
35 280 499
31 273 431 464
102 157 194 204 256 444 454
4 6 209 293 337 365
175 209 232
40 78 101 177 325 332 441 494 496
15 79 312 343 405
129 166 245 259 362 439 478 494
49 68 172 320 346
114 224 461
75 313 344 423
10 245 417 447 453 460
6 61 72 87 136 150 317 462 483
75 83 204 208 267
37 82 286 289 295 340 364
199 352
82 158 221 334
31 70 89 101 284 363 452
40 81 104 143 203 239 425
18 90 120 496
70 86 127 190 285 325 330 373 413 415
39 94 135 217 426 454
125 305 440 465
138 377 438 442 498
47 181 209 380 428 458
144 287 366 484
51 168 185 366 418 490
256 482 496
66 136 215 222 329 336 337 381
152 160 179 418 485 492
18 129 168 177 259 307 364 386 398 462 470
124 206 293
74 86 161 166 225 247 258
40 71 88 191 222 272 304 326
54 63 186 295 332 476
27 31 108 115 152 335

108 148 223 332 390
9 14 18 31 88 166 335 483
106 152 158 358 450
22 29 51 60 226 240 355
34 209 350 385
228 283 333
131 229 257 392 396
39 140 144 158 237 318
13 16 78 266 413 477
104 284 406 414
15 27 52 275 300
55 141 227 356
166 227 319 349 357 463 497
17 210 267 329 364 385
17 38 261
219 222 234 314 430
7 268 325 382 430 460
48 63 427 430 447

63 91 372 401
148 229 258 332 333 449 498
63 89 171 213 282 318 334 358 500
14 41 228 229 338 342
64 99 249 253 266 387 492
259 299 313 327 414 457
273 325 410 427 475
159 275 401
16 139 430 446
7 13 30 258 278 389 408 474
235 316 369 409 429
342
58 157 431 432 437 474
92 94 179 455 495 500
90 94 133 227 235 275 287 407 454
28 113 263 301 304 332 403
117 244 298 320 367
225 295 297 338 447
87 272 314 334 417 429 485
10 94 113 207 264 425
120 180 207 311 361 369 473
200 220 425 495
111 130 217 234 346 371
15 106 126 140 368
47 119 212 288 426
37 65 81 202 286 299 385 393
223 229 262 407 471 492
98 219 221 334 344 447 495
135 195 220 447
51 66 317 445
125 220 271 351 379 454
61 223 245 258 285
137 203 286 312 320
108 113 122
5 161 398
58 239
124 365
2 179 198 482
144 463
46 189 420
252
76 107 118 177 196 471 494
60 100 202 226 434
18 99 228 417
47 183 262 405
2 29 257
127 130 151 276 350 462
77 227
35 273 393 465
14 20 60 61 64 345 423 444 448
31 73 188
8 79 244 308
39 74 99 166 328 396 416 497
55 94 98 123
98 138 181 205 231 406 409 490
157 319
26 35 93
148 304 386 451
68 169 242 243 303 344 400
56 381 418 419 451
95 240 329 343 441
11 63 103 207 252 303 316 336 374 498
14 216 226 268 329 422 442
175 206 306 353 427
32 51 101 215 455
89 268
102 220 334 378 399 400 412 435 454
6 53 145 216 255
122 155 171 190 196 242 269
71 138 160 266 338 363
35 62 137
62 166 193 376 390 407
1 2 403
20 159 199 265 270 316
19 21 198 243
5 146 230 264 317 412 488
7 96 164 297
68 150 167 289 330 486
87 192
45 177 303 453 487 495
179 246 286 332 337 413
30 34 122 345 371
144 186 356 500
50 136 287 397
73 252
175

196 250 479
272 433
319 421
10 25 97 383 497 499
15 192 335 346
90 147 154 265
244 276
121 152 263 410
48 51 102 112 153 155 191 274 282 318 371
67 85 152 252 264 320 359 405 497
31 41 68 97 102 121 351 437
151 156 339 386 416
25 188 291
54 262 326 475
15 24 56 187 231
45 61 117 118 172 308 407 444
2 6 162 215 252
112 151 252 335 471
244
32 226 345 366 452
7 20 31 361 496
28 52 268 301 309 389 411
48 121 147 151 316 446
135 139 221 357 419
27 42 50 57 136 371 413 415
4 64 115 299 413 424 430
258 374
87 160 185 217 230 245 292 336 361 383 400
18 66 109 185 283 359 449
327 385 481
48 365 449 450
61 68 131 183 199 222 386 477
95 176
4 58 80 192 239 278 354 380 432
6 130 350 376 460
97 120 232
160 257 284
305
21 212 304 310 484
105 166 249 297 301 389 394 495 499
2 28 108 165 186 228 229 266 313
30 129 258 452
202 458
1 261 308 403 405 452 461
61 71 96 333
61 112 248 311 429 480
101 126 134 140 156 311 336 356
99 130 303 423 442 468
328 336 399
120 191 245 287 425 433
169 225 316 355
18 140 219 319 417 431
221 458 461
217 362 417 467
114 129 194 230
82 119 309 354 407 430 490
24 122 187 233 387 392 398
38 190 319
43 198 296 405 493
35 57 281 302 314 356 481
51 90 102 213 298 308 335 385
77 131 173 363 374 413 476
2 270 286 423
61 73 132 139 176 279 386 447
171 218 423
289 442 477 493
35 134 350 431 443
132 436 462
33 69 439 474
149 271 366 395 397
261 263 296 352 443

5 47 86 115 166 198 248 311 404 440
46 156 303
66 150 157 205
51 94 208 384 415 465
18 68 149 380 487
11 91 202 321 420 421
355 463 495
170 224 246 256 375 383
87 239 302 375 480
6 72 100 210 280 285
30
1 66 67 83 103 182 350 355 372 399
32 276 282 304 340 437
71 86 156 347
11 129 272 306 310 311 493
32 130 150 166 404 411
116 373 406
140 196 233 251 356 407 438
74 219 256 271 324 339
21 41 183 186 204 285 323 469
32 83 198 335 347 417 463 466
54 91 312 421 491
18 46 188 298 363 420
70 99 265 481
37 215 227 255 360
149 233 322 483
140 250 291 298 437 488
13 63 180 257 390 392 427
43 157 355
23 246
24 92 143 271 416 452
67 414 447 479
135 198 209 234 262
46 55 82 200 415 490
55 113 127 206 220 355 422
69 180 214 289 360
24 77 141 170 221 273 289 397
301 459
11 165 200 309
56 255 303 408
302 382 412 447
74 89 131 243 327 421 429 434 481
34 225 297 337 461
130 241 244 274 325 417
24 260 314 335 337 434
38 103 119 185 497
89 202 249 313 333 349 382 455 456 494
24 323 359
54 74 91 103 106 123 140 205 265 346
74 111 126 256 357
85 143 152 191 352 365 464
65 107 155 186 216 229 304 328 484
33 147 258 260
45 75 97 223 395
73 128 137 142 197
223 302 341 473
83 266
64 125 164 293 339 344 374 387 418 445 483
31 68 128 131 136 210
167 185 315 349 362 408
53 56 79 137 152 194 312
53 138 174 206 231 482
77 332 383
297 304 424
355
18 51 64 177 298 330 493
33 45 274 278 446 448
71 222 393
84 109 155 173 282 334 474
5 61 188 266 288 420
20 31 46 245 267 355 416
290 312 348 354 491
117 207 236 258 295 418 451 458 493
186 333 378
16 35 108 127 211 288 407 459
114 221 331 362 388 462
52 276 308 319 374 394
239 416
86 359 384 429 498
54 86 194 198 273 306 369 413 443
56 119
11 135 334 457 485
66 94 95 108 154 231 281 376 408
141 280 428
10 120 148 419
135 145 296
31 232
91 147 156 170 220 327 479
59 125 155 160 196 378 426
300 401
186 273 341 360
26 291 384 429
2 196
28 52 92 259 463 499
11 191 357 470 496
48 155 230 294 351
3 93 245
184 219 253 344 388 486
56 330 388
215 239 291 346 493
287 362 375
119 148 241 249 272 468 491
112 182 275 390 450
47 66 129 341 362 379 380 394
4 410 428
151 231 233 251
43 106 160 196 311 386 418
63 128 278
47 52 112 268 311 418 452
36 173 176 351 409 456 463
168 360 387 388 413
337
112 288 403 413 443 498
281 320 452
10 137 159 191 268 373
25 225 260 295 482
182 183 191 239 431 480
52 132 190 356 491
12 27 65 104 324
116 140 197 255 262 352 396 406
10 177 447
75 221 255 407
7 104 115 179 204 216 229 403
139 196 201 227 267 301
343 366 481
135 179 393
219 388
137 161 247 432
5 38 191 200 384 443 486 489
59 89 114 205 206 273 394 396 419
2 54 115 256 326 423 451
236 257 287
354 361 453
32 80 83 143 168 263 275 368
54 95 98 390 392
368 413 436 482
40 164 306 353 465 466
53 129 185 212 214 289 305 325 331 389
318 384 448 471
174 259 278 414
35 40 237 333 347 446 499
146 217
35 90 149 285 301 372 485
14 123 131 311 325 349 450
68 93 348 452 474 492
3 135 220 257 362 481
39 122 123 133 237 267 422 457
18 37 60 70 238 263 278 400
489
10 213 261 356 485
167
248 294 413 426
7 33 63 279 288 419 438
137 310
156 203 499
88 227 280 444 467
91 284
10 69 74 209 239 482 484
55 92 277 302 325
278 282 283 336 363 396 412
174 217 227 439 480
61 82 251 341 452
23 133 234 350 482
123 142 152 235 275 311 313 315 404 491 498
174 227 244 343 350 422 466
10 126 242
55 317 386 427 467 475
36 182 356 429
86 87 231 267 369 397 445
80 204 363 416 470
33 71 90 139 194 260 381 488
14 111
131 305 330 393 495
130 197 260 315 365 401
254 356
55 129 200 321
80 370 437
255 264 326 413
24 28 99 124 171 279 359 471
20 67 76 118 163 304 377 393
44 70 270 334 468
287 420
59 304 420 448
265 304 421 439 443 450 494
19 57 385 464
99 303
112 143 453
51 80 151 229
143 207 262 275
58 145 169 339 486
137 280 352 422 423 428 467
60 131 341
211
114 243 277
76 185 365
212 315 371 399
292
29 80 241 307 408 429 450
345 399 441 446 485
81 107 121 228 309 341
94 235 335 407 485
31 98 143 365
6 202 220 412 473
53 141 179 264 288
75 200 454
208 338 419 432 493
63 133 317
305 355 385 447
2 98 142 151 270 428
198 270 277 297 298 356 489
25 74 84 166 330 439
138 146 152 251 493
74 88 96 131
62 118 177 215
8 92 107 186 362 447
377 424
127 138 445 455
