500 2599 0
18 135 211 262 265 391
69 114 119 188 199 234 374
87 143 160 210 418
31 117
86 221 296 355
46 79 161 167 179 486
208 210 351 356 392 420 458 483 487 499
91 224 310 328 337 476
2 66 104 119 201 271 426
24
101 230 332 412
42 116 146 147 345 461
215 290 291 399 439 469 498
71 239 276 295 406 473
134 142 144 189 222 308 309
124 134 223 234 313 485
44 49 118 173 191 269 374 375 381 451 458 473
1 73 103 332 498
23 110 112 124 333 381 396 413 447
145 429
166 219 239 291
120 126 366
3 19 67 104 181 261
10 62 220 221 299 391 459
263 386
59 154 242 269
177 230 382 389 410
156 207
65 162 221 358
113 315 375 428 441 481
65 124 164 218 347
78 112 300
52 275 400
214 253 320 371 456
241 366
89 289 330 372 379
100 222 337 342
37 101 333 389
443
46 263 277 320 470
332 425
12 166 231 303 364 493
286 344 354 461
35 41 155 165 331
67 94 102 319
40 62 171 269 348
187 368 485
83
17 380
61 82 114 223 233 259 423 464
263 273 279 291 296 433 447 499
33 121 184 283 286 364 413 422
215 311 373 424
40 70 208 354 376 468
180 370 395 421 442
93 150 214 316 322 325 360 378 441
106 154 157 245 249 297 333 359 414
34 85 159 190 253 281
26 209 399 409
186 288 304 427 443
134 208 251 273 321 426 432
24 46 49 146 374 469 485
39 137 228 232 240 257 482
184 238 282 318 454
31 91 312 445
9 26 285 298 320 387 401
23 45 429
74 131 182 261 329
104 111 134 262 301 364 454 475 482
54 89 109 270 298 460
14 99 190 253 257 280
106 219 225 341 343 359 360 447
18 41 78 204 207 409
35 117 239 260 442 494
177 255 306 362
109 111 319
79 347 445
32 48 135 159 250 255 364 481 484
221 370
105 141 190 236 260 353
206 254 263 273 356 377 393 435 447 471 475
423 441 461
48 181 200 308 361 373 374 482
254 272 393 462 471
42 116 193 230 356
171 221
129 221 285 327 399 484
194 212 350
36 67 70 143 185 364 384 412 446
6 199 305 431 494
8 187 200 259 410
61 171 217 300 350 367 368
56 256 349 374 425
275 313 395 432 461
182 251 253 321 408 412 457 470
106
39 108 340 400 441
104 293 310 344 420
43 71 314 332
37 124 138 263 472
11 38 78 135 302 308 396
70 103 143 171 360
134 227 340 485
9 23 69 98 219 483
175
96 184 235 345 357
162 246 328 349 460 465
97 134 137 138 266 303
70 76 169 363
19 69 142 153 169 253 424 426
69 76 134 367 368 383
19 32 136 149 161 199 313 365
30 170 188 225 288 299 313 418
2 351 361 443
191 230 345 419 448
12 46 85 178 384
4 74 235 266 387 435 474
17 208 290 336 342 451
9 238 259 356
22 35 147 149 345 348 470
239 277 294 334 342 386
23 111 127 263 381 493
151 171 270 356
16 19 88 100 210 264 271 492
165 175 199 291 387 391 395 398
22 200 267 274 389 474
122 260 307 408
3 157 235 270 432
171 259 341 410 462
340 472
68 77 139 308 362 391 460
158 414
239 287 323
16 61 69 108 111 140 145 179 200 210 311 453 471
1 78 244
286 306 364 426 456 484
63 108 238
268 378
232 263 272 303 386
134 261 363 405
80 170 216 328
101 110 433 469
48 89 102 439
267 295 415 490
20 134 186 206 451 458
12 79 166 181 305 327 336
12 120 185 499
79 184 306 319 356 404 457 481
112 120 187 205 274 387 458 467 472
156 206 334 397 411 497
480
10 368 434 489
110 227 257 407
57 159 419 433 462
44 78 324 411
28 61 150 268 335 342 416
57 126 202 253 371 412
132 277 300 317 369 418 423
58 78 212 288 301 388
3 197
6 112 168 455
16 29 183 379 432 458 471 476
222 312 456
31 169 325 386 473
44 125 367 419 465
21 197 254 354 363 399
118 158 439 478
161 278 325 367
37 109 110 164 210 232 468
141 171 304 340 396 400 495 500
46 86 92 123 174 301 462
240 248 491
17 145 214 235 251 373 420
111 171 327 399 475
105 124 125 270 284 405 410 434
201 233 380
27 191 306 444
116 270 290 329 400
6 127 278 357 370 419 444
55 192 262 293 338 359 408 469
23 146 252 430
68 95 416
89 162 224 247 257 265 343 392
52 64 106 148 283 422 424 497
147 192 375
60 92 279 466
61 91 316 338 387 412
2 75 258 281 356 438
381
58 71 80 410
17 115 273 346 361 428 447
180 185 213 328 378
85 369 483
79 381 433 499
233
59 437
160 166 253 291 301 407 472
409 422 478
2 112 210 385 439 497
83 91 240 303 355 383 448
13 296 336 440 494
57 312
214 223 330 390
143 220 279 424 454 455
149 222 251 345 430
267 429
219 279 387 461
7 54 118 169 332
59 243 293 427
3 7 88 124 169 199
1 250 301 324
88 159 359 378 451 479 495
150 225 251 273 308 389
34 56 388
39 53 266 399
86 354 397 461
268
31 79 241 334 374
21 98 104 150 207 309 335 427 432 440 447
24 203
5 24 29 86 87
15 163 396
50 383 412
8 167 183 249 339 411 425
72 113 213 460
393 399
103 180 286 350 386
63 295 306 329 347
36 339
11 27 106 115 213 240 315 356 479
42 93
13 63 139 169 201 261 277 282 466
195 276 307 363
16 494
90 106 117 128 173 396 441
80 193 315 317 405 463
292 444 473
64 86 119 137 255 305 329 482 490
14 21 74 121 133 223 426 441
63 172 200 230 412 431
218 349
37 169 209 249 279
37 209 265 292 333 367 429
486
57 115 117 282 321 393
37 236 380 499
4 183 436 492
287 366
8 57 149 242 275 287 313 366 431
64 78 161 377 400 437
61 95 173 217 451
181 297 304 343 387 474
1 34 58 71 95 265 324
31 81 84 139 166 246 453 464
238 332
93 322 442 458
71 153 331 384 399
188 362 495
50 89 91 93 119 129
74 80 100 127 328 405 421
23 68 232 275 385
1 69 114 180 370
25 51 100 122 139 238 272 390 435
124 254 326
72 243 253 272
108 215 221 461
9 126 144 187 368 382 390 444
138 142 156 323
26 45 46 74 290 456
123 281 399 479
124 287 356 398 480
84 139 263 265 292 293 476
51 81 191 213 294 387 423
126 149 451
33 94 133 358 421
14 233 285
40 158 165 337 384 398 411
14 115 168 286 403
51 90 186 204 242 399 400
45 71 161 289 331 376 396 400
58 188 270 356 404 413
64 98 232
52 93 184 413 467 472 487
175
87 276 294 434
23 43 148 249 278 282 299 340 385 447
133 248 271 350
113 159 198 382 413 465
36 91 339 475 485
13 118 178 186 205 269 333 369 452 495
13 21 49 197 302 334 443 485
237 358 439
98 101 137 149 180 272 359
121 269 435
14 15 84 144 228
51 201 491
57 61 91 190 252 362
66 70 358 371 407 416
24 31 53 113 286 340
92 158 467
69 171 242 349 403
27 46 101 291 304 388 414 417 419 478
139 200 393 410 492
60 302 309 369 411
61 90 238 326 370 389 447 466
75 136 148 228 340 361 382 480
127 233 332 361 499
15 83 101 114 131 248 396
15 304 382 462 497
98 220 274
53 134 390 481
65 163 202 255 342 395
16 94 113 249 325 348 479
99 393 442
30 230 236 324
56 361 401 404 481
236 290 356
19 64 475
45 76 148 289 495
40 66 256 365 382
61 95 245 465 498
389 500
67 266 268 382
39 143 155 315 337 367 487 495
42 56 168 210 313 341 377 393 441
124 264 305 339 390 432
120 174 266
8 107 141 192 377
68 178 447
169 489
44 81 280 334 386 458 475 482
11 18 99 208 255 307 341 464
19 38 57 290 338 370 393 414 454
121 150 218 295 336 344 433
219 372
118 146 201 334
8 37 213 277 324 436
180 333
326
97 103 362 373 431 485
72 325 444 488 499
37 118 156
72 252 290
334 413 445
12 43 120 154 205 417
70 248 280 421 481 482
31 77 100 212 228 241 401
46 112 120 137 313
31 107 189 241 301 386
88 92 287 449 481 485
114 459
207 418
80 304
43 54 216 485
5 200 358 450
7 85 119 123 148 149 230 271 281 317 452
106 112 179 273 459 472
29 266 384 443
57 125 165 180 212 293 482 484
56 102 392
83 114 149 191 283 306 387
75 228 340 363 370
109 140 233 362
52 57 78 89 136 369
112 254 366 369
19 22 248 249 365 380 391
165 168 237 243 324 420 459
47 152 267 339 402 429
193 290 304 306 440 480 497
55 79 179 262 305 362
1 34 157 298 435 490
51 143 177 332 335
53 340 410
2 17 62 83 93 114 152 164
17 415
326 439 478
29 81 144 250 372 385 412
24 37 56 138 140 162 192 393 422 459 467
36 162 411
176 246 307 366 395 491
17 19 122 194 435
65 267 306 320
111 177 200 241 445
18 257 358 366 404 478
158 168 261 286 377 424 471
25 121 139 164 227 349
66 117 125 149 187 252 273 398 438
79 251 302
27 38 126 174 213 305 384 492
267 311
24 131 286 366 466 473
7 360
142 226 333 378 395 454
425
55 94 142 334 380 393
19 170 235 280 476
43 45 216 419 425
125 211 271 387 471
59 87 166 215 232 257 270 279 387 468 494
97 144 170 178 279 280 345 426
49 66 206 216 316 347 472
368 391 408
278 301 311 317
32 139 148 180 200 281 353 384
140 175 236 260 436
14 97 113
153 197 268 298
127 180 402
59 73 86 198 264 448
129 175 483
36 224 277 379
11 89 95 158 187 223 377 472
19 52 93 288 344 382
132 193 302 333 427
103 427
18 156 182 298 379 443 459
295 345 425 462
113 158 352 472
115 154 179 302 397 460
7 66 98 313 367 471
55 275 346 479
63 198 296 378
50 73 273
44 53 110 184 204 295 385
41 53 93 224 397 417 447
9 61 136 239 400 488
23 209 219 279 312 414 415
30 356
20 67 173 206 243 321 359 368 434 449 463
181 205 372 378
90 249 261 266 340 470 473
61 128 162 219 223 326 473
51 142 154 231 334
152 175 285 347 429
81 117 263 294 371 381 384 442 473 479
247 278 337 405 469 500
106 158 196 250 269 306 477
70 188 387
143 167 199 292 374 376 442 459
219 224 369 476
30 56 97 111 325 469
74 96 314 435 439
39 60 114 229 291 358 416 419
177 179 237 267 341 463 494 497
65 77 344 383
89 483
19 51 72 81 227 286 305 329 425
115 200 219 409 475
10 350 429
355 475
17 74 118 145 212 251 274
151 162 231 272 290 356 423
134 200 295
64 70 204 280 333 393
161 204 248 256
163 227 269 389 469
15 42 95
7 17 145 149 162 256 331 406 460
24 351 367 378 416 439 480
70 107 225 291
12 43 52 74 82 94 207 266 463 475
84 129 171 274 309 417 422
63 206 270 444
50 242 254 332
165 288 321
186 232 244 305 370 450 488 489
147 149 283 300 378
169 399 490
13 62 72 142 436 456 473
40 287 431
81 134 162 331 385 420 488
92 130 197 287 357 401 406 412
164 237 391 431 432 469
117 252
69 137 174 318 331 341
8 100 162 272 335 396 440 490 495
301 411 437
176 302 384
212 230 313 421 435 498
241 271 306 369 433 459 497
78 148 311 316 346
63 83 238 331 346 414 497
7 104 193 410 446
87 136 155 359
62 289 291 350 476
6 244 302 381 384
7 152 283 324
101 341 426 466 471 493
152 155 330 399 466
144 371 468 476
139 172 342 380
124 247 286 303 337 389
488
74 90 134 399 444
170 212 258 319 476
175
184 199 309 369 444 480
13 156 319 321 479
7 51 147 180 194 246 307 341
170 322 377 436
